0.01785420999999999
0.010911219
0.0067318755
0.004502632199999999
0.0033663614
0.002442702599999999
0.0008486439499999999
-0.0022812266
-0.0077753646
-0.016407278
-0.02887920499999999
-0.04580752099999999
-0.06770967999999999
-0.094992236
-0.12793924
-0.16670023
-0.21127685
-0.2615075
-0.31704936
-0.37735784
-0.44166409
-0.50895195
-0.57793689
-0.6470503500000001
-0.71443428
-0.77795124
-0.8352161000000001
-0.8836551800000001
-0.9205973699999999
-0.9433993499999999
-0.9496032700000001
-0.93712029
-0.90442724
-0.85075839
-0.7762695
-0.6821497
-0.57065882
-0.44507392
-0.3095396599999999
-0.16882979
-0.028040506
0.10775257
0.2338363199999999
0.3461634
0.4415859099999999
0.51799934
0.57438993
0.6107917
0.62816919
0.62824829
0.61331922
0.58603375
0.54921455
0.50568849
0.45815062
0.40906034
0.36056821
0.31446944
0.2721795
0.23472722
0.2027615099999999
0.17656845
0.15609686
0.1409906
0.13062676
0.12415885
0.12056408
0.11869362
0.1173245
0.11521157
0.11113785
0.1039617
0.092659635
0.076363756
0.05439363499999999
0.02628280199999999
-0.0081994913
-0.04903027899999999
-0.095917687
-0.1482878099999999
-0.20527351
-0.26570586
-0.32810991
-0.3907079099999999
-0.45143392
-0.5079648599999999
-0.5577733
-0.59820666
-0.62659617
-0.64039571
-0.63734677
-0.61566044
-0.57420213
-0.5126597699999999
-0.43167334
-0.33290385
-0.2190237499999999
-0.093618711
0.038998357
0.17404748
0.30659143
0.43186238
0.54556983
0.64415738
0.72498401
0.78641716
0.8278370499999999
0.8495630300000001
0.8527203399999999
0.83906933
0.8108195200000001
0.77044776
0.72053464
0.6636285100000001
0.6021406200000001
0.53827148
0.47396506
0.41088612
0.35041522
0.29365601
0.2414503799999999
0.19439754
0.15287457
0.11705672
0.086936464
0.06234131999999999
0.042950531
0.02831116499999999