0.04137363999999999
0.01974559899999999
0.0025482779
-0.010831983
-0.021082637
-0.028947878
-0.03521138
-0.040678836
-0.046160525
-0.05245419
-0.060328603
-0.070508145
-0.083658663
-0.10037468
-0.12116789
-0.14645669
-0.1765562099999999
-0.21166835
-0.2518711
-0.2971065299999999
-0.34716702
-0.4016794
-0.46008735
-0.52163274
-0.5853375299999999
-0.64998828
-0.7141268300000001
-0.7760506
-0.8338275100000001
-0.88532989
-0.92829192
-0.96039348
-0.9793714
-0.98315562
-0.9700237
-0.9387628400000001
-0.88882396
-0.82044987
-0.7347581199999999
-0.6337618800000001
-0.5203169199999999
-0.3979915099999999
-0.27086573
-0.1432771599999999
-0.01953775699999999
0.096348438
0.20093715
0.29154048
0.36635154
0.42449068
0.46597671
0.49163476
0.50295763
0.50193957
0.49090019
0.4723138399999999
0.44865525
0.42226843
0.39526197
0.36943139
0.34620695
0.32662485
0.31131881
0.30052976
0.29413059
0.2916639899999999
0.29239055
0.2953447399999999
0.29939602
0.30331198
0.30582088
0.30567046
0.3016809799999999
0.29279044
0.27809127
0.25685825
0.22856861
0.1929157
0.14981837
0.09942832400000001
0.04213745199999999
-0.021413029
-0.09032098899999999
-0.16340955
-0.23921278
-0.3159640599999999
-0.39159204
-0.46373013
-0.52974673
-0.58680329
-0.63194641
-0.6622376700000001
-0.6749208000000001
-0.66762025
-0.63855813
-0.58677002
-0.51229415
-0.4163058699999999
-0.30117091
-0.17039764
-0.02848019799999999
0.11936043
0.26751494
0.410368
0.5426813799999999
0.65993447
0.7585862599999999
0.8362355400000001
0.89167166
0.9248233000000001
0.9366246
0.9288247699999999
0.9037695599999999
0.8641799300000001
0.81294836
0.75296607
0.68698796
0.61753636
0.54684045
0.47680586
0.40900767
0.34470013
0.2848371399999999
0.2300984
0.18091789
0.13751186
0.09990517900000001
0.067955256