-0.6634488
-0.4815762
-0.27907249
-0.063853978
0.15516861
0.36878873
0.56824225
0.74588658
0.8957335300000001
1.0137769
1.098093
1.1487296
1.167426899999999
1.1572298
1.1220568
1.066276599999999
0.99433577
0.9104602299999999
0.8184386699999999
0.7214865800000001
0.62217977
0.5224443699999999
0.42358876
0.32636478
0.23104751
0.1375259299999999
0.04539879499999999
-0.045927473
-0.1371407199999999
-0.22892566
-0.3218674
-0.41635617
-0.51249398
-0.61000486
-0.70815187
-0.80566584
-0.9006931200000001
-0.99077181
-1.072848199999999
-1.143345899999999
-1.198298899999999
-1.2335585
-1.2450729
-1.2292339
-1.1832651
-1.1056172
-0.99631963
-0.85723266
-0.69214655
-0.50668854
-0.30802452
-0.10437472
0.095604254
0.28349371
0.4517552
0.59425938
0.70664179
0.7864573400000001
0.83313923
0.84779531
0.8328932099999999
0.79189077
0.72886397
0.6481728900000001
0.5541914099999999
0.45111165
0.34282233
0.23285138
0.12435805
0.02015797299999999
-0.07723515800000001
-0.16556606
-0.24280418
-0.30712865
-0.3569368299999999
-0.3908779399999999
-0.40790915
-0.40736805
-0.38905209
-0.3532928699999999
-0.3010124
-0.23374869
-0.15364052
-0.063365637
0.033967607
0.134969
0.23614342
0.33407969
0.4256327699999999
0.5080818999999999
0.5792501900000001
0.63757675
0.6821380600000001
0.71262175
0.72926012
0.73273443
0.72406187
0.70447693
0.6753173399999999
0.6379221099999999
0.59354696
0.54329978
0.48809685
0.4286391499999999
0.36540707
0.29867162
0.22851988
0.15489302
0.077635081
-0.003448522
-0.088523899
-0.17765393
-0.27071703
-0.36732119
-0.4667162799999999
-0.5677088799999999
-0.66858635
-0.76705905
-0.86023234
-0.94462219
-1.016229
-1.070683499999999
-1.103473699999999
-1.1102538
-1.0872249
-1.031557899999999
-0.9418189699999999
-0.8183363