0.19365675
0.14881165
0.10992428
0.076982096
0.049785285
0.027968182
0.011019702
-0.0016965357
-0.010921879
-0.01748172
-0.02226381599999999
-0.02619590399999999
-0.03022290299999999
-0.03528413099999999
-0.042291026
-0.052105838
-0.065521646
-0.083243809
-0.10587278
-0.13388786
-0.16763135
-0.2072922999999999
-0.252889
-0.3042497399999999
-0.36099118
-0.42249482
-0.4878822099999999
-0.5559910799999999
-0.62535515
-0.69419224
-0.7604057
-0.8216058
-0.87515743
-0.91825995
-0.9480634500000001
-0.9618217599999999
-0.9570781200000001
-0.9318732
-0.8849583600000001
-0.81599153
-0.72568929
-0.6159085700000001
-0.48963649
-0.35087625
-0.2044304
-0.055598035
0.090183985
0.22771639
0.3523872
0.4604579099999999
0.5492586099999999
0.61727891
0.66415603
0.6905744099999999
0.69809947
0.6889720299999999
0.66588898
0.63179162
0.5896770599999999
0.54244194
0.49276147
0.4430031999999999
0.39517145
0.35087741
0.31132955
0.27733946
0.24933944
0.2274086699999999
0.21130634
0.20050997
0.19425831
0.1915975
0.19142966
0.19256252
0.19375864
0.19378262
0.19144473
0.18563966
0.17537959
0.1598209999999999
0.1382857
0.11027668
0.075490287
0.03382612499999999
-0.014603389
-0.06946244799999999
-0.13017912
-0.19593012
-0.2656237599999999
-0.33788309
-0.41103229
-0.48309127
-0.5517841399999999
-0.61456842
-0.66869169
-0.71128162
-0.73947271
-0.75056934
-0.74223919
-0.71272473
-0.66105376
-0.5872247299999999
-0.49233972
-0.37865939
-0.24956075
-0.1093893599999999
0.036787918
0.18350849
0.32528402
0.45697358
0.5741179500000001
0.6731997899999999
0.7518063299999999
0.80868619
0.8437065600000001
0.85772879
0.85242714
0.83007804
0.79334475
0.74507737
0.68814158
0.62528321
0.55903002
0.491628
0.42500711
0.36076989
0.30019682
0.24426227