0.081864079
0.085265036
0.08366583000000001
0.076541466
0.06347461699999999
0.044159137
0.018402332
-0.013872803
-0.052624043
-0.09768386299999999
-0.1487498
-0.20537061
-0.26692811
-0.33261529
-0.4014121
-0.4720614699999999
-0.54304886
-0.61259015
-0.6786331900000001
-0.73887919
-0.79083
-0.8318663000000001
-0.85935987
-0.87081942
-0.8640649599999999
-0.8374199199999999
-0.7899045
-0.7214088300000001
-0.63282175
-0.526092
-0.4042035699999999
-0.2710561699999999
-0.1312542
0.01017906999999999
0.1481335199999999
0.27775452
0.39475755
0.4956819399999999
0.57806008
0.64049147
0.68262384
0.70505498
0.70917603
0.69698039
0.67086111
0.63341637
0.5872768299999999
0.5349632899999999
0.47877793
0.42072818
0.36248027
0.30533744
0.25023812
0.19776923
0.14819082
0.1014689699999999
0.057314805
0.015228083
-0.025455497
-0.06551393599999999
-0.10578593
-0.14711556
-0.19029506
-0.23600617
-0.2847605999999999
-0.33684071
-0.39224153
-0.45061616
-0.51122727
-0.5729085099999999
-0.6340407599999999
-0.69254954
-0.74593079
-0.79131245
-0.82555877
-0.8454215899999999
-0.8477388400000001
-0.82967389
-0.78898162
-0.72427842
-0.63528589
-0.52301393
-0.3898494599999999
-0.23952474
-0.076952798
0.092063872
0.2612254099999999
0.42418461
0.57500181
0.7085508800000001
0.8208311999999999
0.90915648
0.97221131
1.0099851
1.0236076
1.01512
0.9872148499999999
0.9429778
0.8856535600000001
0.8184525799999999
0.74440477
0.66626072
0.5864355399999999
0.50698792
0.42962557
0.35572872
0.28638391
0.22242206
0.16445612
0.11291509
0.06807244899999999
0.030068357
-0.0010746288
-0.02544141499999999
-0.04321881999999999
-0.054693161
-0.060249433
-0.06037057299999999
-0.05563540399999999
-0.04671411699999999
-0.034360506
-0.019400542
-0.0027173454
0.014767021
0.032112109
0.048380938
0.062661939
0.074089788