       0.44205516       0.32724286       0.32518189
       0.44252194       0.32763904       0.32503954
       0.44309139       0.32802332       0.32493588
       0.44375334       0.32838923       0.32486474
       0.44449759       0.32872996       0.32481969
       0.44531384       0.32903837       0.32479398
       0.44619170       0.32930695       0.32478066
       0.44712068       0.32952780       0.32477246
       0.44809012       0.32969257       0.32476174
       0.44908923       0.32979240       0.32474039
       0.45010709       0.32981783       0.32469973
       0.45113259       0.32975878       0.32463031
       0.45215456       0.32960446       0.32452179
       0.45316172       0.32934331       0.32436278
       0.45414283       0.32896298       0.32414068
       0.45508673       0.32845025       0.32384148
       0.45598250       0.32779110       0.32344966
       0.45681961       0.32697065       0.32294799
       0.45758807       0.32597326       0.32231745
       0.45827871       0.32478256       0.32153708
       0.45888341       0.32338161       0.32058396
       0.45939540       0.32175305       0.31943311
       0.45980960       0.31987930       0.31805755
       0.46012304       0.31774289       0.31642835
       0.46033524       0.31532679       0.31451475
       0.46044872       0.31261490       0.31228447
       0.46046949       0.30959256       0.30970402
       0.46040762       0.30624724       0.30673919
       0.46027780       0.30256934       0.30335582
       0.46009992       0.29855315       0.29952065
       0.45989969       0.29419791       0.29520252
       0.45970915       0.28950908       0.29037390
       0.45956717       0.28449979       0.28501278
       0.45951980       0.27919237       0.27910496
       0.45962046       0.27362010       0.27264687
       0.45992982       0.26782892       0.26564884
       0.46051542       0.26187920       0.25813893
       0.46145071       0.25584737       0.25016709
       0.46281357       0.24982725       0.24180967
       0.46468421       0.24393080       0.23317396
       0.46714211       0.23828816       0.22440230
       0.47026228       0.23304655       0.21567541
       0.47411054       0.22836773       0.20721394
       0.47873810       0.22442378       0.19927768
       0.48417555       0.22139087       0.19216134
       0.49042670       0.21944101       0.18618612
       0.49746266       0.21873200       0.18168640
       0.50521704       0.21939588       0.17899160
       0.51358272       0.22152695       0.17840351
       0.52241123       0.22517030       0.18017093
       0.53151506       0.23031236       0.18446374
       0.54067351       0.23687490       0.19134971
       0.54964176       0.24471374       0.20077743
       0.55816278       0.25362289       0.21256856
       0.56598109       0.26334428       0.22642147
       0.57285704       0.27358221       0.24192674
       0.57858007       0.28402120       0.25859334
       0.58297978       0.29434521       0.27588223
       0.58593356       0.30425607       0.29324333
       0.58737043       0.31348925       0.31015127
       0.58727088       0.32182557       0.32613595
       0.58566324       0.32909820       0.34080521
       0.58261739       0.33519481       0.35385807
       0.57823671       0.34005567       0.36508899
       0.57264933       0.34366846       0.37438416
       0.56599940       0.34606100       0.38171199
       0.55843912       0.34729297       0.38710994
       0.55012199       0.34744752       0.39066960
       0.54119731       0.34662339       0.39252190
       0.53180615       0.34492809       0.39282349
       0.52207856       0.34247220       0.39174495
       0.51213194       0.33936498       0.38946132
       0.50207032       0.33571113       0.38614484
       0.49198428       0.33160858       0.38195967
       0.48195147       0.32714713       0.37705852
       0.47203742       0.32240780       0.37158056
       0.46229656       0.31746265       0.36565054
       0.45277335       0.31237496       0.35937872
       0.44350343       0.30719975       0.35286135
       0.43451475       0.30198430       0.34618151
       0.42582860       0.29676889       0.33941019
       0.41746060       0.29158748       0.33260748
       0.40942157       0.28646841       0.32582375
       0.40171829       0.28143511       0.31910082
       0.39435417       0.27650664       0.31247303
       0.38732985       0.27169833       0.30596827
       0.38064371       0.26702226       0.29960885
       0.37429225       0.26248771       0.29341234
       0.36827053       0.25810157       0.28739221
       0.36257240       0.25386868       0.28155854
       0.35719079       0.24979212       0.27591847
       0.35211793       0.24587350       0.27047667
       0.34734551       0.24211317       0.26523579
       0.34286483       0.23851041       0.26019670
       0.33866693       0.23506358       0.25535885
       0.33474268       0.23177032       0.25072048
       0.33108287       0.22862759       0.24627880
       0.32767827       0.22563187       0.24203020
       0.32451968       0.22277915       0.23797037
       0.32159801       0.22006510       0.23409444
       0.31890427       0.21748506       0.23039705
       0.31642964       0.21503415       0.22687247
       0.31416548       0.21270731       0.22351466
       0.31210335       0.21049934       0.22031734
       0.31023505       0.20840495       0.21727403
       0.30855261       0.20641879       0.21437814
       0.30704833       0.20453548       0.21162294
       0.30571478       0.20274969       0.20900168
       0.30454482       0.20105610       0.20650759
       0.30353160       0.19944948       0.20413390
       0.30266860       0.19792472       0.20187391
       0.30194962       0.19647685       0.19972099
       0.30136878       0.19510105       0.19766864
       0.30092056       0.19379273       0.19571052
       0.30059979       0.19254753       0.19384047
       0.30040165       0.19136135       0.19205258
       0.30032171       0.19023040       0.19034120
       0.30035589       0.18915121       0.18870099
       0.30050050       0.18812069       0.18712699
       0.30075222       0.18713616       0.18561463
       0.30110810       0.18619537       0.18415980
       0.30156557       0.18529652       0.18275892
       0.30212241       0.18443835       0.18140894
       0.30277673       0.18362010       0.18010746
       0.30352698       0.18284158       0.17885274
       0.30437189       0.18210319       0.17764377
       0.30531046       0.18140593       0.17648035
       0.30634192       0.18075141       0.17536310
       0.30746566       0.18014189       0.17429352
       0.30868118       0.17958023       0.17327406
       0.30998806       0.17906991       0.17230812
       0.31138583       0.17861502       0.17140010
       0.31287392       0.17822018       0.17055537
       0.31445158       0.17789053       0.16978031
       0.31611774       0.17763167       0.16908225
       0.31787094       0.17744953       0.16846943
       0.31970919       0.17735032       0.16795090
       0.32162990       0.17734038       0.16753645
       0.32362972       0.17742608       0.16723644
       0.32570442       0.17761363       0.16706165
       0.32784883       0.17790891       0.16702306
       0.33005673       0.17831735       0.16713159
       0.33232073       0.17884365       0.16739788
       0.33463223       0.17949166       0.16783195
       0.33698138       0.18026415       0.16844290
       0.33935709       0.18116264       0.16923856
       0.34174697       0.18218722       0.17022518
       0.34413747       0.18333637       0.17140710
       0.34651390       0.18460690       0.17278641
       0.34886058       0.18599380       0.17436271
       0.35116099       0.18749024       0.17613288
       0.35339799       0.18908750       0.17809090
       0.35555400       0.19077511       0.18022776
       0.35761128       0.19254087       0.18253145
       0.35955219       0.19437102       0.18498701
       0.36135946       0.19625045       0.18757671
       0.36301651       0.19816293       0.19028031
       0.36450767       0.20009137       0.19307533
       0.36581850       0.20201812       0.19593748
       0.36693600       0.20392530       0.19884112
       0.36784881       0.20579510       0.20175970
       0.36854740       0.20761012       0.20466635
       0.36902419       0.20935364       0.20753431
       0.36927366       0.21100992       0.21033750
       0.36929235       0.21256442       0.21305095
       0.36907889       0.21400402       0.21565124
       0.36863394       0.21531720       0.21811684
       0.36796010       0.21649410       0.22042847
       0.36706181       0.21752665       0.22256924
       0.36594518       0.21840856       0.22452486
       0.36461784       0.21913533       0.22628373
       0.36308875       0.21970416       0.22783689
       0.36136799       0.22011393       0.22917802
       0.35946659       0.22036503       0.23030336
       0.35739632       0.22045929       0.23121148
       0.35516950       0.22039978       0.23190317
       0.35279881       0.22019071       0.23238123
       0.35029715       0.21983725       0.23265021
       0.34767746       0.21934537       0.23271618
       0.34495258       0.21872172       0.23258655
       0.34213517       0.21797345       0.23226979
       0.33923755       0.21710810       0.23177522
       0.33627167       0.21613348       0.23111283
       0.33324898       0.21505752       0.23029304
       0.33018043       0.21388824       0.22932660
       0.32707641       0.21263358       0.22822437
       0.32394667       0.21130140       0.22699725
       0.32080041       0.20989936       0.22565598
       0.31764616       0.20843493       0.22421115
       0.31449184       0.20691526       0.22267303
       0.31134477       0.20534725       0.22105153
       0.30821165       0.20373743       0.21935620
       0.30509860       0.20209201       0.21759610
       0.30201117       0.20041685       0.21577987
       0.29895437       0.19871744       0.21391563
       0.29593271       0.19699891       0.21201102
       0.29295019       0.19526604       0.21007318
       0.29001037       0.19352325       0.20810877
       0.28711638       0.19177463       0.20612395
       0.28427092       0.19002394       0.20412442
       0.28147634       0.18827461       0.20211542
       0.27873465       0.18652979       0.20010176
       0.27604752       0.18479233       0.19808780
       0.27341635       0.18306479       0.19607754
       0.27084224       0.18134951       0.19407458
       0.26832606       0.17964856       0.19208217
       0.26586848       0.17796380       0.19010322
       0.26346992       0.17629687       0.18814035
       0.26113067       0.17464923       0.18619585
       0.25885082       0.17302214       0.18427176
       0.25663033       0.17141672       0.18236988
       0.25446904       0.16983391       0.18049175
       0.25236666       0.16827454       0.17863872
       0.25032281       0.16673929       0.17681193
       0.24833703       0.16522874       0.17501233
       0.24640878       0.16374338       0.17324074
       0.24453749       0.16228358       0.17149780
       0.24272250       0.16084966       0.16978403
       0.24096315       0.15944186       0.16809983
       0.23925872       0.15806036       0.16644549
       0.23760851       0.15670528       0.16482120
       0.23601177       0.15537673       0.16322708
       0.23446780       0.15407475       0.16166317
       0.23297585       0.15279938       0.16012945
       0.23153523       0.15155063       0.15862584
       0.23014525       0.15032853       0.15715223
       0.22880525       0.14913306       0.15570848
       0.22751460       0.14796425       0.15429441
       0.22627273       0.14682212       0.15290985
       0.22507908       0.14570671       0.15155459
       0.22393317       0.14461808       0.15022845
       0.22283455       0.14355634       0.14893124
       0.22178285       0.14252160       0.14766280
       0.22077775       0.14151406       0.14642297
       0.21981899       0.14053391       0.14521164
       0.21890640       0.13958144       0.14402872
       0.21803985       0.13865696       0.14287417
       0.21721932       0.13776086       0.14174800
       0.21644484       0.13689358       0.14065026
       0.21571653       0.13605565       0.13958106
       0.21503458       0.13524763       0.13854060
       0.21439928       0.13447020       0.13752912
       0.21381099       0.13372408       0.13654695
       0.21327015       0.13301010       0.13559449
       0.21277729       0.13232915       0.13467224
       0.21233300       0.13168222       0.13378076
       0.21193799       0.13107036       0.13292073
       0.21159301       0.13049472       0.13209292
       0.21129890       0.12995656       0.13129818
       0.21105658       0.12945718       0.13053750
       0.21086703       0.12899799       0.12981193
       0.21073129       0.12858049       0.12912265
       0.21065047       0.12820624       0.12847096
       0.21062574       0.12787690       0.12785823
       0.21065830       0.12759419       0.12728598
       0.21074941       0.12735991       0.12675579
       0.21090035       0.12717591       0.12626940
       0.21111244       0.12704412       0.12582860
       0.21138700       0.12696651       0.12543532
       0.21172537       0.12694509       0.12509156
       0.21212887       0.12698193       0.12479941
       0.21259884       0.12707910       0.12456105
       0.21313656       0.12723869       0.12437874
       0.21374329       0.12746281       0.12425479
       0.21442023       0.12775355       0.12419156
       0.21516853       0.12811297       0.12419148
       0.21598926       0.12854311       0.12425698
       0.21688340       0.12904596       0.12439052
       0.21785183       0.12962344       0.12459455
       0.21889533       0.13027737       0.12487151
       0.22001452       0.13100950       0.12522380
       0.22120991       0.13182145       0.12565376
       0.22248186       0.13271469       0.12616367
       0.22383054       0.13369058       0.12675569
       0.22525599       0.13475027       0.12743187
       0.22675804       0.13589475       0.12819413
       0.22833633       0.13712480       0.12904419
       0.22999031       0.13844098       0.12998363
       0.23171925       0.13984361       0.13101378
       0.23352217       0.14133280       0.13213575
       0.23539794       0.14290835       0.13335041
       0.23734517       0.14456983       0.13465832
       0.23936231       0.14631651       0.13605979
       0.24144758       0.14814739       0.13755478
       0.24359902       0.15006117       0.13914295
       0.24581449       0.15205627       0.14082361
       0.24809166       0.15413079       0.14259574
       0.25042805       0.15628258       0.14445795
       0.25282102       0.15850919       0.14640849
       0.25526781       0.16080789       0.14844527
       0.25776553       0.16317570       0.15056584
       0.26031119       0.16560938       0.15276741
       0.26290174       0.16810547       0.15504687
       0.26553405       0.17066029       0.15740078
       0.26820496       0.17326997       0.15982541
       0.27091130       0.17593047       0.16231677
       0.27364988       0.17863761       0.16487062
       0.27641756       0.18138709       0.16748250
       0.27921121       0.18417453       0.17014778
       0.28202777       0.18699546       0.17286168
       0.28486426       0.18984540       0.17561931
       0.28771779       0.19271987       0.17841572
       0.29058555       0.19561438       0.18124591
       0.29346485       0.19852452       0.18410490
       0.29635311       0.20144593       0.18698776
       0.29924787       0.20437435       0.18988962
       0.30214680       0.20730564       0.19280574
       0.30504768       0.21023580       0.19573155
       0.30794838       0.21316095       0.19866263
       0.31084692       0.21607740       0.20159479
       0.31374137       0.21898162       0.20452406
       0.31662991       0.22187028       0.20744674
       0.31951076       0.22474019       0.21035938
       0.32238222       0.22758836       0.21325881
       0.32524258       0.23041199       0.21614217
       0.32809014       0.23320843       0.21900685
       0.33092318       0.23597517       0.22185054
       0.33373994       0.23870988       0.22467120
       0.33653856       0.24141033       0.22746705
       0.33931711       0.24407439       0.23023655
       0.34207351       0.24670003       0.23297838
       0.34480552       0.24928525       0.23569140
       0.34751072       0.25182809       0.23837462
       0.35018649       0.25432660       0.24102721
       0.35282997       0.25677879       0.24364837
       0.35543805       0.25918258       0.24623737
       0.35800735       0.26153583       0.24879347
       0.36053418       0.26383626       0.25131587
       0.36301457       0.26608141       0.25380367
       0.36544422       0.26826865       0.25625582
       0.36781851       0.27039510       0.25867107
       0.37013252       0.27245764       0.26104789
       0.37238098       0.27445285       0.26338448
       0.37455832       0.27637702       0.26567865
       0.37665866       0.27822607       0.26792781
       0.37867584       0.27999560       0.27012894
       0.38060343       0.28168080       0.27227849
       0.38243477       0.28327649       0.27437238
       0.38416299       0.28477707       0.27640597
       0.38578106       0.28617653       0.27837397
       0.38728180       0.28746846       0.28027047
       0.38865800       0.28864601       0.28208887
       0.38990237       0.28970195       0.28382188
       0.39100772       0.29062860       0.28546151
       0.39196693       0.29141795       0.28699900
       0.39277306       0.29206157       0.28842488
       0.39341942       0.29255072       0.28972894
       0.39389967       0.29287632       0.29090019
       0.39420789       0.29302903       0.29192693
       0.39433867       0.29299925       0.29279671
       0.39428725       0.29277721       0.29349635
       0.39404959       0.29235300       0.29401197
       0.39362249       0.29171661       0.29432901
       0.39300376       0.29085806       0.29443223
       0.39219231       0.28976746       0.29430577
       0.39118832       0.28843506       0.29393319
       0.38999340       0.28685145       0.29329751
       0.38861076       0.28500761       0.29238127
       0.38704538       0.28289511       0.29116661
       0.38530424       0.28050626       0.28963539
       0.38339653       0.27783432       0.28776929
       0.38133387       0.27487375       0.28554998
       0.37913054       0.27162049       0.28295935
       0.37680381       0.26807226       0.27997972
       0.37437413       0.26422898       0.27659423
       0.37186546       0.26009316       0.27278722
       0.36930554       0.25567044       0.26854477
       0.36672613       0.25097015       0.26385536
       0.36416330       0.24600595       0.25871066
       0.36165761       0.24079655       0.25310651
       0.35925425       0.23536650       0.24704410
       0.35700307       0.22974702       0.24053137
       0.35495854       0.22397687       0.23358463
       0.35317942       0.21810323       0.22623040
       0.35172836       0.21218250       0.21850751
       0.35067106       0.20628103       0.21046927
       0.35007525       0.20047559       0.20218581
       0.35000915       0.19485353       0.19374627
       0.35053963       0.18951258       0.18526079
       0.35172980       0.18455993       0.17686193
       0.35363622       0.18011064       0.16870526
       0.35630568       0.17628524       0.16096870
       0.35977169       0.17320623       0.15385019
       0.36405085       0.17099363       0.14756344
       0.36913930       0.16975965       0.14233122
       0.37500958       0.16960243       0.13837634
       0.38160828       0.17059949       0.13591025
       0.38885479       0.17280113       0.13511995
       0.39664158       0.17622451       0.13615394
       0.40483610       0.18084906       0.13910856
       0.41328467       0.18661381       0.14401613
       0.42181801       0.19341734       0.15083655
       0.43025830       0.20112046       0.15945373
       0.43842726       0.20955185       0.16967765
       0.44615456       0.21851605       0.18125253
       0.45328582       0.22780348       0.19387030
       0.45968961       0.23720121       0.20718838
       0.46526280       0.24650371       0.22084969
       0.46993387       0.25552260       0.23450301
       0.47366410       0.26409444       0.24782150
       0.47644670       0.27208630       0.26051798
       0.47830411       0.27939863       0.27235569
       0.47928406       0.28596580       0.28315436
       0.47945465       0.29175446       0.29279162
       0.47889917       0.29676029       0.30120053
       0.47771086       0.30100364       0.30836410
       0.47598811       0.30452464       0.31430783
       0.47383025       0.30737816       0.31909132
       0.47133403       0.30962903       0.32279961
       0.46859095       0.31134781       0.32553511
       0.46568529       0.31260707       0.32741030
       0.46269278       0.31347850       0.32854162
       0.45967997       0.31403059       0.32904453
       0.45670395       0.31432703       0.32902974
       0.45381257       0.31442557       0.32860049
       0.45104481       0.31437747       0.32785079
       0.44843145       0.31422719       0.32686441
       0.44599579       0.31401246       0.32571445
       0.44375446       0.31376453       0.32446342
       0.44171825       0.31350857       0.32316366
       0.43989293       0.31326418       0.32185796
       0.43827998       0.31304593       0.32058036
       0.43687736       0.31286394       0.31935704
       0.43568012       0.31272447       0.31820721
       0.43468100       0.31263042       0.31714402
       0.43387093       0.31258188       0.31617541
       0.43323949       0.31257658       0.31530493
       0.43277526       0.31261034       0.31453251
       0.43246615       0.31267739       0.31385506
       0.43229965       0.31277074       0.31326712
       0.43226303       0.31288242       0.31276136
       0.43234353       0.31300371       0.31232897
       0.43252845       0.31312533       0.31196006
       0.43280525       0.31323757       0.31164395
       0.43316161       0.31333040       0.31136934
       0.43358549       0.31339354       0.31112453
       0.43406515       0.31341651       0.31089751
       0.43458914       0.31338864       0.31067599
       0.43514636       0.31329907       0.31044747
       0.43572605       0.31313679       0.31019917
       0.43631779       0.31289055       0.30991803
       0.43691157       0.31254890       0.30959061
       0.43749776       0.31210012       0.30920298
       0.43806723       0.31153223       0.30874068
       0.43861136       0.31083298       0.30818857
       0.43912218       0.30998983       0.30753072
       0.43959245       0.30899002       0.30675030
       0.44001582       0.30782056       0.30582953
       0.44038697       0.30646837       0.30474957
       0.44070187       0.30492034       0.30349048
       0.44095797       0.30316354       0.30203122
       0.44115446       0.30118539       0.30034972
       0.44129261       0.29897396       0.29842294
       0.44137607       0.29651829       0.29622706
       0.44141125       0.29380881       0.29373780
       0.44140771       0.29083785       0.29093076
       0.44137856       0.28760026       0.28778201
       0.44134086       0.28409407       0.28426875
       0.44131603       0.28032132       0.28037026
       0.44133025       0.27628903       0.27606904
       0.44141472       0.27201017       0.27135219
       0.44160591       0.26750485       0.26621319
       0.44194565       0.26280149       0.26065385
       0.44248096       0.25793809       0.25468675
       0.44326374       0.25296341       0.24833785
       0.44435003       0.24793807       0.24164942
       0.44579890       0.24293549       0.23468315
       0.44767092       0.23804228       0.22752317
       0.45002598       0.23335832       0.22027879
       0.45292066       0.22899591       0.21308671
       0.45640492       0.22507808       0.20611207
       0.46051831       0.22173572       0.19954793
       0.46528583       0.21910346       0.19361266
       0.47071352       0.21731419       0.18854464
       0.47678428       0.21649231       0.18459389
       0.48345416       0.21674597       0.18201047
       0.49064970       0.21815876       0.18102997
       0.49826671       0.22078147       0.18185671
       0.50617102       0.22462484       0.18464606
       0.51420136       0.22965409       0.18948747
       0.52217463       0.23578623       0.19639049
       0.52989319       0.24289066       0.20527571
       0.53715390       0.25079355       0.21597237
       0.54375809       0.25928571       0.22822359
       0.54952156       0.26813343       0.24169928
       0.55428375       0.27709121       0.25601532
       0.55791521       0.28591520       0.27075731
       0.56032277       0.29437585       0.28550587
       0.56145199       0.30226881       0.29986100
       0.56128712       0.30942307       0.31346292
       0.55984853       0.31570594       0.32600772
       0.55718842       0.32102492       0.33725704
       0.55338521       0.32532669       0.34704173
       0.54853733       0.32859391       0.35526020
       0.54275696       0.33084044       0.36187273
       0.53616419       0.33210565       0.36689289
       0.52888179       0.33244853       0.37037761
       0.52103096       0.33194197       0.37241681
       0.51272800       0.33066766       0.37312354
       0.50408185       0.32871163       0.37262523
       0.49519252       0.32616072       0.37105626
       0.48615015       0.32309976       0.36855200
       0.47703467       0.31960963       0.36524436
       0.46791594       0.31576581       0.36125850
       0.45885412       0.31163763       0.35671075
       0.44990031       0.30728781       0.35170738
       0.44109729       0.30277242       0.34634402
       0.43248032       0.29814102       0.34070571
       0.42407801       0.29343699       0.33486719
       0.41591305       0.28869795       0.32889351
       0.40800305       0.28395623       0.32284077
       0.40036120       0.27923935       0.31675693
       0.39299688       0.27457055       0.31068263
       0.38591631       0.26996927       0.30465199
       0.37912297       0.26545154       0.29869342
       0.37261811       0.26103046       0.29283030
       0.36640109       0.25671654       0.28708165
       0.36046972       0.25251804       0.28146270
       0.35482057       0.24844130       0.27598544
       0.34944916       0.24449095       0.27065907
       0.34435024       0.24067020       0.26549040
       0.33951788       0.23698101       0.26048420
       0.33494567       0.23342427       0.25564351
       0.33062684       0.22999999       0.25096991
       0.32655434       0.22670739       0.24646374
       0.32272095       0.22354504       0.24212428
       0.31911932       0.22051096       0.23794995
       0.31574206       0.21760270       0.23393842
       0.31258179       0.21481744       0.23008675
       0.30963116       0.21215201       0.22639148
       0.30688291       0.20960301       0.22284874
       0.30432986       0.20716681       0.21945430
       0.30196499       0.20483961       0.21620366
       0.29978141       0.20261751       0.21309210
       0.29777241       0.20049650       0.21011473
       0.29593147       0.19847252       0.20726652
       0.29425227       0.19654149       0.20454235
       0.29272870       0.19469934       0.20193706
       0.29135486       0.19294204       0.19944548
       0.29012510       0.19126560       0.19706242
       0.28903402       0.18966611       0.19478275
       0.28807645       0.18813981       0.19260141
       0.28724750       0.18668303       0.19051344
       0.28654252       0.18529227       0.18851399
       0.28595716       0.18396423       0.18659838
       0.28548732       0.18269580       0.18476213
       0.28512920       0.18148411       0.18300093
       0.28487928       0.18032652       0.18131076
       0.28473431       0.17922070       0.17968786
       0.28469133       0.17816461       0.17812880
       0.28474767       0.17715654       0.17663047
       0.28490090       0.17619512       0.17519018
       0.28514888       0.17527936       0.17380565
       0.28548972       0.17440865       0.17247505
       0.28592175       0.17358280       0.17119706
       0.28644352       0.17280202       0.16997090
       0.28705378       0.17206698       0.16879635
       0.28775142       0.17137877       0.16767379
       0.28853547       0.17073895       0.16660425
       0.28940503       0.17014948       0.16558941
       0.29035925       0.16961280       0.16463163
       0.29139725       0.16913171       0.16373394
       0.29251809       0.16870943       0.16290008
       0.29372068       0.16834953       0.16213446
       0.29500374       0.16805587       0.16144216
       0.29636570       0.16783257       0.16082886
       0.29780464       0.16768392       0.16030082
       0.29931821       0.16761432       0.15986479
       0.30090355       0.16762817       0.15952792
       0.30255722       0.16772979       0.15929764
       0.30427510       0.16792330       0.15918153
       0.30605237       0.16821248       0.15918719
       0.30788340       0.16860069       0.15932202
       0.30976175       0.16909071       0.15959306
       0.31168008       0.16968459       0.16000680
       0.31363020       0.17038359       0.16056892
       0.31560300       0.17118799       0.16128410
       0.31758853       0.17209703       0.16215582
       0.31957600       0.17310879       0.16318610
       0.32155388       0.17422015       0.16437538
       0.32350998       0.17542669       0.16572228
       0.32543156       0.17672271       0.16722350
       0.32730546       0.17810121       0.16887375
       0.32911827       0.17955396       0.17066565
       0.33085651       0.18107153       0.17258975
       0.33250677       0.18264343       0.17463459
       0.33405594       0.18425821       0.17678680
       0.33549141       0.18590363       0.17903125
       0.33680122       0.18756686       0.18135130
       0.33797425       0.18923463       0.18372899
       0.33900044       0.19089349       0.18614539
       0.33987085       0.19253000       0.18858088
       0.34057787       0.19413094       0.19101551
       0.34111526       0.19568353       0.19342933
       0.34147826       0.19717560       0.19580271
       0.34166361       0.19859580       0.19811670
       0.34166957       0.19993372       0.20035329
       0.34149592       0.20118002       0.20249569
       0.34114390       0.20232655       0.20452858
       0.34061613       0.20336638       0.20643824
       0.33991656       0.20429390       0.20821272
       0.33905036       0.20510475       0.20984195
       0.33802376       0.20579587       0.21131773
       0.33684397       0.20636546       0.21263380
       0.33551900       0.20681289       0.21378575
       0.33405758       0.20713863       0.21477099
       0.33246895       0.20734421       0.21558862
       0.33076279       0.20743204       0.21623934
       0.32894906       0.20740541       0.21672531
       0.32703788       0.20726828       0.21704997
       0.32503942       0.20702526       0.21721791
       0.32296381       0.20668143       0.21723471
       0.32082102       0.20624230       0.21710679
       0.31862082       0.20571366       0.21684122
       0.31637268       0.20510155       0.21644563
       0.31408574       0.20441211       0.21592802
       0.31176873       0.20365154       0.21529668
       0.30942994       0.20282605       0.21456004
       0.30707722       0.20194176       0.21372658
       0.30471793       0.20100468       0.21280475
       0.30235894       0.20002064       0.21180290
       0.30000661       0.19899528       0.21072916
       0.29766681       0.19793401       0.20959146
       0.29534489       0.19684196       0.20839741
       0.29304572       0.19572402       0.20715433
       0.29077370       0.19458476       0.20586916
       0.28853275       0.19342847       0.20454848
       0.28632635       0.19225914       0.20319850
       0.28415752       0.19108043       0.20182500
       0.28202890       0.18989573       0.20043338
       0.27994272       0.18870810       0.19902864
       0.27790083       0.18752032       0.19761536
       0.27590474       0.18633488       0.19619776
       0.27395562       0.18515398       0.19477965
       0.27205433       0.18397957       0.19336447
       0.27020143       0.18281332       0.19195530
       0.26839722       0.18165664       0.19055489
       0.26664174       0.18051074       0.18916562
       0.26493482       0.17937657       0.18778956
       0.26327603       0.17825487       0.18642850
       0.26166480       0.17714618       0.18508391
       0.26010033       0.17605087       0.18375697
       0.25858170       0.17496909       0.18244864
       0.25710781       0.17390085       0.18115959
       0.25567747       0.17284600       0.17989029
       0.25428935       0.17180425       0.17864096
       0.25294201       0.17077517       0.17741164
       0.25163396       0.16975821       0.17620216
       0.25036362       0.16875272       0.17501217
       0.24912936       0.16775795       0.17384117
       0.24792951       0.16677304       0.17268850
       0.24676235       0.16579710       0.17155334
       0.24562618       0.16482913       0.17043478
       0.24451927       0.16386811       0.16933174
       0.24343992       0.16291297       0.16824309
       0.24238643       0.16196258       0.16716757
       0.24135715       0.16101584       0.16610385
       0.24035047       0.16007160       0.16505052
       0.23936485       0.15912874       0.16400614
       0.23839881       0.15818613       0.16296918
       0.23745096       0.15724268       0.16193811
       0.23652000       0.15629734       0.16091137
       0.23560475       0.15534909       0.15988736
       0.23470414       0.15439699       0.15886453
       0.23381723       0.15344017       0.15784129
       0.23294324       0.15247784       0.15681613
       0.23208152       0.15150931       0.15578753
       0.23123161       0.15053399       0.15475406
       0.23039321       0.14955145       0.15371433
       0.22956624       0.14856136       0.15266706
       0.22875079       0.14756355       0.15161105
       0.22794717       0.14655805       0.15054521
       0.22715593       0.14554503       0.14946859
       0.22637783       0.14452486       0.14838039
       0.22561389       0.14349816       0.14727996
       0.22486536       0.14246572       0.14616684
       0.22413378       0.14142860       0.14504079
       0.22342092       0.14038812       0.14390176
       0.22272884       0.13934584       0.14274997
       0.22205989       0.13830364       0.14158588
       0.22141666       0.13726367       0.14041026
       0.22080207       0.13622839       0.13922417
       0.22021926       0.13520060       0.13802899
       0.21967171       0.13418340       0.13682647
       0.21916314       0.13318026       0.13561871
       0.21869752       0.13219499       0.13440822
       0.21827912       0.13123175       0.13319790
       0.21791243       0.13029507       0.13199110
       0.21760216       0.12938983       0.13079159
       0.21735324       0.12852127       0.12960364
       0.21717080       0.12769499       0.12843195
       0.21706011       0.12691693       0.12728172
       0.21702659       0.12619337       0.12615866
       0.21707574       0.12553089       0.12506893
       0.21721314       0.12493636       0.12401920
       0.21744439       0.12441695       0.12301661
       0.21777506       0.12398003       0.12206876
       0.21821066       0.12363317       0.12118370
       0.21875659       0.12338411       0.12036986
       0.21941805       0.12324069       0.11963608
       0.22020005       0.12321078       0.11899151
       0.22110731       0.12330228       0.11844556
       0.22214419       0.12352297       0.11800788
       0.22331467       0.12388053       0.11768823
       0.22462229       0.12438240       0.11749647
       0.22607008       0.12503573       0.11744240
       0.22766049       0.12584729       0.11753573
       0.22939538       0.12682342       0.11778594
       0.23127596       0.12796992       0.11820218
       0.23330275       0.12929195       0.11879320
       0.23547552       0.13079402       0.11956716
       0.23779331       0.13247984       0.12053161
       0.24025441       0.13435231       0.12169330
       0.24285628       0.13641342       0.12305813
       0.24559565       0.13866420       0.12463101
       0.24846845       0.14110467       0.12641578
       0.25146989       0.14373385       0.12841510
       0.25459443       0.14654964       0.13063042
       0.25783586       0.14954889       0.13306186
       0.26118734       0.15272737       0.13570819
       0.26464148       0.15607977       0.13856679
       0.26819035       0.15959972       0.14163363
       0.27182562       0.16327985       0.14490326
       0.27553862       0.16711184       0.14836882
       0.27932042       0.17108647       0.15202209
       0.28316194       0.17519368       0.15585355
       0.28705406       0.17942272       0.15985241
       0.29098771       0.18376218       0.16400673
       0.29495397       0.18820014       0.16830352
       0.29894421       0.19272429       0.17272886
       0.30295015       0.19732202       0.17726803
       0.30696399       0.20198061       0.18190568
       0.31097853       0.20668729       0.18662595
       0.31498718       0.21142944       0.19141269
       0.31898415       0.21619468       0.19624961
       0.32296442       0.22097103       0.20112046
       0.32692389       0.22574702       0.20600923
       0.33085938       0.23051182       0.21090032
       0.33476866       0.23525534       0.21577873
       0.33865053       0.23996835       0.22063019
       0.34250477       0.24464253       0.22544138
       0.34633217       0.24927060       0.23020003
       0.35013450       0.25384631       0.23489508
       0.35391447       0.25836456       0.23951676
       0.35767572       0.26282137       0.24405672
       0.36142271       0.26721392       0.24850807
       0.36516068       0.27154054       0.25286548
       0.36889557       0.27580068       0.25712515
       0.37263391       0.27999490       0.26128486
       0.37638275       0.28412481       0.26534397
       0.38014953       0.28819301       0.26930335
       0.38394198       0.29220301       0.27316535
       0.38776800       0.29615917       0.27693376
       0.39163555       0.30006660       0.28061368
       0.39555254       0.30393105       0.28421147
       0.39952668       0.30775882       0.28773459
       0.40356541       0.31155667       0.29119156
       0.40767576       0.31533166       0.29459172
       0.41186425       0.31909108       0.29794522
       0.41613675       0.32284233       0.30126278
       0.42049846       0.32659278       0.30455557
       0.42495376       0.33034969       0.30783510
       0.42950613       0.33412009       0.31111300
       0.43415810       0.33791064       0.31440094
       0.43891118       0.34172759       0.31771039
       0.44376580       0.34557663       0.32105255
       0.44872126       0.34946283       0.32443817
       0.45377574       0.35339055       0.32787737
       0.45892623       0.35736334       0.33137957
       0.46416857       0.36138393       0.33495332
       0.46949743       0.36545412       0.33860615
       0.47490635       0.36957477       0.34234455
       0.48038777       0.37374577       0.34617377
       0.48593306       0.37796598       0.35009781
       0.49153264       0.38223330       0.35411934
       0.49717597       0.38654458       0.35823961
       0.50285169       0.39089573       0.36245848
       0.50854771       0.39528169       0.36677438
       0.51425127       0.39969652       0.37118430
       0.51994908       0.40413340       0.37568384
       0.52562745       0.40858477       0.38026729
       0.53127236       0.41304235       0.38492760
       0.53686958       0.41749721       0.38965658
       0.54240483       0.42193995       0.39444490
       0.54786384       0.42636068       0.39928224
       0.55323249       0.43074919       0.40415744
       0.55849691       0.43509503       0.40905855
       0.56364357       0.43938760       0.41397304
       0.56865936       0.44361623       0.41888790
       0.57353169       0.44777033       0.42378976
       0.57824855       0.45183939       0.42866506
       0.58279858       0.45581312       0.43350016
       0.58717111       0.45968150       0.43828144
       0.59135620       0.46343485       0.44299544
       0.59534470       0.46706389       0.44762898
       0.59912822       0.47055976       0.45216919
       0.60269921       0.47391409       0.45660366
       0.60605091       0.47711903       0.46092045
       0.60917738       0.48016725       0.46510820
       0.61207350       0.48305198       0.46915614
       0.61473490       0.48576698       0.47305416
       0.61715801       0.48830659       0.47679278
       0.61934001       0.49066571       0.48036324
       0.62127877       0.49283976       0.48375746
       0.62297287       0.49482471       0.48696804
       0.62442154       0.49661702       0.48998830
       0.62562461       0.49821365       0.49281219
       0.62658251       0.49961203       0.49543434
       0.62729619       0.50080999       0.49785002
       0.62776712       0.50180581       0.50005507
       0.62799720       0.50259809       0.50204594
       0.62798876       0.50318579       0.50381959
       0.62774453       0.50356816       0.50537347
       0.62726755       0.50374471       0.50670552
       0.62656116       0.50371516       0.50781406
       0.62562897       0.50347942       0.50869779
       0.62447481       0.50303753       0.50935571
       0.62310270       0.50238962       0.50978711
       0.62151681       0.50153587       0.50999147
       0.61972144       0.50047649       0.50996845
       0.61772099       0.49921163       0.50971779
       0.61551991       0.49774137       0.50923928
       0.61312272       0.49606568       0.50853270
       0.61053395       0.49418433       0.50759775
       0.60775816       0.49209691       0.50643398
       0.60479988       0.48980273       0.50504072
       0.60166367       0.48730083       0.50341703
       0.59835405       0.48458986       0.50156161
       0.59487558       0.48166814       0.49947272
       0.59123279       0.47853352       0.49714814
       0.58743027       0.47518341       0.49458503
       0.58347266       0.47161471       0.49177989
       0.57936472       0.46782380       0.48872846
       0.57511133       0.46380649       0.48542562
       0.57071763       0.45955802       0.48186531
       0.56618906       0.45507305       0.47804043
       0.56153143       0.45034564       0.47394274
       0.55675111       0.44536928       0.46956277
       0.55185513       0.44013693       0.46488972
       0.54685135       0.43464104       0.45991140
       0.54174868       0.42887370       0.45461410
       0.53655730       0.42282668       0.44898258
       0.53128894       0.41649164       0.44300004
       0.52595720       0.40986036       0.43664807
       0.52057788       0.40292497       0.42990674
       0.51516941       0.39567836       0.42275474
       0.50975332       0.38811464       0.41516953
       0.50435470       0.38022967       0.40712772
       0.49900278       0.37202179       0.39860559
       0.49373151       0.36349270       0.38957969
       0.48858017       0.35464846       0.38002793
       0.48359399       0.34550074       0.36993076
       0.47882472       0.33606827       0.35927290
       0.47433113       0.32637843       0.34804550
       0.47017945       0.31646918       0.33624885
       0.46644342       0.30639106       0.32389571
       0.46320424       0.29620931       0.31101535
       0.46054989       0.28600602       0.29765824
       0.45857401       0.27588216       0.28390135
       0.45737389       0.26595916       0.26985385
       0.45704774       0.25637984       0.25566295
       0.45769075       0.24730832       0.24151920
       0.45939016       0.23892841       0.22766062
       0.46221911       0.23144011       0.21437451
       0.46622962       0.22505369       0.20199589
       0.47144478       0.21998122       0.19090104
       0.47785098       0.21642529       0.18149520
       0.48539061       0.21456543       0.17419344
       0.49395652       0.21454291       0.16939491
       0.50338903       0.21644519       0.16745157
       0.51347652       0.22029187       0.16863380
       0.52396053       0.22602410       0.17309705
       0.53454526       0.23349938       0.18085394
       0.54491146       0.24249341       0.19175700
       0.55473346       0.25270942       0.20549576
       0.56369767       0.26379468       0.22161033
       0.57152079       0.27536245       0.23952067
       0.57796544       0.28701692       0.25856824
       0.58285181       0.29837803       0.27806438
       0.58606417       0.30910343       0.29733910
       0.58755202       0.31890532       0.31578411
       0.58732632       0.32756090       0.33288555
       0.58545192       0.33491628       0.34824411
       0.58203735       0.34088460       0.36158238
       0.57722352       0.34543950       0.37274095
       0.57117236       0.34860571       0.38166627
       0.56405656       0.35044818       0.38839316
       0.55605072       0.35106107       0.39302508
       0.54732441       0.35055753       0.39571449
       0.53803712       0.34906090       0.39664498
       0.52833489       0.34669758       0.39601609
       0.51834838       0.34359159       0.39403127
       0.50819218       0.33986071       0.39088889
       0.49796498       0.33561395       0.38677603
       0.48775030       0.33095018       0.38186457
       0.47761771       0.32595754       0.37630914
       0.46762420       0.32071350       0.37024645
       0.45781564       0.31528527       0.36379557
       0.44822824       0.30973061       0.35705893
       0.43888999       0.30409865       0.35012362
       0.42982187       0.29843084       0.34306298
       0.42103905       0.29276186       0.33593816
       0.41255189       0.28712056       0.32879973
       0.40436682       0.28153071       0.32168912
       0.39648710       0.27601182       0.31463999
       0.38891345       0.27057974       0.30767945
       0.38164460       0.26524729       0.30082912
       0.37467774       0.26002475       0.29410604
       0.36800885       0.25492029       0.28752350
       0.36163304       0.24994035       0.28109171
       0.35554478       0.24508994       0.27481836
       0.34973810       0.24037293       0.26870914
       0.34420672       0.23579226       0.26276811
       0.33894421       0.23135012       0.25699808
       0.33394404       0.22704813       0.25140086
       0.32919969       0.22288744       0.24597752
       0.32470467       0.21886886       0.24072855
       0.32045256       0.21499293       0.23565406
       0.31643705       0.21125998       0.23075388
       0.31265193       0.20767021       0.22602767
       0.30909109       0.20422373       0.22147499
       0.30574853       0.20092056       0.21709540
       0.30261834       0.19776068       0.21288846
       0.29969467       0.19474404       0.20885379
       0.29697175       0.19187055       0.20499111
       0.29444382       0.18914010       0.20130020
       0.29210512       0.18655252       0.19778094
       0.28994989       0.18410762       0.19443330
       0.28797231       0.18180511       0.19125730
       0.28616649       0.17964463       0.18825300
       0.28452643       0.17762568       0.18542048
       0.28304604       0.17574765       0.18275978
       0.28171903       0.17400974       0.18027086
       0.28053901       0.17241094       0.17795358
       0.27949938       0.17095002       0.17580761
       0.27859334       0.16962546       0.17383241
       0.27781393       0.16843547       0.17202716
       0.27715396       0.16737792       0.17039070
       0.27660607       0.16645034       0.16892148
       0.27616273       0.16564989       0.16761752
       0.27581622       0.16497332       0.16647637
       0.27555869       0.16441701       0.16549502
       0.27538218       0.16397693       0.16466993
       0.27527866       0.16364863       0.16399695
       0.27524003       0.16342729       0.16347136
       0.27525823       0.16330770       0.16308779
       0.27532524       0.16328429       0.16284032
       0.27543312       0.16335118       0.16272238
       0.27557413       0.16350218       0.16272690
       0.27574070       0.16373088       0.16284626
       0.27592555       0.16403065       0.16307238
       0.27612170       0.16439474       0.16339679
       0.27632256       0.16481631       0.16381067
       0.27652193       0.16528847       0.16430495
       0.27671411       0.16580439       0.16487040
       0.27689385       0.16635734       0.16549770
       0.27705647       0.16694072       0.16617755
       0.27719781       0.16754816       0.16690073
       0.27731433       0.16817355       0.16765824
       0.27740302       0.16881109       0.16844135
       0.27746150       0.16945536       0.16924168
       0.27748796       0.17010130       0.17005128
       0.27748117       0.17074431       0.17086271
       0.27744044       0.17138021       0.17166907
       0.27736563       0.17200530       0.17246408
       0.27725709       0.17261636       0.17324208
       0.27711565       0.17321063       0.17399807
       0.27694256       0.17378583       0.17472772
       0.27673946       0.17434015       0.17542740
       0.27650833       0.17487221       0.17609412
       0.27625145       0.17538107       0.17672557
       0.27597136       0.17586617       0.17732007
       0.27567077       0.17632733       0.17787654
       0.27535259       0.17676470       0.17839449
       0.27501981       0.17717874       0.17887392
       0.27467548       0.17757018       0.17931535
       0.27432270       0.17793996       0.17971971
       0.27396453       0.17828922       0.18008833
       0.27360398       0.17861928       0.18042287
       0.27324398       0.17893154       0.18072528
       0.27288733       0.17922751       0.18099773
       0.27253668       0.17950875       0.18124258
       0.27219453       0.17977683       0.18146233
       0.27186314       0.18003330       0.18165957
       0.27154461       0.18027970       0.18183693
       0.27124077       0.18051749       0.18199705
       0.27095322       0.18074804       0.18214253
       0.27068332       0.18097262       0.18227593
       0.27043217       0.18119237       0.18239969
       0.27020058       0.18140829       0.18251612
       0.26998913       0.18162123       0.18262742
       0.26979812       0.18183187       0.18273556
       0.26962758       0.18204072       0.18284238
       0.26947730       0.18224810       0.18294946
       0.26934680       0.18245414       0.18305821
       0.26923536       0.18265880       0.18316977
       0.26914203       0.18286183       0.18328508
       0.26906560       0.18306279       0.18340481
       0.26900469       0.18326105       0.18352939
       0.26895767       0.18345579       0.18365902
       0.26892275       0.18364602       0.18379362
       0.26889792       0.18383055       0.18393291
       0.26888104       0.18400804       0.18407633
       0.26886980       0.18417695       0.18422310
       0.26886173       0.18433561       0.18437220
       0.26885426       0.18448218       0.18452241
       0.26884471       0.18461470       0.18467225
       0.26883028       0.18473104       0.18482008
       0.26880810       0.18482898       0.18496401
       0.26877525       0.18490616       0.18510201
       0.26872873       0.18496012       0.18523181
       0.26866553       0.18498831       0.18535102
       0.26858260       0.18498810       0.18545704
       0.26847690       0.18495676       0.18554715
       0.26834539       0.18489152       0.18561847
       0.26818507       0.18478955       0.18566797
       0.26799298       0.18464797       0.18569252
       0.26776622       0.18446387       0.18568884
       0.26750198       0.18423432       0.18565357
       0.26719754       0.18395641       0.18558324
       0.26685030       0.18362718       0.18547428
       0.26645779       0.18324375       0.18532304
       0.26601772       0.18280323       0.18512581
       0.26552795       0.18230279       0.18487881
       0.26498656       0.18173968       0.18457821
       0.26439185       0.18111121       0.18422015
       0.26374236       0.18041480       0.18380073
       0.26303694       0.17964800       0.18331606
       0.26227470       0.17880848       0.18276224
       0.26145509       0.17789412       0.18213539
       0.26057795       0.17690294       0.18143169
       0.25964348       0.17583321       0.18064736
       0.25865231       0.17468347       0.17977873
       0.25760554       0.17345251       0.17882225
       0.25650473       0.17213945       0.17777450
       0.25535200       0.17074380       0.17663227
       0.25415001       0.16926545       0.17539256
       0.25290201       0.16770473       0.17405264
       0.25161190       0.16606249       0.17261013
       0.25028422       0.16434012       0.17106299
       0.24892424       0.16253960       0.16940964
       0.24753794       0.16066361       0.16764902
       0.24613206       0.15871551       0.16578062
       0.24471413       0.15669947       0.16380464
       0.24329249       0.15462050       0.16172200
       0.24187630       0.15248453       0.15953450
       0.24047555       0.15029847       0.15724488
       0.23910106       0.14807027       0.15485696
       0.23776447       0.14580898       0.15237572
       0.23647822       0.14352483       0.14980747
       0.23525552       0.14122923       0.14715994
       0.23411028       0.13893488       0.14444239
       0.23305707       0.13665573       0.14166576
       0.23211102       0.13440706       0.13884277
       0.23128768       0.13220542       0.13598804
       0.23060296       0.13006864       0.13311814
       0.23007293       0.12801578       0.13025170
       0.22971363       0.12606703       0.12740943
       0.22954093       0.12424361       0.12461412
       0.22957024       0.12256764       0.12189062
       0.22981632       0.12106192       0.11926572
       0.23029299       0.11974975       0.11676804
       0.23101286       0.11865461       0.11442778
       0.23198708       0.11779989       0.11227648
       0.23322500       0.11720855       0.11034663
       0.23473394       0.11690271       0.10867125
       0.23651890       0.11690328       0.10728341
       0.23858237       0.11722951       0.10621563
       0.24092404       0.11789859       0.10549927
       0.24354074       0.11892521       0.10516389
       0.24642624       0.12032117       0.10523652
       0.24957129       0.12209502       0.10574104
       0.25296358       0.12425171       0.10669746
       0.25658781       0.12679239       0.10812137
       0.26042594       0.12971419       0.11002343
       0.26445730       0.13301017       0.11240890
       0.26865896       0.13666931       0.11527742
       0.27300601       0.14067658       0.11862284
       0.27747197       0.14501316       0.12243323
       0.28202921       0.14965673       0.12669104
       0.28664933       0.15458177       0.13137339
       0.29130362       0.15975997       0.13645253
       0.29596348       0.16516074       0.14189631
       0.30060081       0.17075161       0.14766886
       0.30518835       0.17649879       0.15373119
       0.30970007       0.18236762       0.16004189
       0.31411140       0.18832304       0.16655786
       0.31839952       0.19433010       0.17323488
       0.32254353       0.20035429       0.18002832
       0.32652466       0.20636199       0.18689367
       0.33032636       0.21232079       0.19378705
       0.33393443       0.21819982       0.20066569
       0.33733707       0.22396996       0.20748835
       0.34052493       0.22960415       0.21421566
       0.34349111       0.23507757       0.22081048
       0.34623119       0.24036775       0.22723811
       0.34874317       0.24545482       0.23346664
       0.35102741       0.25032153       0.23946708
       0.35308661       0.25495333       0.24521358
       0.35492566       0.25933848       0.25068361
       0.35655155       0.26346799       0.25585803
       0.35797322       0.26733565       0.26072120
       0.35920144       0.27093794       0.26526101
       0.36024858       0.27427394       0.26946888
       0.36112847       0.27734524       0.27333969
       0.36185616       0.28015580       0.27687172
       0.36244772       0.28271172       0.28006651
       0.36292007       0.28502112       0.28292865
       0.36329067       0.28709389       0.28546563
       0.36357740       0.28894146       0.28768754
       0.36379826       0.29057661       0.28960689
       0.36397124       0.29201322       0.29123825
       0.36411408       0.29326603       0.29259804
       0.36424408       0.29435041       0.29370419
       0.36437797       0.29528216       0.29457588
       0.36453172       0.29607729       0.29523326
       0.36472038       0.29675180       0.29569715
       0.36495801       0.29732154       0.29598881
       0.36525751       0.29780198       0.29612969
       0.36563055       0.29820807       0.29614115
       0.36608745       0.29855412       0.29604433
       0.36663716       0.29885363       0.29585986
       0.36728717       0.29911917       0.29560773
       0.36804346       0.29936227       0.29530709
       0.36891046       0.29959335       0.29497607
       0.36989108       0.29982159       0.29463168
       0.37098664       0.30005488       0.29428961
       0.37219690       0.30029971       0.29396414
       0.37352008       0.30056118       0.29366800
       0.37495291       0.30084290       0.29341226
       0.37649061       0.30114694       0.29320621
       0.37812703       0.30147385       0.29305728
       0.37985465       0.30182260       0.29297096
       0.38166470       0.30219061       0.29295071
       0.38354727       0.30257371       0.29299791
       0.38549137       0.30296619       0.29311178
       0.38748511       0.30336082       0.29328940
       0.38951578       0.30374887       0.29352564
       0.39157006       0.30412021       0.29381321
       0.39363411       0.30446331       0.29414259
       0.39569379       0.30476538       0.29450215
       0.39773483       0.30501243       0.29487815
       0.39974297       0.30518934       0.29525480
       0.40170421       0.30528005       0.29561435
       0.40360498       0.30526759       0.29593716
       0.40543235       0.30513427       0.29620184
       0.40717423       0.30486182       0.29638530
       0.40881960       0.30443149       0.29646292
       0.41035874       0.30382431       0.29640866
       0.41178346       0.30302116       0.29619517
       0.41308734       0.30200305       0.29579394
       0.41426600       0.30075134       0.29517550
       0.41531735       0.29924791       0.29430950
       0.41624192       0.29747556       0.29316499
       0.41704312       0.29541822       0.29171059
       0.41772761       0.29306143       0.28991477
       0.41830564       0.29039274       0.28774623
       0.41879141       0.28740223       0.28517429
       0.41920350       0.28408316       0.28216947
       0.41956519       0.28043266       0.27870418
       0.41990495       0.27645261       0.27475364
       0.42025671       0.27215056       0.27029702
       0.42066028       0.26754089       0.26531884
       0.42116150       0.26264600       0.25981080
       0.42181240       0.25749767       0.25377386
       0.42267108       0.25213845       0.24722085
       0.42380136       0.24662318       0.24017943
       0.42527207       0.24102025       0.23269547
       0.42715589       0.23541290       0.22483672
       0.42952764       0.22989996       0.21669658
       0.43246194       0.22459615       0.20839779
       0.43603015       0.21963151       0.20009554
       0.44029660       0.21514978       0.19197948
       0.44531404       0.21130537       0.18427405
       0.45111863       0.20825881       0.17723626
       0.45772446       0.20617038       0.17115028
       0.46511822       0.20519210       0.16631804
       0.47325429       0.20545825       0.16304570
       0.48205109       0.20707491       0.16162584
       0.49138912       0.21010948       0.16231648
       0.50111141       0.21458107       0.16531825
       0.51102686       0.22045319       0.17075218
       0.52091650       0.22762982       0.17864079
       0.53054268       0.23595584       0.18889562
       0.53966037       0.24522234       0.20131340
       0.54802992       0.25517661       0.21558245
       0.55542970       0.26553607       0.23129936
       0.56166779       0.27600467       0.24799420
       0.56659121       0.28629005       0.26516147
       0.57009213       0.29611957       0.28229310
       0.57211057       0.30525376       0.29890953
       0.57263365       0.31349601       0.31458573
       0.57169186       0.32069802       0.32896999
       0.56935308       0.32676118       0.34179444
       0.56571519       0.33163433       0.35287776
       0.56089808       0.33530887       0.36212119
       0.55503585       0.33781210       0.36949960
       0.54826969       0.33919977       0.37504947
       0.54074178       0.33954855       0.37885567
       0.53259047       0.33894904       0.38103818
       0.52394659       0.33749970       0.38174000
       0.51493102       0.33530179       0.38111673
       0.50565318       0.33245545       0.37932812
       0.49621033       0.32905679       0.37653151
       0.48668758       0.32519591       0.37287717
       0.47715825       0.32095569       0.36850520
       0.46768464       0.31641117       0.36354365
       0.45831891       0.31162936       0.35810766
       0.44910411       0.30666946       0.35229938
       0.44007524       0.30158322       0.34620833
       0.43126021       0.29641548       0.33991221
       0.42268085       0.29120476       0.33347779
       0.41435375       0.28598394       0.32696199
       0.40629108       0.28078085       0.32041292
       0.39850130       0.27561887       0.31387095
       0.39098976       0.27051753       0.30736972
       0.38375923       0.26549298       0.30093697
       0.37681040       0.26055848       0.29459543
       0.37014224       0.25572477       0.28836352
       0.36375235       0.25100050       0.28225600
       0.35763723       0.24639248       0.27628454
       0.35179253       0.24190601       0.27045820
       0.34621323       0.23754506       0.26478386
       0.34089381       0.23331255       0.25926656
       0.33582838       0.22921045       0.25390985
       0.33101079       0.22523998       0.24871602
       0.32643471       0.22140175       0.24368632
       0.32209374       0.21769582       0.23882118
       0.31798140       0.21412185       0.23412035
       0.31409123       0.21067913       0.22958305
       0.31041679       0.20736669       0.22520806
       0.30695171       0.20418334       0.22099384
       0.30368969       0.20112771       0.21693861
       0.30062452       0.19819831       0.21304040
       0.29775010       0.19539354       0.20929712
       0.29506041       0.19271175       0.20570661
       0.29254955       0.19015122       0.20226667
       0.29021171       0.18771022       0.19897507
       0.28804115       0.18538700       0.19582963
       0.28603225       0.18317978       0.19282819
       0.28417944       0.18108683       0.18996862
       0.28247724       0.17910637       0.18724888
       0.28092020       0.17723667       0.18466695
       0.27950293       0.17547596       0.18222091
       0.27822006       0.17382251       0.17990886
       0.27706626       0.17227455       0.17772898
       0.27603619       0.17083031       0.17567948
       0.27512451       0.16948801       0.17375860
       0.27432590       0.16824582       0.17196459
       0.27363496       0.16710186       0.17029573
       0.27304631       0.16605421       0.16875025
       0.27255452       0.16510087       0.16732635
       0.27215411       0.16423978       0.16602219
       0.27183954       0.16346876       0.16483583
       0.27160526       0.16278553       0.16376525
       0.27144564       0.16218772       0.16280830
       0.27135502       0.16167280       0.16196267
       0.27132769       0.16123811       0.16122591
       0.27135790       0.16088087       0.16059539
       0.27143988       0.16059813       0.16006825
       0.27156786       0.16038678       0.15964143
       0.27173604       0.16024357       0.15931167
       0.27193866       0.16016509       0.15907542
       0.27216997       0.16014778       0.15892893
       0.27242429       0.16018794       0.15886818
       0.27269600       0.16028171       0.15888891
       0.27297958       0.16042515       0.15898663
       0.27326962       0.16061416       0.15915661
       0.27356087       0.16084458       0.15939393
       0.27384821       0.16111215       0.15969344
       0.27412675       0.16141257       0.16004983
       0.27439179       0.16174150       0.16045765
       0.27463885       0.16209459       0.16091133
       0.27486374       0.16246750       0.16140520
       0.27506251       0.16285594       0.16193354
       0.27523153       0.16325566       0.16249064
       0.27536745       0.16366253       0.16307076
       0.27546727       0.16407251       0.16366827
       0.27552830       0.16448171       0.16427758
       0.27554818       0.16488640       0.16489328
       0.27552491       0.16528301       0.16551009
       0.27545682       0.16566819       0.16612294
       0.27534258       0.16603879       0.16672700
       0.27518121       0.16639189       0.16731767
       0.27497205       0.16672481       0.16789066
       0.27471476       0.16703513       0.16844195
       0.27440930       0.16732065       0.16896786
       0.27405594       0.16757946       0.16946504
       0.27365522       0.16780989       0.16993047
       0.27320793       0.16801051       0.17036148
       0.27271512       0.16818018       0.17075576
       0.27217805       0.16831798       0.17111133
       0.27159819       0.16842322       0.17142655
       0.27097718       0.16849546       0.17170014
       0.27031683       0.16853446       0.17193110
       0.26961906       0.16854018       0.17211879
       0.26888595       0.16851278       0.17226282
       0.26811964       0.16845259       0.17236310
       0.26732235       0.16836011       0.17241980
       0.26649638       0.16823598       0.17243331
       0.26564404       0.16808096       0.17240428
       0.26476767       0.16789593       0.17233351
       0.26386962       0.16768188       0.17222200
       0.26295223       0.16743988       0.17207092
       0.26201780       0.16717105       0.17188157
       0.26106860       0.16687661       0.17165534
       0.26010686       0.16655777       0.17139376
       0.25913473       0.16621582       0.17109840
       0.25815433       0.16585203       0.17077092
       0.25716765       0.16546770       0.17041302
       0.25617664       0.16506413       0.17002641
       0.25518315       0.16464259       0.16961283
       0.25418893       0.16420434       0.16917402
       0.25319563       0.16375063       0.16871171
       0.25220481       0.16328265       0.16822760
       0.25121793       0.16280155       0.16772336
       0.25023633       0.16230847       0.16720063
       0.24926128       0.16180445       0.16666099
       0.24829390       0.16129052       0.16610595
       0.24733525       0.16076764       0.16553698
       0.24638628       0.16023670       0.16495548
       0.24544782       0.15969854       0.16436277
       0.24452064       0.15915394       0.16376008
       0.24360539       0.15860361       0.16314861
       0.24270264       0.15804823       0.16252942
       0.24181289       0.15748836       0.16190354
       0.24093652       0.15692457       0.16127188
       0.24007389       0.15635730       0.16063530
       0.23922523       0.15578700       0.15999455
       0.23839075       0.15521401       0.15935032
       0.23757058       0.15463866       0.15870322
       0.23676479       0.15406120       0.15805377
       0.23597339       0.15348184       0.15740242
       0.23519638       0.15290077       0.15674956
       0.23443369       0.15231810       0.15609550
       0.23368523       0.15173395       0.15544049
       0.23295088       0.15114837       0.15478471
       0.23223050       0.15056140       0.15412828
       0.23152393       0.14997305       0.15347129
       0.23083101       0.14938333       0.15281374
       0.23015157       0.14879222       0.15215564
       0.22948545       0.14819970       0.15149690
       0.22883250       0.14760573       0.15083744
       0.22819259       0.14701030       0.15017713
       0.22756560       0.14641340       0.14951583
       0.22695146       0.14581503       0.14885338
       0.22635012       0.14521520       0.14818959
       0.22576158       0.14461397       0.14752429
       0.22518588       0.14401142       0.14685730
       0.22462314       0.14340767       0.14618845
       0.22407351       0.14280290       0.14551759
       0.22353722       0.14219730       0.14484460
       0.22301458       0.14159118       0.14416936
       0.22250597       0.14098487       0.14349182
       0.22201185       0.14037878       0.14281198
       0.22153277       0.13977341       0.14212985
       0.22106939       0.13916935       0.14144556
       0.22062244       0.13856726       0.14075928
       0.22019276       0.13796791       0.14007124
       0.21978132       0.13737218       0.13938181
       0.21938917       0.13678105       0.13869141
       0.21901748       0.13619563       0.13800060
       0.21866753       0.13561714       0.13731001
       0.21834072       0.13504693       0.13662044
       0.21803855       0.13448649       0.13593280
       0.21776265       0.13393743       0.13524814
       0.21751477       0.13340151       0.13456765
       0.21729674       0.13288063       0.13389268
       0.21711053       0.13237685       0.13322476
       0.21695820       0.13189235       0.13256556
       0.21684191       0.13142947       0.13191693
       0.21676392       0.13099071       0.13128092
       0.21672656       0.13057868       0.13065975
       0.21673225       0.13019616       0.13005581
       0.21678349       0.12984607       0.12947170
       0.21688281       0.12953143       0.12891020
       0.21703282       0.12925542       0.12837428
       0.21723612       0.12902131       0.12786709
       0.21749537       0.12883249       0.12739196
       0.21781320       0.12869242       0.12695239
       0.21819226       0.12860468       0.12655204
       0.21863513       0.12857286       0.12619472
       0.21914438       0.12860064       0.12588439
       0.21972248       0.12869170       0.12562511
       0.22037184       0.12884974       0.12542107
       0.22109475       0.12907843       0.12527652
       0.22189338       0.12938142       0.12519577
       0.22276974       0.12976226       0.12518317
       0.22372570       0.13022444       0.12524305
       0.22476293       0.13077131       0.12537975
       0.22588291       0.13140610       0.12559752
       0.22708689       0.13213184       0.12590052
       0.22837590       0.13295137       0.12629280
       0.22975071       0.13386729       0.12677822
       0.23121185       0.13488197       0.12736046
       0.23275956       0.13599745       0.12804295
       0.23439382       0.13721552       0.12882885
       0.23611432       0.13853761       0.12972101
       0.23792047       0.13996479       0.13072195
       0.23981139       0.14149779       0.13183379
       0.24178592       0.14313694       0.13305826
       0.24384264       0.14488218       0.13439669
       0.24597983       0.14673304       0.13584990
       0.24819554       0.14868865       0.13741830
       0.25048756       0.15074772       0.13910178
       0.25285344       0.15290855       0.14089974
       0.25529056       0.15516904       0.14281109
       0.25779606       0.15752668       0.14483422
       0.26036693       0.15997859       0.14696705
       0.26300003       0.16252151       0.14920700
       0.26569208       0.16515183       0.15155100
       0.26843969       0.16786564       0.15399554
       0.27123944       0.17065869       0.15653666
       0.27408783       0.17352647       0.15917003
       0.27698136       0.17646424       0.16189089
       0.27991653       0.17946702       0.16469418
       0.28288988       0.18252968       0.16757450
       0.28589802       0.18564693       0.17052622
       0.28893763       0.18881337       0.17354346
       0.29200549       0.19202354       0.17662017
       0.29509854       0.19527194       0.17975017
       0.29821383       0.19855306       0.18292719
       0.30134858       0.20186146       0.18614493
       0.30450019       0.20519172       0.18939710
       0.30766625       0.20853858       0.19267747
       0.31084453       0.21189688       0.19597991
       0.31403301       0.21526164       0.19929844
       0.31722985       0.21862806       0.20262730
       0.32043342       0.22199157       0.20596095
       0.32364227       0.22534782       0.20929412
       0.32685513       0.22869272       0.21262186
       0.33007090       0.23202245       0.21593956
       0.33328861       0.23533344       0.21924300
       0.33650745       0.23862242       0.22252831
       0.33972666       0.24188639       0.22579207
       0.34294559       0.24512262       0.22903126
       0.34616362       0.24832862       0.23224326
       0.34938015       0.25150219       0.23542592
       0.35259453       0.25464133       0.23857746
       0.35580606       0.25774424       0.24169653
       0.35901394       0.26080932       0.24478213
       0.36221720       0.26383511       0.24783363
       0.36541471       0.26682024       0.25085072
       0.36860511       0.26976344       0.25383333
       0.37178676       0.27266346       0.25678167
       0.37495771       0.27551903       0.25969609
       0.37811569       0.27832883       0.26257708
       0.38125802       0.28109141       0.26542517
       0.38438165       0.28380519       0.26824091
       0.38748304       0.28646834       0.27102473
       0.39055822       0.28907881       0.27377696
       0.39360273       0.29163419       0.27649765
       0.39661161       0.29413176       0.27918658
       0.39957939       0.29656833       0.28184314
       0.40250010       0.29894030       0.28446624
       0.40536724       0.30124353       0.28705426
       0.40817384       0.30347335       0.28960496
       0.41091246       0.30562449       0.29211540
       0.41357519       0.30769110       0.29458187
       0.41615370       0.30966663       0.29699981
       0.41863932       0.31154388       0.29936377
       0.42102303       0.31331497       0.30166732
       0.42329556       0.31497128       0.30390298
       0.42544745       0.31650349       0.30606221
       0.42746911       0.31790156       0.30813533
       0.42935096       0.31915474       0.31011147
       0.43108344       0.32025157       0.31197858
       0.43265722       0.32117990       0.31372332
       0.43406322       0.32192694       0.31533111
       0.43529281       0.32247926       0.31678605
       0.43633794       0.32282288       0.31807094
       0.43719124       0.32294329       0.31916725
       0.43784628       0.32282554       0.32005513
       0.43829768       0.32245435       0.32071339
       0.43854135       0.32181414       0.32111954
       0.43857470       0.32088927       0.32124980
       0.43839688       0.31966409       0.32107914
       0.43800908       0.31812317       0.32058132
       0.43741479       0.31625155       0.31972903
       0.43662014       0.31403497       0.31849396
       0.43563424       0.31146019       0.31684700
       0.43446960       0.30851545       0.31475845
       0.43314250       0.30519086       0.31219841
       0.43167347       0.30147900       0.30913712
       0.43008775       0.29737562       0.30554560
       0.42841573       0.29288038       0.30139641
       0.42669352       0.28799780       0.29666455
       0.42496331       0.28273836       0.29132879
       0.42327384       0.27711967       0.28537320
       0.42168070       0.27116787       0.27878910
       0.42024652       0.26491914       0.27157745
       0.41904088       0.25842129       0.26375169
       0.41814003       0.25173540       0.25534110
       0.41762615       0.24493737       0.24639459
       0.41758609       0.23811937       0.23698487
       0.41810960       0.23139076       0.22721280
       0.41928667       0.22487858       0.21721169
       0.42120423       0.21872697       0.20715096
       0.42394191       0.21309552       0.19723875
       0.42756693       0.20815602       0.18772259
       0.43212844       0.20408747       0.17888720
       0.43765126       0.20106902       0.17104876
       0.44412981       0.19927104       0.16454459
       0.45152244       0.19884444       0.15971795
       0.45974715       0.19990893       0.15689804
       0.46867932       0.20254111       0.15637608
       0.47815210       0.20676367       0.15837937
       0.48796017       0.21253721       0.16304585
       0.49786689       0.21975592       0.17040278
       0.50761473       0.22824839       0.18035267
       0.51693816       0.23778401       0.19266952
       0.52557804       0.24808466       0.20700693
       0.53329592       0.25884089       0.22291785
       0.53988695       0.26973062       0.23988417
       0.54519001       0.28043853       0.25735239
       0.54909422       0.29067392       0.27477105
       0.55154139       0.30018516       0.29162546
       0.55252466       0.30876991       0.30746601
       0.55208377       0.31628023       0.32192781
       0.55029802       0.32262322       0.33474088
       0.54727769       0.32775762       0.34573137
       0.54315510       0.33168765       0.35481553
       0.53807595       0.33445502       0.36198847
       0.53219160       0.33613041       0.36730996
       0.52565257       0.33680493       0.37088915
       0.51860349       0.33658248       0.37286980
       0.51117937       0.33557317       0.37341698
       0.50350325       0.33388795       0.37270588
       0.49568480       0.33163460       0.37091293
       0.48781982       0.32891483       0.36820911
       0.47999044       0.32582236       0.36475529
       0.47226575       0.32244183       0.36069926
       0.46470271       0.31884838       0.35617409
       0.45734724       0.31510764       0.35129756
       0.45023546       0.31127609       0.34617231
       0.44339482       0.30740166       0.34088653
       0.43684531       0.30352433       0.33551494
       0.43060047       0.29967700       0.33011997
       0.42466841       0.29588616       0.32475304
       0.41905269       0.29217269       0.31945575
       0.41375309       0.28855253       0.31426112
       0.40876630       0.28503736       0.30919468
       0.40408653       0.28163516       0.30427554
       0.39970601       0.27835078       0.29951721
       0.39561544       0.27518637       0.29492852
       0.39180437       0.27214182       0.29051427
       0.38826152       0.26921512       0.28627586
       0.38497505       0.26640270       0.28221186
       0.38193282       0.26369970       0.27831846
       0.37912255       0.26110021       0.27458989
       0.37653205       0.25859751       0.27101874
       0.37414930       0.25618422       0.26759631
       0.37196263       0.25385255       0.26431286
       0.36996080       0.25159437       0.26115780
       0.36813311       0.24940140       0.25811996
       0.36646949       0.24726534       0.25518771
       0.36496055       0.24517794       0.25234918
       0.36359768       0.24313119       0.24959234
       0.36237309       0.24111737       0.24690522
       0.36127987       0.23912915       0.24427597
       0.36031204       0.23715976       0.24169305
       0.35946459       0.23520301       0.23914530
       0.35873352       0.23325348       0.23662214
       0.35811590       0.23130655       0.23411364
       0.35760985       0.22935856       0.23161071
       0.35721459       0.22740693       0.22910525
       0.35693046       0.22545025       0.22659029
       0.35675890       0.22348839       0.22406021
       0.35670244       0.22152268       0.22151090
       0.35676469       0.21955597       0.21894002
       0.35695025       0.21759278       0.21634714
       0.35726470       0.21563941       0.21373408
       0.35771442       0.21370400       0.21110506
       0.35830655       0.21179669       0.20846702
       0.35904874       0.20992958       0.20582982
       0.35994901       0.20811683       0.20320649
       0.36101545       0.20637459       0.20061343
       0.36225595       0.20472098       0.19807054
       0.36367789       0.20317587       0.19560135
       0.36528769       0.20176077       0.19323299
       0.36709045       0.20049846       0.19099611
       0.36908943       0.19941265       0.18892464
       0.37128564       0.19852746       0.18705538
       0.37367728       0.19786690       0.18542744
       0.37625931       0.19745413       0.18408148
       0.37902295       0.19731076       0.18305870
       0.38195535       0.19745601       0.18239972
       0.38503921       0.19790588       0.18214319
       0.38825263       0.19867225       0.18232434
       0.39156906       0.19976212       0.18297338
       0.39495735       0.20117684       0.18411391
       0.39838210       0.20291151       0.18576138
       0.40180412       0.20495461       0.18792174
       0.40518106       0.20728773       0.19059032
       0.40846828       0.20988572       0.19375111
       0.41161984       0.21271694       0.19737637
       0.41458955       0.21574391       0.20142691
       0.41733216       0.21892417       0.20585264
       0.41980455       0.22221135       0.21059386
       0.42196677       0.22555644       0.21558282
       0.42378314       0.22890913       0.22074574
       0.42522306       0.23221925       0.22600506
       0.42626172       0.23543808       0.23128180
       0.42688057       0.23851966       0.23649794
       0.42706753       0.24142188       0.24157867
       0.42681706       0.24410735       0.24645435
       0.42612993       0.24654411       0.25106220
       0.42501286       0.24870604       0.25534755
       0.42347800       0.25057304       0.25926471
       0.42154228       0.25213101       0.26277741
       0.41922668       0.25337162       0.26585888
       0.41655553       0.25429195       0.26849154
       0.41355566       0.25489396       0.27066647
       0.41025576       0.25518392       0.27238266
       0.40668561       0.25517181       0.27364608
       0.40287550       0.25487062       0.27446871
       0.39885567       0.25429579       0.27486750
       0.39465582       0.25346456       0.27486338
       0.39030475       0.25239545       0.27448028
       0.38583001       0.25110777       0.27374431
       0.38125770       0.24962114       0.27268290
       0.37661228       0.24795522       0.27132419
       0.37191647       0.24612930       0.26969640
       0.36719118       0.24416216       0.26782737
       0.36245551       0.24207180       0.26574419
       0.35772675       0.23987532       0.26347286
       0.35302044       0.23758886       0.26103813
       0.34835044       0.23522749       0.25846330
       0.34372900       0.23280519       0.25577015
       0.33916687       0.23033487       0.25297886
       0.33467337       0.22782833       0.25010803
       0.33025654       0.22529633       0.24717470
       0.32592321       0.22274860       0.24419434
       0.32167910       0.22019391       0.24118098
       0.31752893       0.21764011       0.23814723
       0.31347653       0.21509417       0.23510437
       0.30952490       0.21256228       0.23206245
       0.30567630       0.21004985       0.22903036
       0.30193234       0.20756161       0.22601590
       0.29829406       0.20510165       0.22302592
       0.29476198       0.20267349       0.22006633
       0.29133615       0.20028009       0.21714223
       0.28801624       0.19792394       0.21425797
       0.28480158       0.19560710       0.21141721
       0.28169117       0.19333122       0.20862297
       0.27868378       0.19109758       0.20587775
       0.27577796       0.18890716       0.20318352
       0.27297206       0.18676065       0.20054182
       0.27026429       0.18465848       0.19795376
       0.26765272       0.18260086       0.19542011
       0.26513536       0.18058781       0.19294132
       0.26271009       0.17861916       0.19051755
       0.26037476       0.17669460       0.18814873
       0.25812721       0.17481371       0.18583455
       0.25596522       0.17297594       0.18357453
       0.25388658       0.17118067       0.18136801
       0.25188911       0.16942720       0.17921421
       0.24997063       0.16771478       0.17711223
       0.24812901       0.16604263       0.17506107
       0.24636217       0.16440995       0.17305967
       0.24466807       0.16281591       0.17110688
       0.24304476       0.16125970       0.16920155
       0.24149036       0.15974053       0.16734248
       0.24000305       0.15825763       0.16552846
       0.23858114       0.15681027       0.16375830
       0.23722300       0.15539777       0.16203082
       0.23592713       0.15401952       0.16034486
       0.23469211       0.15267495       0.15869933
       0.23351668       0.15136361       0.15709317
       0.23239964       0.15008511       0.15552540
       0.23133997       0.14883916       0.15399512
       0.23033672       0.14762558       0.15250150
       0.22938911       0.14644430       0.15104384
       0.22849646       0.14529535       0.14962152
       0.22765825       0.14417892       0.14823407
       0.22687407       0.14309530       0.14688113
       0.22614365       0.14204493       0.14556247
       0.22546683       0.14102839       0.14427802
       0.22484362       0.14004639       0.14302787
       0.22427412       0.13909979       0.14181225
       0.22375856       0.13818963       0.14063159
       0.22329731       0.13731705       0.13948645
       0.22289082       0.13648338       0.13837761
       0.22253968       0.13569007       0.13730600
       0.22224456       0.13493874       0.13627275
       0.22200622       0.13423112       0.13527918
       0.22182552       0.13356912       0.13432677
       0.22170337       0.13295474       0.13341721
       0.22164077       0.13239012       0.13255234
       0.22163876       0.13187752       0.13173419
       0.22169840       0.13141930       0.13096495
       0.22182080       0.13101789       0.13024696
       0.22200709       0.13067583       0.12958270
       0.22225838       0.13039568       0.12897480
       0.22257578       0.13018009       0.12842597
       0.22296036       0.13003170       0.12793903
       0.22341318       0.12995317       0.12751688
       0.22393521       0.12994716       0.12716245
       0.22452737       0.13001629       0.12687873
       0.22519053       0.13016312       0.12666869
       0.22592543       0.13039016       0.12653528
       0.22673274       0.13069980       0.12648142
       0.22761301       0.13109433       0.12650993
       0.22856671       0.13157592       0.12662355
       0.22959415       0.13214657       0.12682489
       0.23069554       0.13280812       0.12711641
       0.23187096       0.13356222       0.12750036
       0.23312038       0.13441033       0.12797886
       0.23444363       0.13535370       0.12855374
       0.23584041       0.13639334       0.12922666
       0.23731032       0.13753005       0.12999899
       0.23885284       0.13876439       0.13087187
       0.24046731       0.14009667       0.13184615
       0.24215300       0.14152696       0.13292241
       0.24390907       0.14305510       0.13410099
       0.24573457       0.14468067       0.13538192
       0.24762848       0.14640302       0.13676498
       0.24958969       0.14822126       0.13824967
       0.25161701       0.15013426       0.13983526
       0.25370917       0.15214069       0.14152075
       0.25586485       0.15423896       0.14330491
       0.25808265       0.15642730       0.14518628
       0.26036112       0.15870372       0.14716318
       0.26269872       0.16106602       0.14923370
       0.26509389       0.16351181       0.15139576
       0.26754498       0.16603850       0.15364705
       0.27005031       0.16864333       0.15598508
       0.27260812       0.17132335       0.15840717
       0.27521661       0.17407544       0.16091044
       0.27787394       0.17689630       0.16349184
       0.28057822       0.17978249       0.16614812
       0.28332752       0.18273040       0.16887586
       0.28611987       0.18573630       0.17167147
       0.28895329       0.18879632       0.17453115
       0.29182578       0.19190647       0.17745095
       0.29473535       0.19506266       0.18042677
       0.29768001       0.19826072       0.18345435
       0.30065780       0.20149644       0.18652928
       0.30366680       0.20476554       0.18964707
       0.30670514       0.20806374       0.19280311
       0.30977104       0.21138679       0.19599274
       0.31286279       0.21473044       0.19921128
       0.31597878       0.21809055       0.20245403
       0.31911752       0.22146305       0.20571636
       0.32227762       0.22484402       0.20899371
       0.32545786       0.22822967       0.21228165
       0.32865710       0.23161642       0.21557592
       0.33187437       0.23500087       0.21887250
       0.33510881       0.23837986       0.22216758
       0.33835969       0.24175047       0.22545769
       0.34162637       0.24511005       0.22873967
       0.34490831       0.24845621       0.23201072
       0.34820506       0.25178684       0.23526845
       0.35151618       0.25510009       0.23851086
       0.35484126       0.25839440       0.24173638
       0.35817988       0.26166845       0.24494388
       0.36153156       0.26492117       0.24813265
       0.36489573       0.26815172       0.25130239
       0.36827167       0.27135943       0.25445323
       0.37165852       0.27454383       0.25758564
       0.37505518       0.27770456       0.26070047
       0.37846030       0.28084134       0.26379885
       0.38187221       0.28395398       0.26688219
       0.38528892       0.28704226       0.26995207
       0.38870805       0.29010594       0.27301026
       0.39212681       0.29314469       0.27605859
       0.39554194       0.29615804       0.27909891
       0.39894974       0.29914535       0.28213301
       0.40234599       0.30210575       0.28516258
       0.40572594       0.30503809       0.28818908
       0.40908433       0.30794092       0.29121374
       0.41241536       0.31081241       0.29423740
       0.41571269       0.31365036       0.29726053
       0.41896946       0.31645213       0.30028311
       0.42217829       0.31921464       0.30330458
       0.42533130       0.32193432       0.30632378
       0.42842015       0.32460714       0.30933892
       0.43143607       0.32722854       0.31234753
       0.43436990       0.32979345       0.31534638
       0.43721211       0.33229631       0.31833154
       0.43995291       0.33473106       0.32129828
       0.44258224       0.33709115       0.32424111
       0.44508986       0.33936957       0.32715376
       0.44746544       0.34155887       0.33002919
       0.44969858       0.34365117       0.33285962
       0.45177890       0.34563824       0.33563654
       0.45369610       0.34751150       0.33835078
       0.45544005       0.34926208       0.34099248
       0.45700085       0.35088086       0.34355123
       0.45836889       0.35235851       0.34601604
       0.45953492       0.35368556       0.34837546
       0.46049012       0.35485242       0.35061759
       0.46122617       0.35584945       0.35273018
       0.46173529       0.35666700       0.35470068
       0.46201033       0.35729546       0.35651628
       0.46204478       0.35772531       0.35816401
       0.46183285       0.35794714       0.35963076
       0.46136954       0.35795172       0.36090335
       0.46065064       0.35773001       0.36196858
       0.45967279       0.35727324       0.36281325
       0.45843356       0.35657287       0.36342422
       0.45693144       0.35562069       0.36378843
       0.45516593       0.35440882       0.36389293
       0.45313756       0.35292972       0.36372485
       0.45084795       0.35117626       0.36327149
       0.44829988       0.34914171       0.36252023
       0.44549730       0.34681980       0.36145860
       0.44244549       0.34420473       0.36007424
       0.43915104       0.34129126       0.35835488
       0.43562202       0.33807469       0.35628836
       0.43186803       0.33455101       0.35386260
       0.42790036       0.33071693       0.35106562
       0.42373210       0.32656998       0.34788554
       0.41937831       0.32210868       0.34431061
       0.41485619       0.31733264       0.34032928
       0.41018528       0.31224281       0.33593028
       0.40538767       0.30684167       0.33110273
       0.40048826       0.30113356       0.32583640
       0.39551496       0.29512498       0.32012190
       0.39049903       0.28882501       0.31395106
       0.38547530       0.28224580       0.30731742
       0.38048246       0.27540310       0.30021681
       0.37556330       0.26831693       0.29264812
       0.37076495       0.26101224       0.28461422
       0.36613900       0.25351973       0.27612319
       0.36174160       0.24587671       0.26718961
       0.35763339       0.23812795       0.25783634
       0.35387923       0.23032666       0.24809628
       0.35054776       0.22253525       0.23801462
       0.34771065       0.21482617       0.22765109
       0.34544150       0.20728237       0.21708244
       0.34381433       0.19999761       0.20640479
       0.34290160       0.19307614       0.19573576
       0.34277184       0.18663196       0.18521615
       0.34348664       0.18078712       0.17501064
       0.34509732       0.17566926       0.16530731
       0.34764119       0.17140802       0.15631541
       0.35113772       0.16813043       0.14826097
       0.35558469       0.16595521       0.14137997
       0.36095486       0.16498629       0.13590890
       0.36719330       0.16530580       0.13207279
       0.37421607       0.16696706       0.13007132
       0.38191029       0.16998825       0.13006385
       0.39013617       0.17434746       0.13215475
       0.39873099       0.17997985       0.13638065
       0.40751500       0.18677747       0.14270131
       0.41629883       0.19459220       0.15099566
       0.42489217       0.20324168       0.16106392
       0.43311264       0.21251797       0.17263627
       0.44079439       0.22219815       0.18538735
       0.44779554       0.23205589       0.19895519
       0.45400382       0.24187293       0.21296275
       0.45934010       0.25144937       0.22703954
       0.46375956       0.26061190       0.24084143
       0.46725073       0.26921955       0.25406664
       0.46983255       0.27716661       0.26646701
       0.47155014       0.28438298       0.27785411
       0.47246961       0.29083225       0.28810034
       0.47267248       0.29650809       0.29713598
       0.47225033       0.30142954       0.30494307
       0.47129969       0.30563574       0.31154722
       0.46991779       0.30918060       0.31700862
       0.46819895       0.31212781       0.32141282
       0.46623191       0.31454641       0.32486223
       0.46409791       0.31650705       0.32746854
       0.46186949       0.31807904       0.32934649
       0.45960991       0.31932812       0.33060882
       0.45737305       0.32031488       0.33136263
       0.45520366       0.32109380       0.33170676
       0.45313795       0.32171274       0.33173019
       0.45120429       0.32221285       0.33151127
       0.44942401       0.32262868       0.33111749
       0.44781231       0.32298861       0.33060581
       0.44637907       0.32331531       0.33002324
       0.44512974       0.32362633       0.32940768
       0.44406605       0.32393473       0.32878889
       0.44318674       0.32424968       0.32818946
       0.44248814       0.32457705       0.32762583
       0.44196471       0.32491995       0.32710926
       0.44160952       0.32527923       0.32664671
       0.44141456       0.32565393       0.32624168
       0.44137109       0.32604162       0.32589487
       0.44146981       0.32643875       0.32560487
       0.44170112       0.32684087       0.32536863
       0.44205516       0.32724286       0.32518189
