       0.25399159       0.13783361       0.12777391
       0.25605568       0.13919214       0.12861634
       0.25822023       0.14072428       0.12966059
       0.26047931       0.14242879       0.13090822
       0.26282648       0.14430325       0.13235908
       0.26525491       0.14634409       0.13401126
       0.26775749       0.14854665       0.13586115
       0.27032697       0.15090528       0.13790348
       0.27295611       0.15341344       0.14013143
       0.27563775       0.15606382       0.14253681
       0.27836500       0.15884849       0.14511016
       0.28113131       0.16175903       0.14784106
       0.28393060       0.16478670       0.15071828
       0.28675730       0.16792259       0.15373002
       0.28960646       0.17115773       0.15686422
       0.29247377       0.17448325       0.16010870
       0.29535558       0.17789048       0.16345146
       0.29824891       0.18137105       0.16688081
       0.30115143       0.18491696       0.17038555
       0.30406143       0.18852064       0.17395514
       0.30697778       0.19217497       0.17757974
       0.30989984       0.19587330       0.18125029
       0.31282745       0.19960946       0.18495854
       0.31576079       0.20337772       0.18869703
       0.31870040       0.20717274       0.19245906
       0.32164703       0.21098960       0.19623860
       0.32460163       0.21482369       0.20003025
       0.32756527       0.21867066       0.20382914
       0.33053913       0.22252646       0.20763081
       0.33352444       0.22638720       0.21143117
       0.33652248       0.23024921       0.21522638
       0.33953453       0.23410895       0.21901279
       0.34256191       0.23796305       0.22278688
       0.34560598       0.24180827       0.22654525
       0.34866812       0.24564155       0.23028457
       0.35174980       0.24945999       0.23400159
       0.35485256       0.25326090       0.23769316
       0.35797802       0.25704181       0.24135627
       0.36112794       0.26080054       0.24498808
       0.36430422       0.26453518       0.24858601
       0.36750889       0.26824417       0.25214775
       0.37074412       0.27192630       0.25567139
       0.37401223       0.27558078       0.25915544
       0.37731568       0.27920721       0.26259889
       0.38065702       0.28280562       0.26600132
       0.38403889       0.28637647       0.26936288
       0.38746396       0.28992064       0.27268438
       0.39093489       0.29343943       0.27596728
       0.39445429       0.29693452       0.27921371
       0.39802464       0.30040795       0.28242645
       0.40164824       0.30386206       0.28560896
       0.40532714       0.30729945       0.28876526
       0.40906306       0.31072294       0.29189997
       0.41285733       0.31413547       0.29501817
       0.41671082       0.31754005       0.29812537
       0.42062386       0.32093969       0.30122743
       0.42459618       0.32433731       0.30433044
       0.42862684       0.32773568       0.30744059
       0.43271419       0.33113733       0.31056415
       0.43685582       0.33454445       0.31370726
       0.44104851       0.33795886       0.31687587
       0.44528818       0.34138191       0.32007560
       0.44956991       0.34481442       0.32331162
       0.45388788       0.34825660       0.32658857
       0.45823540       0.35170802       0.32991040
       0.46260492       0.35516756       0.33328032
       0.46698801       0.35863335       0.33670065
       0.47137544       0.36210274       0.34017279
       0.47575718       0.36557233       0.34369712
       0.48012247       0.36903788       0.34727292
       0.48445989       0.37249437       0.35089838
       0.48875739       0.37593598       0.35457050
       0.49300243       0.37935612       0.35828513
       0.49718200       0.38274746       0.36203694
       0.50128274       0.38610197       0.36581942
       0.50529102       0.38941093       0.36962496
       0.50919308       0.39266506       0.37344481
       0.51297504       0.39585448       0.37726924
       0.51662310       0.39896887       0.38108751
       0.52012355       0.40199747       0.38488801
       0.52346290       0.40492917       0.38865831
       0.52662800       0.40775262       0.39238528
       0.52960606       0.41045623       0.39605517
       0.53238479       0.41302829       0.39965372
       0.53495241       0.41545702       0.40316624
       0.53729779       0.41773066       0.40657774
       0.53941046       0.41983748       0.40987301
       0.54128067       0.42176586       0.41303669
       0.54289943       0.42350435       0.41605339
       0.54425859       0.42504169       0.41890772
       0.54535079       0.42636685       0.42158441
       0.54616957       0.42746905       0.42406832
       0.54670933       0.42833779       0.42634449
       0.54696538       0.42896284       0.42839819
       0.54693393       0.42933429       0.43021493
       0.54661211       0.42944248       0.43178046
       0.54599798       0.42927806       0.43308077
       0.54509051       0.42883191       0.43410206
       0.54388966       0.42809519       0.43483073
       0.54239630       0.42705927       0.43525331
       0.54061230       0.42571573       0.43535643
       0.53854055       0.42405632       0.43512673
       0.53618496       0.42207297       0.43455079
       0.53355055       0.41975773       0.43361506
       0.53064348       0.41710279       0.43230577
       0.52747117       0.41410049       0.43060877
       0.52404238       0.41074329       0.42850954
       0.52036733       0.40702386       0.42599299
       0.51645789       0.40293507       0.42304342
       0.51232772       0.39847017       0.41964443
       0.50799256       0.39362280       0.41577888
       0.50347042       0.38838730       0.41142883
       0.49878194       0.38275884       0.40657558
       0.49395070       0.37673378       0.40119977
       0.48900365       0.37031006       0.39528151
       0.48397151       0.36348774       0.38880070
       0.47888931       0.35626954       0.38173744
       0.47379685       0.34866170       0.37407266
       0.46873926       0.34067485       0.36578901
       0.46376754       0.33232514       0.35687196
       0.45893908       0.32363553       0.34731139
       0.45431809       0.31463726       0.33710354
       0.44997591       0.30537158       0.32625347
       0.44599113       0.29589152       0.31477816
       0.44244942       0.28626385       0.30271011
       0.43944291       0.27657106       0.29010168
       0.43706912       0.26691313       0.27702992
       0.43542911       0.25740902       0.26360181
       0.43462489       0.24819757       0.24995962
       0.43475582       0.23943744       0.23628583
       0.43591401       0.23130574       0.22280710
       0.43817867       0.22399494       0.20979615
       0.44160951       0.21770768       0.19757075
       0.44623953       0.21264913       0.18648831
       0.45206756       0.20901691       0.17693529
       0.45905136       0.20698874       0.16931044
       0.46710194       0.20670851       0.16400185
       0.47608028       0.20827176       0.16135865
       0.48579718       0.21171227       0.16165943
       0.49601709       0.21699138       0.16508070
       0.50646619       0.22399213       0.17166952
       0.51684458       0.23251938       0.18132494
       0.52684166       0.24230700       0.19379188
       0.53615345       0.25303181       0.20867007
       0.54449990       0.26433299       0.22543768
       0.55164054       0.27583492       0.24348754
       0.55738658       0.28717071       0.26217100
       0.56160858       0.29800372       0.28084391
       0.56423911       0.30804486       0.29890884
       0.56527058       0.31706429       0.31584899
       0.56474919       0.32489694       0.33125075
       0.56276605       0.33144236       0.34481452
       0.55944673       0.33665987       0.35635437
       0.55494052       0.34056050       0.36578912
       0.54941021       0.34319705       0.37312746
       0.54302323       0.34465358       0.37844999
       0.53594436       0.34503547       0.38189055
       0.52833024       0.34446045       0.38361866
       0.52032546       0.34305125       0.38382414
       0.51206026       0.34092974       0.38270451
       0.50364935       0.33821268       0.38045532
       0.49519172       0.33500879       0.37726317
       0.48677113       0.33141701       0.37330100
       0.47845706       0.32752556       0.36872547
       0.47030597       0.32341180       0.36367562
       0.46236271       0.31914249       0.35827283
       0.45466187       0.31477438       0.35262139
       0.44722927       0.31035506       0.34680959
       0.44008317       0.30592378       0.34091118
       0.43323556       0.30151247       0.33498683
       0.42669316       0.29714654       0.32908568
       0.42045842       0.29284585       0.32324684
       0.41453032       0.28862542       0.31750074
       0.40890510       0.28449619       0.31187045
       0.40357688       0.28046566       0.30637273
       0.39853814       0.27653845       0.30101912
       0.39378022       0.27271679       0.29581674
       0.38929362       0.26900099       0.29076909
       0.38506837       0.26538978       0.28587671
       0.38109426       0.26188067       0.28113769
       0.37736106       0.25847018       0.27654823
       0.37385867       0.25515418       0.27210296
       0.37057735       0.25192803       0.26779539
       0.36750774       0.24878678       0.26361816
       0.36464106       0.24572540       0.25956329
       0.36196910       0.24273884       0.25562248
       0.35948440       0.23982227       0.25178728
       0.35718020       0.23697110       0.24804925
       0.35505055       0.23418121       0.24440020
       0.35309032       0.23144896       0.24083231
       0.35129525       0.22877135       0.23733828
       0.34966191       0.22614611       0.23391152
       0.34818777       0.22357179       0.23054626
       0.34687113       0.22104786       0.22723772
       0.34571113       0.21857475       0.22398224
       0.34470773       0.21615401       0.22077747
       0.34386162       0.21378830       0.21762246
       0.34317418       0.21148148       0.21451787
       0.34264739       0.20923868       0.21146605
       0.34228374       0.20706631       0.20847124
       0.34208606       0.20497204       0.20553964
       0.34205741       0.20296487       0.20267956
       0.34220091       0.20105500       0.19990146
       0.34251950       0.19925381       0.19721804
       0.34301576       0.19757375       0.19464421
       0.34369164       0.19602815       0.19219707
       0.34454821       0.19463105       0.18989575
       0.34558538       0.19339697       0.18776129
       0.34680160       0.19234055       0.18581630
       0.34819360       0.19147626       0.18408464
       0.34975609       0.19081800       0.18259095
       0.35148150       0.19037865       0.18136006
       0.35335977       0.19016961       0.18041636
       0.35537815       0.19020034       0.17978305
       0.35752111       0.19047788       0.17948133
       0.35977028       0.19100639       0.17952955
       0.36210446       0.19178671       0.17994234
       0.36449980       0.19281607       0.18072979
       0.36692999       0.19408774       0.18189665
       0.36936663       0.19559094       0.18344172
       0.37177960       0.19731075       0.18535730
       0.37413763       0.19922824       0.18762894
       0.37640885       0.20132070       0.19023532
       0.37856143       0.20356201       0.19314847
       0.38056426       0.20592315       0.19633415
       0.38238758       0.20837280       0.19975255
       0.38400366       0.21087808       0.20335918
       0.38538739       0.21340527       0.20710594
       0.38651674       0.21592059       0.21094232
       0.38737325       0.21839101       0.21481670
       0.38794231       0.22078494       0.21867765
       0.38821335       0.22307289       0.22247517
       0.38817993       0.22522807       0.22616183
       0.38783968       0.22722679       0.22969384
       0.38719418       0.22904881       0.23303179
       0.38624870       0.23067756       0.23614137
       0.38501189       0.23210018       0.23899373
       0.38349540       0.23330752       0.24156574
       0.38171347       0.23429400       0.24383995
       0.37968249       0.23505742       0.24580455
       0.37742054       0.23559863       0.24745297
       0.37494699       0.23592127       0.24878357
       0.37228205       0.23603138       0.24979909
       0.36944639       0.23593705       0.25050615
       0.36646084       0.23564803       0.25091471
       0.36334602       0.23517542       0.25103744
       0.36012213       0.23453131       0.25088921
       0.35680868       0.23372846       0.25048658
       0.35342437       0.23278005       0.24984728
       0.34998692       0.23169943       0.24898982
       0.34651297       0.23049990       0.24793307
       0.34301800       0.22919453       0.24669597
       0.33951633       0.22779604       0.24529722
       0.33602106       0.22631666       0.24375507
       0.33254410       0.22476802       0.24208715
       0.32909616       0.22316115       0.24031028
       0.32568681       0.22150635       0.23844044
       0.32232453       0.21981323       0.23649261
       0.31901674       0.21809064       0.23448080
       0.31576983       0.21634673       0.23241799
       0.31258930       0.21458888       0.23031612
       0.30947973       0.21282378       0.22818612
       0.30644491       0.21105743       0.22603792
       0.30348785       0.20929515       0.22388048
       0.30061088       0.20754165       0.22172185
       0.29781569       0.20580102       0.21956915
       0.29510337       0.20407677       0.21742872
       0.29247450       0.20237189       0.21530605
       0.28992916       0.20068886       0.21320592
       0.28746700       0.19902971       0.21113239
       0.28508730       0.19739600       0.20908890
       0.28278897       0.19578891       0.20707824
       0.28057061       0.19420925       0.20510268
       0.27843056       0.19265747       0.20316394
       0.27636693       0.19113371       0.20126327
       0.27437760       0.18963785       0.19940148
       0.27246029       0.18816946       0.19757898
       0.27061258       0.18672791       0.19579579
       0.26883190       0.18531235       0.19405159
       0.26711562       0.18392173       0.19234576
       0.26546103       0.18255485       0.19067740
       0.26386534       0.18121035       0.18904533
       0.26232577       0.17988673       0.18744815
       0.26083952       0.17858242       0.18588427
       0.25940379       0.17729573       0.18435189
       0.25801584       0.17602491       0.18284904
       0.25667295       0.17476817       0.18137365
       0.25537249       0.17352366       0.17992347
       0.25411191       0.17228954       0.17849620
       0.25288875       0.17106397       0.17708941
       0.25170070       0.16984510       0.17570064
       0.25054556       0.16863116       0.17432736
       0.24942131       0.16742040       0.17296702
       0.24832606       0.16621116       0.17161707
       0.24725816       0.16500187       0.17027495
       0.24621612       0.16379106       0.16893815
       0.24519869       0.16257740       0.16760419
       0.24420486       0.16135971       0.16627069
       0.24323384       0.16013696       0.16493533
       0.24228515       0.15890834       0.16359591
       0.24135854       0.15767322       0.16225040
       0.24045411       0.15643121       0.16089689
       0.23957221       0.15518218       0.15953370
       0.23871355       0.15392628       0.15815933
       0.23787915       0.15266394       0.15677255
       0.23707039       0.15139592       0.15537241
       0.23628896       0.15012334       0.15395823
       0.23553695       0.14884765       0.15252973
       0.23481678       0.14757073       0.15108694
       0.23413123       0.14629485       0.14963036
       0.23348346       0.14502269       0.14816089
       0.23287697       0.14375742       0.14667994
       0.23231559       0.14250265       0.14518942
       0.23180350       0.14126247       0.14369181
       0.23134520       0.14004148       0.14219017
       0.23094548       0.13884476       0.14068818
       0.23060937       0.13767789       0.13919018
       0.23034218       0.13654696       0.13770118
       0.23014938       0.13545854       0.13622690
       0.23003658       0.13441969       0.13477374
       0.23000953       0.13343790       0.13334887
       0.23007399       0.13252110       0.13196013
       0.23023572       0.13167758       0.13061609
       0.23050036       0.13091598       0.12932598
       0.23087343       0.13024518       0.12809970
       0.23136019       0.12967429       0.12694769
       0.23196561       0.12921252       0.12588093
       0.23269425       0.12886912       0.12491082
       0.23355019       0.12865326       0.12404908
       0.23453701       0.12857395       0.12330764
       0.23565761       0.12863990       0.12269848
       0.23691425       0.12885942       0.12223349
       0.23830842       0.12924031       0.12192433
       0.23984083       0.12978972       0.12178220
       0.24151135       0.13051405       0.12181773
       0.24331902       0.13141882       0.12204074
       0.24526199       0.13250862       0.12246010
       0.24733757       0.13378697       0.12308353
       0.24954226       0.13525630       0.12391751
       0.25187175       0.13691785       0.12496706
       0.25432103       0.13877166       0.12623570
       0.25688441       0.14081660       0.12772535
       0.25955564       0.14305029       0.12943627
       0.26232802       0.14546924       0.13136706
       0.26519443       0.14806883       0.13351472
       0.26814752       0.15084340       0.13587464
       0.27117978       0.15378638       0.13844075
       0.27428363       0.15689033       0.14120563
       0.27745157       0.16014713       0.14416066
       0.28067621       0.16354801       0.14729616
       0.28395041       0.16708375       0.15060159
       0.28726730       0.17074475       0.15406574
       0.29062037       0.17452115       0.15767688
       0.29400351       0.17840296       0.16142293
       0.29741104       0.18238010       0.16529166
       0.30083772       0.18644255       0.16927075
       0.30427876       0.19058035       0.17334798
       0.30772982       0.19478370       0.17751125
       0.31118705       0.19904298       0.18174871
       0.31464700       0.20334883       0.18604878
       0.31810669       0.20769212       0.19040018
       0.32156355       0.21206400       0.19479193
       0.32501544       0.21645596       0.19921341
       0.32846063       0.22085976       0.20365432
       0.33189782       0.22526757       0.20810467
       0.33532615       0.22967189       0.21255483
       0.33874516       0.23406563       0.21699552
       0.34215486       0.23844216       0.22141782
       0.34555572       0.24279530       0.22581321
       0.34894869       0.24711939       0.23017361
       0.35233519       0.25140932       0.23449146
       0.35571716       0.25566059       0.23875974
       0.35909703       0.25986932       0.24297206
       0.36247774       0.26403233       0.24712274
       0.36586271       0.26814714       0.25120685
       0.36925585       0.27221201       0.25522035
       0.37266151       0.27622594       0.25916007
       0.37608447       0.28018872       0.26302383
       0.37952986       0.28410090       0.26681049
       0.38300313       0.28796378       0.27051993
       0.38650997       0.29177939       0.27415312
       0.39005626       0.29555047       0.27771211
       0.39364795       0.29928038       0.28120003
       0.39729103       0.30297313       0.28462104
       0.40099138       0.30663320       0.28798027
       0.40475472       0.31026558       0.29128383
       0.40858650       0.31387562       0.29453865
       0.41249180       0.31746894       0.29775247
       0.41647522       0.32105139       0.30093365
       0.42054083       0.32462890       0.30409115
       0.42469203       0.32820741       0.30723434
       0.42893152       0.33179275       0.31037292
       0.43326115       0.33539056       0.31351675
       0.43768193       0.33900620       0.31667573
       0.44219392       0.34264461       0.31985963
       0.44679617       0.34631026       0.32307802
       0.45148672       0.35000706       0.32634003
       0.45626254       0.35373825       0.32965428
       0.46111952       0.35750636       0.33302875
       0.46605244       0.36131313       0.33647059
       0.47105503       0.36515946       0.33998607
       0.47611995       0.36904538       0.34358044
       0.48123884       0.37296997       0.34725784
       0.48640233       0.37693140       0.35102119
       0.49160015       0.38092688       0.35487217
       0.49682117       0.38495269       0.35881115
       0.50205348       0.38900416       0.36283714
       0.50728448       0.39307574       0.36694779
       0.51250097       0.39716102       0.37113941
       0.51768929       0.40125276       0.37540694
       0.52283536       0.40534300       0.37974406
       0.52792484       0.40942308       0.38414320
       0.53294324       0.41348375       0.38859562
       0.53787601       0.41751524       0.39309152
       0.54270868       0.42150735       0.39762012
       0.54742692       0.42544954       0.40216977
       0.55201668       0.42933102       0.40672809
       0.55646430       0.43314085       0.41128208
       0.56075655       0.43686801       0.41581827
       0.56488072       0.44050151       0.42032279
       0.56882474       0.44403046       0.42478157
       0.57257718       0.44744415       0.42918042
       0.57612735       0.45073210       0.43350515
       0.57946531       0.45388416       0.43774171
       0.58258191       0.45689053       0.44187624
       0.58546885       0.45974182       0.44589521
       0.58811862       0.46242911       0.44978547
       0.59052460       0.46494394       0.45353435
       0.59268099       0.46727834       0.45712969
       0.59458283       0.46942488       0.46055989
       0.59622598       0.47137666       0.46381396
       0.59760711       0.47312727       0.46688158
       0.59872367       0.47467086       0.46975302
       0.59957386       0.47600205       0.47241925
       0.60015658       0.47711598       0.47487189
       0.60047145       0.47800824       0.47710320
       0.60051871       0.47867486       0.47910606
       0.60029923       0.47911229       0.48087395
       0.59981444       0.47931733       0.48240094
       0.59906629       0.47928715       0.48368162
       0.59805726       0.47901918       0.48471104
       0.59679024       0.47851111       0.48548472
       0.59526859       0.47776085       0.48599854
       0.59349601       0.47676644       0.48624870
       0.59147659       0.47552606       0.48623166
       0.58921472       0.47403790       0.48594404
       0.58671513       0.47230019       0.48538260
       0.58398280       0.47031112       0.48454409
       0.58102301       0.46806875       0.48342523
       0.57784131       0.46557103       0.48202259
       0.57444353       0.46281568       0.48033251
       0.57083577       0.45980021       0.47835100
       0.56702446       0.45652183       0.47607362
       0.56301637       0.45297745       0.47349542
       0.55881868       0.44916361       0.47061082
       0.55443900       0.44507649       0.46741350
       0.54988553       0.44071189       0.46389626
       0.54516710       0.43606522       0.46005099
       0.54029330       0.43113156       0.45586850
       0.53527468       0.42590565       0.45133846
       0.53012288       0.42038199       0.44644930
       0.52485089       0.41455496       0.44118815
       0.51947327       0.40841893       0.43554082
       0.51400643       0.40196849       0.42949174
       0.50846900       0.39519868       0.42302407
       0.50288219       0.38810535       0.41611975
       0.49727019       0.38068558       0.40875974
       0.49166067       0.37293820       0.40092433
       0.48608526       0.36486447       0.39259358
       0.48058013       0.35646885       0.38374798
       0.47518648       0.34775997       0.37436942
       0.46995118       0.33875176       0.36444227
       0.46492725       0.32946480       0.35395509
       0.46017434       0.31992785       0.34290253
       0.45575905       0.31017950       0.33128793
       0.45175507       0.30027010       0.31912637
       0.44824297       0.29026372       0.30644840
       0.44530970       0.28024008       0.29330438
       0.44304739       0.27029644       0.27976934
       0.44155160       0.26054902       0.26594827
       0.44091869       0.25113397       0.25198143
       0.44124222       0.24220721       0.23804933
       0.44260835       0.23394311       0.22437657
       0.44509021       0.22653128       0.21123369
       0.44874132       0.22017134       0.19893594
       0.45358839       0.21506523       0.18783778
       0.45962397       0.21140702       0.17832202
       0.46679957       0.20937053       0.17078285
       0.47502018       0.20909537       0.16560270
       0.48414111       0.21067243       0.16312385
       0.49396803       0.21413060       0.16361687
       0.50426096       0.21942628       0.16724924
       0.51474257       0.22643763       0.17405840
       0.52511044       0.23496508       0.18393368
       0.53505251       0.24473870       0.19661087
       0.54426440       0.25543235       0.21168178
       0.55246657       0.26668322       0.22861845
       0.55941975       0.27811465       0.24680964
       0.56493686       0.28935957       0.26560484
       0.56889038       0.30008181       0.28436003
       0.57121470       0.30999313       0.30247944
       0.57190383       0.31886462       0.31944889
       0.57100518       0.32653201       0.33485780
       0.56861056       0.33289527       0.34840939
       0.56484583       0.33791370       0.35991992
       0.55986010       0.34159775       0.36930950
       0.55381571       0.34399918       0.37658707
       0.54687943       0.34520063       0.38183247
       0.53921530       0.34530572       0.38517787
       0.53097924       0.34443031       0.38679039
       0.52231534       0.34269520       0.38685695
       0.51335350       0.34022047       0.38557192
       0.50420844       0.33712126       0.38312760
       0.49497949       0.33350500       0.37970747
       0.48575110       0.32946967       0.37548166
       0.47659387       0.32510295       0.37060433
       0.46756573       0.32048209       0.36521259
       0.45871334       0.31567418       0.35942638
       0.45007349       0.31073678       0.35334910
       0.44167446       0.30571868       0.34706882
       0.43353732       0.30066078       0.34065958
       0.42567705       0.29559703       0.33418294
       0.41810361       0.29055527       0.32768950
       0.41082284       0.28555809       0.32122034
       0.40383727       0.28062357       0.31480836
       0.39714678       0.27576600       0.30847954
       0.39074917       0.27099646       0.30225405
       0.38464067       0.26632339       0.29614714
       0.37881633       0.26175302       0.29017010
       0.37327034       0.25728982       0.28433086
       0.36799632       0.25293681       0.27863473
       0.36298756       0.24869590       0.27308483
       0.35823717       0.24456810       0.26768262
       0.35373825       0.24055377       0.26242825
       0.34948398       0.23665282       0.25732088
       0.34546776       0.23286482       0.25235898
       0.34168320       0.22918917       0.24754055
       0.33812424       0.22562522       0.24286331
       0.33478516       0.22217235       0.23832491
       0.33166059       0.21883009       0.23392303
       0.32874553       0.21559812       0.22965557
       0.32603532       0.21247641       0.22552067
       0.32352569       0.20946521       0.22151691
       0.32121265       0.20656512       0.21764331
       0.31909255       0.20377710       0.21389945
       0.31716198       0.20110250       0.21028549
       0.31541772       0.19854307       0.20680226
       0.31385675       0.19610094       0.20345125
       0.31247610       0.19377863       0.20023466
       0.31127287       0.19157900       0.19715541
       0.31024409       0.18950525       0.19421711
       0.30938665       0.18756084       0.19142407
       0.30869727       0.18574947       0.18878124
       0.30817234       0.18407495       0.18629414
       0.30780788       0.18254118       0.18396881
       0.30759943       0.18115200       0.18181169
       0.30754198       0.17991112       0.17982948
       0.30762987       0.17882200       0.17802905
       0.30785672       0.17788771       0.17641722
       0.30821538       0.17711081       0.17500061
       0.30869785       0.17649321       0.17378541
       0.30929528       0.17603605       0.17277719
       0.30999790       0.17573957       0.17198066
       0.31079508       0.17560299       0.17139948
       0.31167528       0.17562440       0.17103597
       0.31262618       0.17580068       0.17089098
       0.31363467       0.17612742       0.17096364
       0.31468702       0.17659890       0.17125121
       0.31576893       0.17720806       0.17174898
       0.31686573       0.17794650       0.17245015
       0.31796252       0.17880459       0.17334580
       0.31904431       0.17977148       0.17442491
       0.32009628       0.18083527       0.17567444
       0.32110393       0.18198313       0.17707942
       0.32205326       0.18320148       0.17862316
       0.32293102       0.18447616       0.18028746
       0.32372483       0.18579268       0.18205289
       0.32442340       0.18713639       0.18389908
       0.32501664       0.18849273       0.18580510
       0.32549579       0.18984745       0.18774972
       0.32585355       0.19118681       0.18971184
       0.32608409       0.19249776       0.19167079
       0.32618315       0.19376813       0.19360665
       0.32614800       0.19498680       0.19550057
       0.32597745       0.19614375       0.19733502
       0.32567177       0.19723023       0.19909399
       0.32523265       0.19823878       0.20076319
       0.32466312       0.19916327       0.20233019
       0.32396736       0.19999889       0.20378445
       0.32315069       0.20074217       0.20511740
       0.32221934       0.20139087       0.20632243
       0.32118037       0.20194398       0.20739482
       0.32004149       0.20240159       0.20833168
       0.31881096       0.20276485       0.20913185
       0.31749741       0.20303579       0.20979576
       0.31610974       0.20321728       0.21032528
       0.31465699       0.20331289       0.21072357
       0.31314823       0.20332676       0.21099494
       0.31159243       0.20326355       0.21114466
       0.30999842       0.20312825       0.21117878
       0.30837475       0.20292616       0.21110404
       0.30672967       0.20266275       0.21092766
       0.30507105       0.20234357       0.21065722
       0.30340633       0.20197421       0.21030054
       0.30174247       0.20156021       0.20986555
       0.30008597       0.20110698       0.20936022
       0.29844278       0.20061978       0.20879240
       0.29681835       0.20010367       0.20816982
       0.29521758       0.19956344       0.20749997
       0.29364482       0.19900362       0.20679006
       0.29210391       0.19842844       0.20604694
       0.29059815       0.19784179       0.20527714
       0.28913034       0.19724724       0.20448676
       0.28770276       0.19664802       0.20368147
       0.28631722       0.19604700       0.20286652
       0.28497506       0.19544670       0.20204671
       0.28367719       0.19484929       0.20122636
       0.28242408       0.19425660       0.20040937
       0.28121581       0.19367012       0.19959916
       0.28005207       0.19309100       0.19879872
       0.27893222       0.19252008       0.19801060
       0.27785527       0.19195787       0.19723690
       0.27681992       0.19140460       0.19647934
       0.27582460       0.19086021       0.19573921
       0.27486747       0.19032436       0.19501744
       0.27394645       0.18979646       0.19431456
       0.27305924       0.18927565       0.19363077
       0.27220336       0.18876088       0.19296592
       0.27137613       0.18825085       0.19231954
       0.27057474       0.18774408       0.19169087
       0.26979624       0.18723890       0.19107884
       0.26903756       0.18673345       0.19048212
       0.26829555       0.18622574       0.18989915
       0.26756695       0.18571363       0.18932810
       0.26684849       0.18519484       0.18876694
       0.26613684       0.18466700       0.18821343
       0.26542864       0.18412760       0.18766514
       0.26472054       0.18357409       0.18711947
       0.26400922       0.18300383       0.18657366
       0.26329135       0.18241412       0.18602480
       0.26256370       0.18180222       0.18546985
       0.26182308       0.18116536       0.18490567
       0.26106639       0.18050074       0.18432899
       0.26029062       0.17980559       0.18373647
       0.25949291       0.17907713       0.18312469
       0.25867052       0.17831261       0.18249015
       0.25782086       0.17750933       0.18182932
       0.25694154       0.17666464       0.18113863
       0.25603035       0.17577596       0.18041446
       0.25508530       0.17484082       0.17965321
       0.25410462       0.17385683       0.17885127
       0.25308682       0.17282175       0.17800506
       0.25203069       0.17173348       0.17711102
       0.25093529       0.17059007       0.17616566
       0.24980004       0.16938979       0.17516555
       0.24862469       0.16813109       0.17410735
       0.24740935       0.16681267       0.17298783
       0.24615456       0.16543348       0.17180392
       0.24486125       0.16399278       0.17055268
       0.24353082       0.16249013       0.16923139
       0.24216512       0.16092545       0.16783751
       0.24076652       0.15929902       0.16636880
       0.23933791       0.15761158       0.16482327
       0.23788273       0.15586427       0.16319928
       0.23640497       0.15405876       0.16149556
       0.23490927       0.15219725       0.15971124
       0.23340084       0.15028248       0.15784594
       0.23188556       0.14831784       0.15589979
       0.23036995       0.14630735       0.15387350
       0.22886121       0.14425575       0.15176842
       0.22736722       0.14216853       0.14958662
       0.22589654       0.14005193       0.14733093
       0.22445842       0.13791307       0.14500503
       0.22306278       0.13575991       0.14261353
       0.22172021       0.13360131       0.14016205
       0.22044193       0.13144708       0.13765727
       0.21923978       0.12930799       0.13510703
       0.21812616       0.12719580       0.13252043
       0.21711395       0.12512326       0.12990785
       0.21621648       0.12310409       0.12728106
       0.21544744       0.12115303       0.12465328
       0.21482074       0.11928574       0.12203920
       0.21435046       0.11751879       0.11945507
       0.21405064       0.11586962       0.11691866
       0.21393520       0.11435639       0.11444931
       0.21401772       0.11299793       0.11206788
       0.21431130       0.11181359       0.10979672
       0.21482832       0.11082308       0.10765953
       0.21558025       0.11004625       0.10568131
       0.21657745       0.10950293       0.10388812
       0.21782889       0.10921265       0.10230692
       0.21934192       0.10919437       0.10096529
       0.22112208       0.10946619       0.09989111
       0.22317283       0.11004504       0.09911222
       0.22549533       0.11094633       0.09865600
       0.22808826       0.11218363       0.09854893
       0.23094764       0.11376827       0.09881607
       0.23406666       0.11570906       0.09948056
       0.23743561       0.11801190       0.10056309
       0.24104180       0.12067951       0.10208129
       0.24486956       0.12371113       0.10404926
       0.24890029       0.12710230       0.10647698
       0.25311255       0.13084469       0.10936986
       0.25748226       0.13492595       0.11272830
       0.26198291       0.13932975       0.11654735
       0.26658589       0.14403572       0.12081647
       0.27126078       0.14901966       0.12551936
       0.27597581       0.15425370       0.13063393
       0.28069827       0.15970662       0.13613243
       0.28539500       0.16534421       0.14198169
       0.29003290       0.17112971       0.14814346
       0.29457939       0.17702434       0.15457495
       0.29900298       0.18298785       0.16122940
       0.30327368       0.18897912       0.16805683
       0.30736352       0.19495677       0.17500484
       0.31124693       0.20087980       0.18201942
       0.31490111       0.20670817       0.18904591
       0.31830631       0.21240339       0.19602982
       0.32144611       0.21792904       0.20291777
       0.32430754       0.22325128       0.20965826
       0.32688120       0.22833921       0.21620249
       0.32916126       0.23316523       0.22250501
       0.33114544       0.23770524       0.22852429
       0.33283487       0.24193888       0.23422320
       0.33423394       0.24584955       0.23956934
       0.33535010       0.24942440       0.24453529
       0.33619358       0.25265434       0.24909867
       0.33677709       0.25553377       0.25324218
       0.33711557       0.25806053       0.25695344
       0.33722580       0.26023552       0.26022486
       0.33712611       0.26206250       0.26305330
       0.33683606       0.26354775       0.26543977
       0.33637609       0.26469975       0.26738901
       0.33576725       0.26552882       0.26890911
       0.33503090       0.26604681       0.27001102
       0.33418843       0.26626673       0.27070814
       0.33326106       0.26620245       0.27101585
       0.33226959       0.26586840       0.27095106
       0.33123426       0.26527923       0.27053181
       0.33017454       0.26444961       0.26977684
       0.32910902       0.26339395       0.26870521
       0.32805532       0.26212619       0.26733600
       0.32703001       0.26065962       0.26568790
       0.32604853       0.25900668       0.26377898
       0.32512522       0.25717888       0.26162640
       0.32427328       0.25518664       0.25924617
       0.32350480       0.25303922       0.25665290
       0.32283086       0.25074470       0.25385968
       0.32226156       0.24830989       0.25087782
       0.32180619       0.24574040       0.24771680
       0.32147330       0.24304065       0.24438407
       0.32127098       0.24021396       0.24088505
       0.32120697       0.23726267       0.23722300
       0.32128898       0.23418833       0.23339911
       0.32152494       0.23099192       0.22941245
       0.32192329       0.22767415       0.22526019
       0.32249342       0.22423585       0.22093773
       0.32324595       0.22067837       0.21643907
       0.32419320       0.21700418       0.21175717
       0.32534962       0.21321750       0.20688464
       0.32673216       0.20932503       0.20181443
       0.32836076       0.20533681       0.19654087
       0.33025865       0.20126721       0.19106090
       0.33245269       0.19713597       0.18537560
       0.33497355       0.19296934       0.17949199
       0.33785571       0.18880130       0.17342522
       0.34113730       0.18467471       0.16720097
       0.34485956       0.18064239       0.16085817
       0.34906603       0.17676808       0.15445189
       0.35380128       0.17312706       0.14805629
       0.35910912       0.16980623       0.14176731
       0.36503031       0.16690371       0.13570495
       0.37159974       0.16452744       0.13001469
       0.37884298       0.16279292       0.12486750
       0.38677261       0.16181963       0.12045808
       0.39538408       0.16172634       0.11700069
       0.40465180       0.16262509       0.11472225
       0.41452549       0.16461416       0.11385238
       0.42492736       0.16777043       0.11461056
       0.43575055       0.17214147       0.11719093
       0.44685929       0.17773836       0.12174566
       0.45809101       0.18452995       0.12836854
       0.46926068       0.19243935       0.13708056
       0.48016725       0.20134350       0.14781951
       0.49060187       0.21107609       0.16043533
       0.50035726       0.22143406       0.17469250
       0.50923754       0.23218701       0.19027974
       0.51706746       0.24308899       0.20682640
       0.52370046       0.25389128       0.22392379
       0.52902451       0.26435508       0.24114931
       0.53296568       0.27426276       0.25809054
       0.53548904       0.28342693       0.27436699
       0.53659714       0.29169648       0.28964747
       0.53632650       0.29895971       0.30366196
       0.53474259       0.30514441       0.31620761
       0.53193400       0.31021568       0.32714939
       0.52800629       0.31417186       0.33641618
       0.52307594       0.31703934       0.34399364
       0.51726503       0.31886687       0.34991507
       0.51069654       0.31971990       0.35425150
       0.50349060       0.31967529       0.35710181
       0.49576169       0.31881664       0.35858369
       0.48761658       0.31723044       0.35882578
       0.47915311       0.31500296       0.35796119
       0.47045949       0.31221790       0.35612239
       0.46161420       0.30895474       0.35343745
       0.45268611       0.30528763       0.35002738
       0.44373502       0.30128476       0.34600447
       0.43481222       0.29700810       0.34147140
       0.42596122       0.29251337       0.33652083
       0.41721854       0.28785024       0.33123557
       0.40861446       0.28306268       0.32568893
       0.40017372       0.27818930       0.31994531
       0.39191627       0.27326381       0.31406086
       0.38385786       0.26831549       0.30808429
       0.37601063       0.26336959       0.30205753
       0.36838366       0.25844779       0.29601651
       0.36098336       0.25356859       0.28999184
       0.35381395       0.24874767       0.28400943
       0.34687772       0.24399822       0.27809108
       0.34017544       0.23933128       0.27225498
       0.33370653       0.23475593       0.26651624
       0.32746933       0.23027964       0.26088720
       0.32146129       0.22590837       0.25537790
       0.31567914       0.22164684       0.24999633
       0.31011900       0.21749868       0.24474871
       0.30477653       0.21346653       0.23963980
       0.29964704       0.20955223       0.23467304
       0.29472552       0.20575690       0.22985076
       0.29000679       0.20208104       0.22517434
       0.28548550       0.19852461       0.22064438
       0.28115619       0.19508714       0.21626076
       0.27701339       0.19176775       0.21202279
       0.27305156       0.18856525       0.20792928
       0.26926520       0.18547815       0.20397865
       0.26564883       0.18250474       0.20016894
       0.26219704       0.17964311       0.19649793
       0.25890449       0.17689119       0.19296316
       0.25576591       0.17424679       0.18956198
       0.25277612       0.17170758       0.18629158
       0.24993008       0.16927119       0.18314904
       0.24722283       0.16693516       0.18013134
       0.24464952       0.16469699       0.17723542
       0.24220543       0.16255416       0.17445814
       0.23988596       0.16050411       0.17179637
       0.23768662       0.15854429       0.16924695
       0.23560306       0.15667216       0.16680672
       0.23363102       0.15488517       0.16447255
       0.23176639       0.15318080       0.16224132
       0.23000516       0.15155655       0.16010995
       0.22834343       0.15000997       0.15807540
       0.22677744       0.14853860       0.15613467
       0.22530352       0.14714007       0.15428482
       0.22391811       0.14581200       0.15252294
       0.22261776       0.14455208       0.15084620
       0.22139913       0.14335804       0.14925182
       0.22025896       0.14222765       0.14773708
       0.21919412       0.14115874       0.14629930
       0.21820154       0.14014915       0.14493589
       0.21727827       0.13919682       0.14364430
       0.21642144       0.13829969       0.14242205
       0.21562826       0.13745578       0.14126674
       0.21489603       0.13666313       0.14017598
       0.21422213       0.13591985       0.13914749
       0.21360402       0.13522408       0.13817901
       0.21303923       0.13457401       0.13726837
       0.21252538       0.13396788       0.13641343
       0.21206016       0.13340397       0.13561212
       0.21164130       0.13288060       0.13486242
       0.21126664       0.13239614       0.13416235
       0.21093406       0.13194899       0.13351000
       0.21064150       0.13153761       0.13290351
       0.21038699       0.13116048       0.13234104
       0.21016859       0.13081613       0.13182084
       0.20998445       0.13050313       0.13134117
       0.20983275       0.13022008       0.13090034
       0.20971174       0.12996564       0.13049673
       0.20961973       0.12973846       0.13012874
       0.20955507       0.12953728       0.12979482
       0.20951618       0.12936085       0.12949344
       0.20950152       0.12920794       0.12922315
       0.20950960       0.12907739       0.12898250
       0.20953900       0.12896804       0.12877010
       0.20958833       0.12887879       0.12858459
       0.20965625       0.12880855       0.12842465
       0.20974148       0.12875629       0.12828899
       0.20984277       0.12872097       0.12817637
       0.20995894       0.12870164       0.12808557
       0.21008884       0.12869733       0.12801541
       0.21023137       0.12870713       0.12796475
       0.21038547       0.12873015       0.12793247
       0.21055013       0.12876554       0.12791750
       0.21072439       0.12881246       0.12791879
       0.21090733       0.12887014       0.12793534
       0.21109806       0.12893780       0.12796615
       0.21129574       0.12901472       0.12801030
       0.21149959       0.12910019       0.12806687
       0.21170886       0.12919353       0.12813497
       0.21192282       0.12929411       0.12821377
       0.21214081       0.12940132       0.12830244
       0.21236220       0.12951456       0.12840021
       0.21258640       0.12963330       0.12850632
       0.21281285       0.12975700       0.12862006
       0.21304104       0.12988517       0.12874075
       0.21327050       0.13001735       0.12886772
       0.21350079       0.13015309       0.12900036
       0.21373150       0.13029200       0.12913809
       0.21396227       0.13043368       0.12928033
       0.21419277       0.13057780       0.12942658
       0.21442270       0.13072402       0.12957633
       0.21465180       0.13087205       0.12972912
       0.21487984       0.13102163       0.12988452
       0.21510662       0.13117250       0.13004213
       0.21533197       0.13132445       0.13020159
       0.21555576       0.13147729       0.13036255
       0.21577787       0.13163086       0.13052470
       0.21599823       0.13178502       0.13068778
       0.21621679       0.13193964       0.13085152
       0.21643351       0.13209464       0.13101570
       0.21664840       0.13224995       0.13118015
       0.21686148       0.13240552       0.13134468
       0.21707279       0.13256132       0.13150918
       0.21728239       0.13271736       0.13167352
       0.21749038       0.13287363       0.13183763
       0.21769687       0.13303019       0.13200144
       0.21790196       0.13318708       0.13216493
       0.21810580       0.13334437       0.13232809
       0.21830855       0.13350214       0.13249093
       0.21851037       0.13366051       0.13265349
       0.21871145       0.13381958       0.13281583
       0.21891197       0.13397948       0.13297803
       0.21911213       0.13414036       0.13314017
       0.21931214       0.13430237       0.13330239
       0.21951222       0.13446566       0.13346481
       0.21971258       0.13463042       0.13362759
       0.21991346       0.13479681       0.13379088
       0.22011506       0.13496502       0.13395486
       0.22031763       0.13513524       0.13411972
       0.22052137       0.13530766       0.13428567
       0.22072653       0.13548247       0.13445291
       0.22093330       0.13565987       0.13462165
       0.22114191       0.13584004       0.13479213
       0.22135257       0.13602319       0.13496456
       0.22156546       0.13620949       0.13513919
       0.22178078       0.13639912       0.13531624
       0.22199871       0.13659227       0.13549594
       0.22221940       0.13678909       0.13567854
       0.22244301       0.13698975       0.13586425
       0.22266968       0.13719438       0.13605330
       0.22289952       0.13740313       0.13624591
       0.22313263       0.13761611       0.13644229
       0.22336910       0.13783342       0.13664264
       0.22360899       0.13805515       0.13684715
       0.22385235       0.13828137       0.13705599
       0.22409919       0.13851213       0.13726933
       0.22434951       0.13874747       0.13748730
       0.22460328       0.13898738       0.13771005
       0.22486046       0.13923185       0.13793767
       0.22512097       0.13948085       0.13817025
       0.22538471       0.13973431       0.13840787
       0.22565154       0.13999214       0.13865055
       0.22592133       0.14025423       0.13889834
       0.22619388       0.14052042       0.13915120
       0.22646899       0.14079056       0.13940911
       0.22674642       0.14106444       0.13967201
       0.22702591       0.14134182       0.13993981
       0.22730717       0.14162246       0.14021237
       0.22758989       0.14190605       0.14048955
       0.22787370       0.14219228       0.14077117
       0.22815825       0.14248080       0.14105701
       0.22844313       0.14277123       0.14134681
       0.22872792       0.14306314       0.14164029
       0.22901217       0.14335612       0.14193715
       0.22929539       0.14364967       0.14223702
       0.22957710       0.14394329       0.14253953
       0.22985677       0.14423647       0.14284425
       0.23013385       0.14452863       0.14315074
       0.23040778       0.14481918       0.14345851
       0.23067796       0.14510752       0.14376705
       0.23094381       0.14539300       0.14407579
       0.23120468       0.14567495       0.14438416
       0.23145996       0.14595269       0.14469155
       0.23170897       0.14622550       0.14499730
       0.23195106       0.14649265       0.14530075
       0.23218554       0.14675338       0.14560119
       0.23241174       0.14700692       0.14589788
       0.23262896       0.14725247       0.14619007
       0.23283651       0.14748924       0.14647698
       0.23303367       0.14771641       0.14675780
       0.23321975       0.14793315       0.14703168
       0.23339405       0.14813861       0.14729779
       0.23355588       0.14833195       0.14755525
       0.23370453       0.14851233       0.14780316
       0.23383934       0.14867888       0.14804063
       0.23395963       0.14883076       0.14826673
       0.23406475       0.14896711       0.14848052
       0.23415407       0.14908709       0.14868106
       0.23422698       0.14918986       0.14886739
       0.23428288       0.14927460       0.14903856
       0.23432121       0.14934048       0.14919361
       0.23434146       0.14938673       0.14933156
       0.23434312       0.14941256       0.14945145
       0.23432575       0.14941723       0.14955232
       0.23428894       0.14940000       0.14963322
       0.23423234       0.14936020       0.14969320
       0.23415563       0.14929717       0.14973133
       0.23405857       0.14921029       0.14974669
       0.23394099       0.14909900       0.14973840
       0.23380275       0.14896278       0.14970556
       0.23364383       0.14880116       0.14964735
       0.23346426       0.14861374       0.14956294
       0.23326416       0.14840018       0.14945157
       0.23304373       0.14816021       0.14931250
       0.23280330       0.14789364       0.14914504
       0.23254326       0.14760036       0.14894856
       0.23226414       0.14728035       0.14872248
       0.23196657       0.14693370       0.14846631
       0.23165129       0.14656059       0.14817960
       0.23131919       0.14616130       0.14786200
       0.23097128       0.14573626       0.14751324
       0.23060871       0.14528599       0.14713316
       0.23023277       0.14481118       0.14672169
       0.22984491       0.14431264       0.14627887
       0.22944673       0.14379133       0.14580489
       0.22904000       0.14324840       0.14530005
       0.22862663       0.14268512       0.14476482
       0.22820873       0.14210298       0.14419980
       0.22778857       0.14150362       0.14360577
       0.22736859       0.14088892       0.14298371
       0.22695143       0.14026090       0.14233475
       0.22653989       0.13962184       0.14166028
       0.22613696       0.13897422       0.14096185
       0.22574580       0.13832073       0.14024129
       0.22536975       0.13766431       0.13950064
       0.22501233       0.13700811       0.13874222
       0.22467724       0.13635554       0.13796858
       0.22436830       0.13571023       0.13718259
       0.22408953       0.13507607       0.13638737
       0.22384507       0.13445718       0.13558637
       0.22363919       0.13385791       0.13478331
       0.22347628       0.13328285       0.13398225
       0.22336083       0.13273682       0.13318754
       0.22329743       0.13222486       0.13240385
       0.22329070       0.13175221       0.13163618
       0.22334532       0.13132429       0.13088981
       0.22346598       0.13094672       0.13017035
       0.22365736       0.13062525       0.12948369
       0.22392408       0.13036578       0.12883599
       0.22427073       0.13017429       0.12823368
       0.22470176       0.13005684       0.12768341
       0.22522150       0.13001955       0.12719206
       0.22583411       0.13006851       0.12676665
       0.22654354       0.13020980       0.12641438
       0.22735350       0.13044942       0.12614251
       0.22826744       0.13079322       0.12595837
       0.22928849       0.13124692       0.12586927
       0.23041944       0.13181599       0.12588249
       0.23166273       0.13250567       0.12600517
       0.23302036       0.13332087       0.12624430
       0.23449394       0.13426611       0.12660661
       0.23608461       0.13534555       0.12709854
       0.23779306       0.13656285       0.12772616
       0.23961946       0.13792119       0.12849509
       0.24156352       0.13942319       0.12941047
       0.24362443       0.14107090       0.13047688
       0.24580086       0.14286575       0.13169825
       0.24809101       0.14480851       0.13307786
       0.25049257       0.14689931       0.13461825
       0.25300274       0.14913755       0.13632120
       0.25561829       0.15152196       0.13818765
       0.25833553       0.15405057       0.14021772
       0.26115038       0.15672068       0.14241066
       0.26405840       0.15952892       0.14476483
       0.26705480       0.16247124       0.14727771
       0.27013451       0.16554293       0.14994591
       0.27329226       0.16873866       0.15276515
       0.27652254       0.17205254       0.15573030
       0.27981975       0.17547810       0.15883544
       0.28317821       0.17900842       0.16207385
       0.28659221       0.18263612       0.16543809
       0.29005609       0.18635348       0.16892007
       0.29356429       0.19015246       0.17251110
       0.29711143       0.19402478       0.17620194
       0.30069232       0.19796201       0.17998294
       0.30430207       0.20195565       0.18384409
       0.30793608       0.20599717       0.18777513
       0.31159016       0.21007814       0.19176563
       0.31526052       0.21419025       0.19580510
       0.31894382       0.21832543       0.19988312
       0.32263722       0.22247590       0.20398940
       0.32633838       0.22663425       0.20811391
       0.33004550       0.23079349       0.21224699
       0.33375731       0.23494714       0.21637942
       0.33747310       0.23908923       0.22050254
       0.34119269       0.24321440       0.22460830
       0.34491641       0.24731787       0.22868939
       0.34864512       0.25139556       0.23273928
       0.35238012       0.25544401       0.23675225
       0.35612316       0.25946046       0.24072349
       0.35987636       0.26344282       0.24464912
       0.36364219       0.26738966       0.24852618
       0.36742339       0.27130022       0.25235270
       0.37122290       0.27517433       0.25612764
       0.37504380       0.27901242       0.25985092
       0.37888925       0.28281548       0.26352338
       0.38276237       0.28658496       0.26714671
       0.38666623       0.29032277       0.27072347
       0.39060371       0.29403118       0.27425695
       0.39457745       0.29771278       0.27775117
       0.39858977       0.30137038       0.28121076
       0.40264256       0.30500694       0.28464087
       0.40673728       0.30862552       0.28804711
       0.41087482       0.31222917       0.29143542
       0.41505547       0.31582088       0.29481198
       0.41927884       0.31940345       0.29818307
       0.42354383       0.32297947       0.30155502
       0.42784856       0.32655121       0.30493404
       0.43219037       0.33012057       0.30832611
       0.43656574       0.33368898       0.31173691
       0.44097030       0.33725736       0.31517167
       0.44539882       0.34082606       0.31863508
       0.44984521       0.34439480       0.32213117
       0.45430250       0.34796263       0.32566324
       0.45876291       0.35152788       0.32923377
       0.46321783       0.35508817       0.33284431
       0.46765788       0.35864035       0.33649545
       0.47207298       0.36218049       0.34018674
       0.47645235       0.36570391       0.34391667
       0.48078464       0.36920516       0.34768260
       0.48505797       0.37267806       0.35148078
       0.48926000       0.37611570       0.35530634
       0.49337804       0.37951050       0.35915327
       0.49739912       0.38285421       0.36301450
       0.50131010       0.38613803       0.36688186
       0.50509772       0.38935259       0.37074623
       0.50874877       0.39248805       0.37459750
       0.51225009       0.39553417       0.37842472
       0.51558874       0.39848034       0.38221612
       0.51875205       0.40131568       0.38595925
       0.52172769       0.40402911       0.38964101
       0.52450379       0.40660937       0.39324780
       0.52706896       0.40904515       0.39676559
       0.52941242       0.41132511       0.40018001
       0.53152399       0.41343792       0.40347642
       0.53339420       0.41537238       0.40664007
       0.53501430       0.41711739       0.40965609
       0.53637632       0.41866204       0.41250962
       0.53747309       0.41999564       0.41518587
       0.53829828       0.42110771       0.41767013
       0.53884641       0.42198803       0.41994787
       0.53911287       0.42262668       0.42200477
       0.53909394       0.42301397       0.42382667
       0.53878679       0.42314053       0.42539968
       0.53818953       0.42299723       0.42671011
       0.53730114       0.42257521       0.42774446
       0.53612157       0.42186587       0.42848943
       0.53465172       0.42086083       0.42893184
       0.53289344       0.41955191       0.42905860
       0.53084958       0.41793114       0.42885666
       0.52852406       0.41599072       0.42831290
       0.52592184       0.41372298       0.42741412
       0.52304906       0.41112045       0.42614685
       0.51991309       0.40817578       0.42449738
       0.51652263       0.40488180       0.42245158
       0.51288783       0.40123154       0.41999483
       0.50902046       0.39721828       0.41711195
       0.50493407       0.39283568       0.41378712
       0.50064423       0.38807783       0.41000383
       0.49616875       0.38293948       0.40574485
       0.49152800       0.37741626       0.40099224
       0.48674523       0.37150496       0.39572747
       0.48184697       0.36520391       0.38993155
       0.47686340       0.35851348       0.38358532
       0.47182887       0.35143666       0.37666983
       0.46678236       0.34397980       0.36916699
       0.46176799       0.33615348       0.36106033
       0.45683557       0.32797355       0.35233613
       0.45204103       0.31946238       0.34298487
       0.44744691       0.31065025       0.33300305
       0.44312260       0.30157694       0.32239559
       0.43914451       0.29229349       0.31117864
       0.43559589       0.28286399       0.29938307
       0.43256630       0.27336749       0.28705848
       0.43015057       0.26389969       0.27427782
       0.42844713       0.25457440       0.26114228
       0.42755557       0.24552444       0.24778645
       0.42757331       0.23690167       0.23438301
       0.42859127       0.22887583       0.22114662
       0.43068856       0.22163177       0.20833598
       0.43392628       0.21536474       0.19625316
       0.43834066       0.21027339       0.18523905
       0.44393588       0.20655047       0.17566393
       0.45067739       0.20437126       0.16791230
       0.45848621       0.20388050       0.16236183
       0.46723542       0.20517851       0.15935710
       0.47674948       0.20830814       0.15917987
       0.48680720       0.21324407       0.16201874
       0.49714885       0.21988628       0.16794222
       0.50748709       0.22805915       0.17687923
       0.51752128       0.23751706       0.18861099
       0.52695380       0.24795655       0.20277666
       0.53550679       0.25903394       0.21889335
       0.54293759       0.27038672       0.23638838
       0.54905119       0.28165607       0.25464003
       0.55370854       0.29250805       0.27302139
       0.55683024       0.30265116       0.29094183
       0.55839542       0.31184886       0.30788144
       0.55843682       0.31992619       0.32341527
       0.55703283       0.32677089       0.33722632
       0.55429769       0.33232979       0.34910774
       0.55037122       0.33660175       0.35895618
       0.54540884       0.33962845       0.36675887
       0.53957260       0.34148447       0.37257698
       0.53302381       0.34226742       0.37652784
       0.52591723       0.34208918       0.37876773
       0.51839690       0.34106824       0.37947648
       0.51059352       0.33932379       0.37884465
       0.50262295       0.33697111       0.37706343
       0.49458582       0.33411843       0.37431716
       0.48656774       0.33086485       0.37077823
       0.47864015       0.32729932       0.36660390
       0.47086143       0.32350018       0.36193470
       0.46327817       0.31953534       0.35689399
       0.45592658       0.31546274       0.35158828
       0.44883381       0.31133111       0.34610820
       0.44201926       0.30718073       0.34052974
       0.43549578       0.30304439       0.33491565
       0.42927073       0.29894824       0.32931691
       0.42334699       0.29491265       0.32377421
       0.41772376       0.29095298       0.31831929
       0.41239733       0.28708034       0.31297619
       0.40736168       0.28330222       0.30776243
       0.40260906       0.27962306       0.30268998
       0.39813043       0.27604479       0.29776615
       0.39391585       0.27256726       0.29299442
       0.38995482       0.26918864       0.28837506
       0.38623654       0.26590574       0.28390572
       0.38275016       0.26271436       0.27958195
       0.37948496       0.25960947       0.27539762
       0.37643052       0.25658553       0.27134529
       0.37357689       0.25363663       0.26741652
       0.37091465       0.25075668       0.26360218
       0.36843506       0.24793961       0.25989267
       0.36613009       0.24517946       0.25627813
       0.36399257       0.24247058       0.25274868
       0.36201617       0.23980772       0.24929459
       0.36019549       0.23718615       0.24590642
       0.35852609       0.23460180       0.24257522
       0.35700451       0.23205137       0.23929269
       0.35562831       0.22953242       0.23605136
       0.35439605       0.22704352       0.23284471
       0.35330732       0.22458432       0.22966737
       0.35236267       0.22215565       0.22651532
       0.35156363       0.21975967       0.22338602
       0.35091262       0.21739989       0.22027861
       0.35041292       0.21508131       0.21719415
       0.35006853       0.21281047       0.21413574
       0.34988408       0.21059548       0.21110872
       0.34986465       0.20844609       0.20812091
       0.35001566       0.20637363       0.20518266
       0.35034258       0.20439107       0.20230706
       0.35085074       0.20251283       0.19951002
       0.35154502       0.20075475       0.19681028
       0.35242958       0.19913385       0.19422937
       0.35350748       0.19766812       0.19179156
       0.35478036       0.19637619       0.18952358
       0.35624805       0.19527697       0.18745431
       0.35790820       0.19438919       0.18561435
       0.35975589       0.19373089       0.18403539
       0.36178331       0.19331887       0.18274948
       0.36397948       0.19316808       0.18178820
       0.36632996       0.19329094       0.18118161
       0.36881672       0.19369676       0.18095719
       0.37141811       0.19439113       0.18113870
       0.37410886       0.19537531       0.18174499
       0.37686034       0.19664585       0.18278888
       0.37964081       0.19819420       0.18427612
       0.38241596       0.20000652       0.18620456
       0.38514943       0.20206373       0.18856355
       0.38780357       0.20434163       0.19133352
       0.39034017       0.20681130       0.19448608
       0.39272140       0.20943968       0.19798431
       0.39491060       0.21219028       0.20178346
       0.39687323       0.21502408       0.20583204
       0.39857759       0.21790049       0.21007309
       0.39999565       0.22077839       0.21444579
       0.40110357       0.22361715       0.21888708
       0.40188220       0.22637767       0.22333351
       0.40231742       0.22902321       0.22772286
       0.40240022       0.23152027       0.23199580
       0.40212672       0.23383916       0.23609731
       0.40149804       0.23595448       0.23997780
       0.40051993       0.23784545       0.24359406
       0.39920243       0.23949599       0.24690985
       0.39755934       0.24089472       0.24989621
       0.39560772       0.24203478       0.25253151
       0.39336728       0.24291358       0.25480124
       0.39085984       0.24353237       0.25669767
       0.38810872       0.24389588       0.25821925
       0.38513824       0.24401180       0.25936998
       0.38197325       0.24389032       0.26015869
       0.37863862       0.24354365       0.26059827
       0.37515893       0.24298556       0.26070492
       0.37155811       0.24223095       0.26049744
       0.36785920       0.24129546       0.25999656
       0.36408412       0.24019511       0.25922427
       0.36025352       0.23894604       0.25820336
       0.35638669       0.23756420       0.25695686
       0.35250146       0.23606520       0.25550769
       0.34861419       0.23446407       0.25387835
       0.34473976       0.23277521       0.25209059
       0.34089156       0.23101222       0.25016525
       0.33708160       0.22918787       0.24812210
       0.33332048       0.22731406       0.24597975
       0.32961751       0.22540177       0.24375553
       0.32598077       0.22346108       0.24146552
       0.32241717       0.22150117       0.23912449
       0.31893254       0.21953033       0.23674595
       0.31553172       0.21755602       0.23434214
       0.31221861       0.21558487       0.23192412
       0.30899628       0.21362274       0.22950179
       0.30586701       0.21167473       0.22708395
       0.30283241       0.20974528       0.22467835
       0.29989342       0.20783815       0.22229180
       0.29705042       0.20595654       0.21993017
       0.29430329       0.20410304       0.21759851
       0.29165144       0.20227975       0.21530105
       0.28909386       0.20048829       0.21304133
       0.28662921       0.19872981       0.21082221
       0.28425581       0.19700510       0.20864592
       0.28197172       0.19531455       0.20651413
       0.27977476       0.19365823       0.20442801
       0.27766254       0.19203589       0.20238823
       0.27563252       0.19044703       0.20039505
       0.27368201       0.18889088       0.19844833
       0.27180820       0.18736648       0.19654756
       0.27000822       0.18587264       0.19469193
       0.26827913       0.18440803       0.19288032
       0.26661795       0.18297116       0.19111136
       0.26502171       0.18156043       0.18938345
       0.26348742       0.18017411       0.18769476
       0.26201214       0.17881041       0.18604331
       0.26059299       0.17746748       0.18442693
       0.25922713       0.17614342       0.18284334
       0.25791182       0.17483630       0.18129013
       0.25664444       0.17354419       0.17976479
       0.25542248       0.17226520       0.17826477
       0.25424357       0.17099743       0.17678743
       0.25310550       0.16973906       0.17533012
       0.25200623       0.16848835       0.17389018
       0.25094392       0.16724363       0.17246495
       0.24991694       0.16600335       0.17105182
       0.24892385       0.16476610       0.16964821
       0.24796349       0.16353061       0.16825164
       0.24703493       0.16229580       0.16685970
       0.24613752       0.16106077       0.16547015
       0.24527087       0.15982483       0.16408085
       0.24443490       0.15858755       0.16268987
       0.24362984       0.15734875       0.16129547
       0.24285622       0.15610853       0.15989615
       0.24211491       0.15486732       0.15849068
       0.24140711       0.15362586       0.15707811
       0.24073436       0.15238524       0.15565784
       0.24009855       0.15114696       0.15422962
       0.23950189       0.14991287       0.15279363
       0.23894696       0.14868528       0.15135045
       0.23843665       0.14746693       0.14990116
       0.23797420       0.14626100       0.14844736
       0.23756315       0.14507114       0.14699118
       0.23720733       0.14390151       0.14553535
       0.23691086       0.14275673       0.14408321
       0.23667806       0.14164191       0.14263876
       0.23651351       0.14056266       0.14120667
       0.23642191       0.13952506       0.13979229
       0.23640811       0.13853566       0.13840171
       0.23647701       0.13760144       0.13704171
       0.23663353       0.13672978       0.13571979
       0.23688251       0.13592842       0.13444416
       0.23722870       0.13520541       0.13322366
       0.23767662       0.13456905       0.13206778
       0.23823052       0.13402781       0.13098655
       0.23889431       0.13359022       0.12999051
       0.23967146       0.13326483       0.12909054
       0.24056492       0.13306008       0.12829785
       0.24157706       0.13298417       0.12762373
       0.24270958       0.13304497       0.12707951
       0.24396350       0.13324989       0.12667630
       0.24533903       0.13360577       0.12642491
       0.24683561       0.13411875       0.12633556
       0.24845181       0.13479413       0.12641776
       0.25018539       0.13563632       0.12668011
       0.25203328       0.13664872       0.12713009
       0.25399159       0.13783361       0.12777391
