-0.012953684
-0.03730213899999999
-0.06735281699999999
-0.10331927
-0.14527313
-0.19312662
-0.24661259
-0.30526187
-0.3683785299999999
-0.43501422
-0.5039439
-0.57364639
-0.64229411
-0.70775787
-0.76763278
-0.8192916500000001
-0.8599713599999999
-0.8868952999999999
-0.89743142
-0.8892804399999999
-0.86068231
-0.8106232900000001
-0.73901997
-0.64685462
-0.53623651
-0.41037009
-0.27342101
-0.13028466
0.013723767
0.15322586
0.28314389
0.39903131
0.49733485
0.57556436
0.63236058
0.6674654399999999
0.6816107900000001
0.67634913
0.6538523299999999
0.6167027499999999
0.56769663
0.50967338
0.4453783399999999
0.3773607
0.30790464
0.2389886199999999
0.17226697
0.1090675099999999
0.050399894
-0.0030298381
-0.05080135
-0.092760597
-0.12899954
-0.15983476
-0.18578428
-0.2075415099999999
-0.2259453399999999
-0.24194554
-0.25656311
-0.27084554
-0.28581764
-0.3024287199999999
-0.32149771
-0.3436578
-0.36930236
-0.3985346499999999
-0.43112329
-0.46646663
-0.50356893
-0.54103231
-0.5770685899999999
-0.60953568
-0.63600283
-0.65384836
-0.6603912
-0.65305465
-0.62955605
-0.5881108
-0.5276338499999999
-0.44791704
-0.34975868
-0.23502275
-0.10661081
0.031661315
0.17527745
0.3193079
0.45874027
0.5888182699999999
0.70535115
0.8049614200000001
0.88524834
0.9448574199999999
0.9834593800000001
1.0016524
1.000809
0.9828914599999999
0.95025805
0.90547997
0.8511812300000001
0.78990999
0.7240435
0.65572534
0.58683087
0.51895528
0.45341841
0.39128067
0.3333651699999999
0.2802823
0.23245391
0.19013526
0.15343387
0.12232493
0.09666357700000001
0.076194725
0.060561189
0.049311125
0.04190560399999999
0.037727086
0.03608933
0.036249059
0.037419423
0.03878506999999999
0.039518466
0.038796952
0.03581998
0.02982603199999999
0.02010881599999999
0.006032545599999999