0.67932683
0.58995264
0.5039380999999999
0.42245408
0.34616704
0.27530457
0.20972299
0.14897327
0.092363776
0.03901901299999999
-0.012065272
-0.061970175
-0.11180407
-0.16265452
-0.21554092
-0.27136689
-0.33087194
-0.39458171
-0.46275672
-0.53533995
-0.6119042999999999
-0.69160236
-0.77312227
-0.8546551799999999
-0.93388202
-1.0079886
-1.0737196
-1.127481299999999
-1.1655011
-1.184046699999999
-1.1797012
-1.149678999999999
-1.0921567
-1.006583
-0.8939241300000001
-0.75679906
-0.59946975
-0.427665
-0.24824228
-0.06871734599999999
0.10328498
0.2605914699999999
0.39698291
0.50757996
0.5890755
0.63980277
0.65965415
0.6498844400000001
0.61284323
0.5516821
0.47007635
0.37199007
0.26150074
0.14268745
0.019576637
-0.10386808
-0.22373031
-0.33612013
-0.43716869
-0.52305675
-0.59009149
-0.63483934
-0.65431399
-0.64620832
-0.60914788
-0.54293363
-0.44873489
-0.32919288
-0.18840181
-0.03174868399999999
0.13438622
0.3030437
0.4671699
0.62011268
0.75606945
0.87043462
0.9600121700000001
1.0230807
1.0593207
1.06963
1.0558658
1.0205506
0.96658045
0.8969615599999999
0.8145955499999999
0.72212124
0.6218155699999999
0.51554933
0.4047909899999999
0.29065007
0.17395163
0.055333963
-0.06463754299999999
-0.18534694
-0.30600095
-0.4255058199999999
-0.5423558
-0.65454314
-0.7595012599999999
-0.85409474
-0.93467053
-0.99718337
-1.0374047
-1.0512165
-1.034978299999999
-0.9859440899999999
-0.90268375
-0.7854567000000001
-0.63647301
-0.45998443
-0.26216391
-0.050761887
0.16543578
0.37728691
0.57602167
0.75392347
0.9048742600000001
1.0247029
1.111310999999999
1.1645877
1.186153199999999
1.17899
1.147021899999999
1.0946973
1.0266168
0.94723051
0.8606149500000001
0.77032714