          0.000000000000000000          0.000000000000000000
          0.000000000000000000          0.000000000000000000
          0.000000000000000000          0.000000000000000000
          0.000000000000000000          0.000000000000000000
          0.000000000000000000          0.000000000000000000
          0.000000000000000000          0.000000000000000000
          0.000000000000000000          0.000000000000000000
          0.000000000000000000          0.000000000000000000
          0.000000000000000000          0.000000000000000000
          0.000000000000000000          0.000000000000000000
          0.000000000000000000          0.000000000000000000
          0.000000000000000000          0.000000000000000000
          0.000000000000000000          0.000000000000000000
          0.000000000000000000          0.000000000000000000
          0.000000000000000000          0.000000000000000000
          0.000000000000000000          0.000000000000000000
          0.000000000000000000          0.000000000000000000
          0.000000000000000000          0.000000000000000000
          0.000000000000000000          0.000000000000000000
          0.000000000000000000          0.000000000000000000
          0.000000000000000000          0.000000000000000000
          0.000000000000000000          0.000000000000000000
          0.000000000000000000          0.000000000000000000
          0.000000000000000000          0.000000000000000000
          0.000000000000000000          0.000000000000000000
          0.000000000000000000          0.000000000000000000
          0.000000000000000000          0.000000000000000000
          0.000000000000000000          0.000000000000000000
          0.000000000000000000          0.000000000000000000
          0.000000000000000000          0.000000000000000000
          0.000000000000000000          0.000000000000000000
          0.000000000000000000          0.000000000000000000
          0.000000000000000000          0.000000000000000000
          0.000000000000000000          0.000000000000000000
          0.000000000000000000          0.000000000000000000
          0.000000000000000000          0.000000000000000000
          0.000000000000000000          0.000000000000000000
          0.000000000000000000          0.000000000000000000
          0.000000000000000000          0.000000000000000000
          0.000000000000000000          0.000000000000000000
          0.000000000000000000          0.000000000000000000
          0.000000000000000000          0.000000000000000000
          0.000000000000000000          0.000000000000000000
          0.000000000000000000          0.000000000000000000
          0.000000000000000000          0.000000000000000000
          0.000000000000000000          0.000000000000000000
          0.000000000000000000          0.000000000000000000
          0.000000000000000000          0.000000000000000000
          0.000000000000000000          0.000000000000000000
          0.000000000000000000          0.000000000000000000
          0.000000000000000000          0.000000000000000000
          0.000000000000000000          0.000000000000000000
          0.000000000000000000          0.000000000000000000
          0.000000000000000000          0.000000000000000000
          0.000000000000000000          0.000000000000000000
          0.000000000000000000          0.000000000000000000
          0.000000000000000000          0.000000000000000000
          0.000000000000000000          0.000000000000000000
          0.000000000000000000          0.000000000000000000
          0.000000000000000000          0.000000000000000000
          0.000000000000000000          0.000000000000000000
          0.000000000000000000          0.000000000000000000
          0.000000000000000000          0.000000000000000000
          0.000000000000000000          0.000000000000000000
         -0.242294174558520564          0.000000000000000051
         -0.576446132101330000          0.000000000000000342
         -0.000000000002716576          0.000000000000000000
          0.621082027455774233          0.000000000000000000
          0.446927051536978481         -0.000000000000000110
          0.000000000001006293          0.000000000000000000
         -0.135289920677668124          0.000000000000000044
         -0.070216571692336568          0.000000000000000018
         -0.000000000000142054          0.000000000000000000
          0.015185200920601738         -0.000000000000000010
          0.007099165232239321         -0.000000000000000002
          0.000000000000006394          0.000000000000000000
         -0.001291591386541938          0.000000000000000000
         -0.000564874964472714          0.000000000000000000
         -0.000000000000002236          0.000000000000000000
          0.000092891187391818          0.000000000000000000
          0.000039015139478312          0.000000000000000000
         -0.000000000000000964          0.000000000000000000
         -0.000005998420859361          0.000000000000000000
         -0.000002449483004220          0.000000000000000000
         -0.000000000000000328          0.000000000000000000
          0.000000358985099200          0.000000000000000000
          0.000000143608421977          0.000000000000000000
         -0.000000000000000034          0.000000000000000000
         -0.000000020304876879          0.000000000000000000
         -0.000000007996010277          0.000000000000000000
         -0.000000000000000151          0.000000000000000000
          0.000000001099479956          0.000000000000000000
          0.000000000427632492          0.000000000000000000
         -0.000000000000000074          0.000000000000000000
         -0.000000000057504382          0.000000000000000000
         -0.000000000022142825          0.000000000000000000
         -0.000000000000000118          0.000000000000000000
          0.000000000002923213          0.000000000000000000
          0.000000000001116472          0.000000000000000000
          0.000000000000000000          0.000000000000000000
         -0.000000000000144854          0.000000000000000000
         -0.000000000000055195          0.000000000000000000
         -0.000000000000000039          0.000000000000000000
          0.000000000000006953          0.000000000000000000
          0.000000000000002774          0.000000000000000000
         -0.000000000000000031          0.000000000000000000
         -0.000000000000000361          0.000000000000000000
         -0.000000000000000144          0.000000000000000000
          0.000000000000000002          0.000000000000000000
          0.000000000000000050          0.000000000000000000
          0.000000000000000078          0.000000000000000000
         -0.000000000000000012          0.000000000000000000
         -0.000000000000000058          0.000000000000000000
          0.000000000000000006          0.000000000000000000
          0.000000000000000009          0.000000000000000000
          0.000000000000000003          0.000000000000000000
         -0.000000000000000022          0.000000000000000000
         -0.000000000000000041          0.000000000000000000
          0.000000000000000002          0.000000000000000000
         -0.000000000000000071          0.000000000000000000
          0.000000000000000068          0.000000000000000000
         -0.000000000000000005          0.000000000000000000
         -0.000000000000000183          0.000000000000000000
         -0.000000000000000004          0.000000000000000000
          0.000000000000000005          0.000000000000000000
         -0.000000000000000061          0.000000000000000000
         -0.000000000000000016          0.000000000000000000
          0.000000000000000047          0.000000000000000000
         -0.242294174559247844         -0.000000000000000112
          0.576446132100881803          0.000000000000000037
          0.000000000005684205          0.000000000000000000
          0.621082027455648000          0.000000000000000000
         -0.446927051537321873          0.000000000000000334
         -0.000000000001997783          0.000000000000000000
         -0.135289920677696074          0.000000000000000003
          0.070216571692390470         -0.000000000000000085
          0.000000000000264015          0.000000000000000000
          0.015185200920601123         -0.000000000000000006
         -0.007099165232237864          0.000000000000000006
         -0.000000000000028488          0.000000000000000000
         -0.001291591386537164          0.000000000000000000
          0.000564874964478082         -0.000000000000000001
          0.000000000000000966          0.000000000000000000
          0.000092891187396290          0.000000000000000000
         -0.000039015139474163          0.000000000000000000
         -0.000000000000000983         -0.000000000000000001
         -0.000005998420861579          0.000000000000000000
          0.000002449483002503          0.000000000000000000
          0.000000000000000703          0.000000000000000000
          0.000000358985098495          0.000000000000000000
         -0.000000143608422819          0.000000000000000000
         -0.000000000000000026          0.000000000000000000
         -0.000000020304876939          0.000000000000000000
          0.000000007996009540          0.000000000000000000
         -0.000000000000000079          0.000000000000000000
          0.000000001099480743          0.000000000000000000
         -0.000000000427632465          0.000000000000000000
         -0.000000000000000029          0.000000000000000000
         -0.000000000057505180          0.000000000000000000
          0.000000000022142865          0.000000000000000000
          0.000000000000000002          0.000000000000000000
          0.000000000002923379          0.000000000000000000
         -0.000000000001116436          0.000000000000000000
         -0.000000000000000093          0.000000000000000000
         -0.000000000000144973          0.000000000000000000
          0.000000000000054906          0.000000000000000000
          0.000000000000000013          0.000000000000000000
          0.000000000000007323          0.000000000000000000
         -0.000000000000002621          0.000000000000000000
          0.000000000000000035          0.000000000000000000
         -0.000000000000000264          0.000000000000000000
          0.000000000000000223          0.000000000000000000
         -0.000000000000000069          0.000000000000000000
         -0.000000000000000095          0.000000000000000000
         -0.000000000000000117          0.000000000000000000
         -0.000000000000000081          0.000000000000000000
          0.000000000000000007          0.000000000000000000
          0.000000000000000026          0.000000000000000000
         -0.000000000000000056          0.000000000000000000
          0.000000000000000028          0.000000000000000000
          0.000000000000000018          0.000000000000000000
         -0.000000000000000040          0.000000000000000000
         -0.000000000000000056          0.000000000000000000
          0.000000000000000083          0.000000000000000000
         -0.000000000000000079          0.000000000000000000
         -0.000000000000000026          0.000000000000000000
          0.000000000000000065          0.000000000000000000
         -0.000000000000000090          0.000000000000000000
          0.000000000000000085          0.000000000000000000
          0.000000000000000020          0.000000000000000000
          0.000000000000000060          0.000000000000000000
         -0.000000000000000156          0.000000000000000000
          0.000000000000000000          0.000000000000000000
          0.000000000000000000          0.000000000000000000
          0.000000000000000000          0.000000000000000000
          0.000000000000000000          0.000000000000000000
          0.000000000000000000          0.000000000000000000
          0.000000000000000000          0.000000000000000000
          0.000000000000000000          0.000000000000000000
          0.000000000000000000          0.000000000000000000
          0.000000000000000000          0.000000000000000000
          0.000000000000000000          0.000000000000000000
          0.000000000000000000          0.000000000000000000
          0.000000000000000000          0.000000000000000000
          0.000000000000000000          0.000000000000000000
          0.000000000000000000          0.000000000000000000
          0.000000000000000000          0.000000000000000000
          0.000000000000000000          0.000000000000000000
          0.000000000000000000          0.000000000000000000
          0.000000000000000000          0.000000000000000000
          0.000000000000000000          0.000000000000000000
          0.000000000000000000          0.000000000000000000
          0.000000000000000000          0.000000000000000000
          0.000000000000000000          0.000000000000000000
          0.000000000000000000          0.000000000000000000
          0.000000000000000000          0.000000000000000000
          0.000000000000000000          0.000000000000000000
          0.000000000000000000          0.000000000000000000
          0.000000000000000000          0.000000000000000000
          0.000000000000000000          0.000000000000000000
          0.000000000000000000          0.000000000000000000
          0.000000000000000000          0.000000000000000000
          0.000000000000000000          0.000000000000000000
          0.000000000000000000          0.000000000000000000
          0.000000000000000000          0.000000000000000000
          0.000000000000000000          0.000000000000000000
          0.000000000000000000          0.000000000000000000
          0.000000000000000000          0.000000000000000000
          0.000000000000000000          0.000000000000000000
          0.000000000000000000          0.000000000000000000
          0.000000000000000000          0.000000000000000000
          0.000000000000000000          0.000000000000000000
          0.000000000000000000          0.000000000000000000
          0.000000000000000000          0.000000000000000000
          0.000000000000000000          0.000000000000000000
          0.000000000000000000          0.000000000000000000
          0.000000000000000000          0.000000000000000000
          0.000000000000000000          0.000000000000000000
          0.000000000000000000          0.000000000000000000
          0.000000000000000000          0.000000000000000000
          0.000000000000000000          0.000000000000000000
          0.000000000000000000          0.000000000000000000
          0.000000000000000000          0.000000000000000000
          0.000000000000000000          0.000000000000000000
          0.000000000000000000          0.000000000000000000
          0.000000000000000000          0.000000000000000000
          0.000000000000000000          0.000000000000000000
          0.000000000000000000          0.000000000000000000
          0.000000000000000000          0.000000000000000000
          0.000000000000000000          0.000000000000000000
          0.000000000000000000          0.000000000000000000
          0.000000000000000000          0.000000000000000000
          0.000000000000000000          0.000000000000000000
          0.000000000000000000          0.000000000000000000
          0.000000000000000000          0.000000000000000000
          0.000000000000000000          0.000000000000000000
         -0.000000000010157914          0.000000000000000000
          0.000000000024926795          0.000000000000000000
          0.939413958087459866          0.000000000000000000
          0.000000000029726318          0.000000000000000000
         -0.000000000020950027          0.000000000000000000
         -0.339976143350815663          0.000000000000000000
         -0.000000000006522707          0.000000000000000000
          0.000000000003249244          0.000000000000000000
          0.043604886149112898          0.000000000000000000
          0.000000000000713215          0.000000000000000000
         -0.000000000000311200          0.000000000000000000
         -0.004019837808215347          0.000000000000000000
         -0.000000000000064126          0.000000000000000000
          0.000000000000012360          0.000000000000000000
          0.000302823069699876          0.000000000000000000
          0.000000000000001557          0.000000000000000000
         -0.000000000000002400          0.000000000000000000
         -0.000020182494604864          0.000000000000000000
         -0.000000000000002072          0.000000000000000000
          0.000000000000002049          0.000000000000000000
          0.000001235582386419          0.000000000000000000
         -0.000000000000000143          0.000000000000000000
         -0.000000000000000398          0.000000000000000000
         -0.000000071094863671          0.000000000000000000
          0.000000000000000156          0.000000000000000000
         -0.000000000000000751          0.000000000000000000
          0.000000003901572874          0.000000000000000000
         -0.000000000000000392          0.000000000000000000
          0.000000000000000387          0.000000000000000000
         -0.000000000206265688          0.000000000000000000
          0.000000000000000047          0.000000000000000000
         -0.000000000000000081          0.000000000000000000
          0.000000000010580171          0.000000000000000000
         -0.000000000000000138          0.000000000000000000
         -0.000000000000000026          0.000000000000000000
         -0.000000000000529188          0.000000000000000000
          0.000000000000000166          0.000000000000000000
          0.000000000000000082          0.000000000000000000
          0.000000000000025962          0.000000000000000000
         -0.000000000000000117          0.000000000000000000
          0.000000000000000067          0.000000000000000000
         -0.000000000000001162          0.000000000000000000
         -0.000000000000000118          0.000000000000000000
          0.000000000000000016          0.000000000000000000
          0.000000000000000077          0.000000000000000000
          0.000000000000000022          0.000000000000000000
         -0.000000000000000072          0.000000000000000000
         -0.000000000000000021          0.000000000000000000
         -0.000000000000000056          0.000000000000000000
          0.000000000000000000          0.000000000000000000
         -0.000000000000000067          0.000000000000000000
         -0.000000000000000035          0.000000000000000000
         -0.000000000000000003          0.000000000000000000
         -0.000000000000000053          0.000000000000000000
          0.000000000000000075          0.000000000000000000
          0.000000000000000012          0.000000000000000000
          0.000000000000000008          0.000000000000000000
         -0.000000000000000058          0.000000000000000000
          0.000000000000000058          0.000000000000000000
         -0.000000000000000022          0.000000000000000000
          0.000000000000000073          0.000000000000000000
         -0.000000000000000153          0.000000000000000000
          0.000000000000000062          0.000000000000000000
          0.000000000000000008          0.000000000000000000
          0.000000000000000000          0.000000000000000000
          0.000000000000000000          0.000000000000000000
          0.000000000000000000          0.000000000000000000
          0.000000000000000000          0.000000000000000000
          0.000000000000000000          0.000000000000000000
          0.000000000000000000          0.000000000000000000
          0.000000000000000000          0.000000000000000000
          0.000000000000000000          0.000000000000000000
          0.000000000000000000          0.000000000000000000
          0.000000000000000000          0.000000000000000000
          0.000000000000000000          0.000000000000000000
          0.000000000000000000          0.000000000000000000
          0.000000000000000000          0.000000000000000000
          0.000000000000000000          0.000000000000000000
          0.000000000000000000          0.000000000000000000
          0.000000000000000000          0.000000000000000000
          0.000000000000000000          0.000000000000000000
          0.000000000000000000          0.000000000000000000
          0.000000000000000000          0.000000000000000000
          0.000000000000000000          0.000000000000000000
          0.000000000000000000          0.000000000000000000
          0.000000000000000000          0.000000000000000000
          0.000000000000000000          0.000000000000000000
          0.000000000000000000          0.000000000000000000
          0.000000000000000000          0.000000000000000000
          0.000000000000000000          0.000000000000000000
          0.000000000000000000          0.000000000000000000
          0.000000000000000000          0.000000000000000000
          0.000000000000000000          0.000000000000000000
          0.000000000000000000          0.000000000000000000
          0.000000000000000000          0.000000000000000000
          0.000000000000000000          0.000000000000000000
          0.000000000000000000          0.000000000000000000
          0.000000000000000000          0.000000000000000000
          0.000000000000000000          0.000000000000000000
          0.000000000000000000          0.000000000000000000
          0.000000000000000000          0.000000000000000000
          0.000000000000000000          0.000000000000000000
          0.000000000000000000          0.000000000000000000
          0.000000000000000000          0.000000000000000000
          0.000000000000000000          0.000000000000000000
          0.000000000000000000          0.000000000000000000
          0.000000000000000000          0.000000000000000000
          0.000000000000000000          0.000000000000000000
          0.000000000000000000          0.000000000000000000
          0.000000000000000000          0.000000000000000000
          0.000000000000000000          0.000000000000000000
          0.000000000000000000          0.000000000000000000
          0.000000000000000000          0.000000000000000000
          0.000000000000000000          0.000000000000000000
          0.000000000000000000          0.000000000000000000
          0.000000000000000000          0.000000000000000000
          0.000000000000000000          0.000000000000000000
          0.000000000000000000          0.000000000000000000
          0.000000000000000000          0.000000000000000000
          0.000000000000000000          0.000000000000000000
          0.000000000000000000          0.000000000000000000
          0.000000000000000000          0.000000000000000000
          0.000000000000000000          0.000000000000000000
          0.000000000000000000          0.000000000000000000
          0.000000000000000000          0.000000000000000000
          0.000000000000000000          0.000000000000000000
          0.000000000000000000          0.000000000000000000
          0.000000000000000000          0.000000000000000000
          0.000000000000000000          0.000000000000000000
          0.000000000000000000          0.000000000000000000
          0.000000000000000000          0.000000000000000000
          0.000000000000000000          0.000000000000000000
          0.000000000000000000          0.000000000000000000
          0.000000000000000000          0.000000000000000000
          0.000000000000000000          0.000000000000000000
          0.000000000000000000          0.000000000000000000
          0.000000000000000000          0.000000000000000000
          0.000000000000000000          0.000000000000000000
          0.000000000000000000          0.000000000000000000
          0.000000000000000000          0.000000000000000000
          0.000000000000000000          0.000000000000000000
          0.000000000000000000          0.000000000000000000
          0.000000000000000000          0.000000000000000000
          0.000000000000000000          0.000000000000000000
          0.000000000000000000          0.000000000000000000
          0.000000000000000000          0.000000000000000000
          0.000000000000000000          0.000000000000000000
          0.000000000000000000          0.000000000000000000
          0.000000000000000000          0.000000000000000000
          0.000000000000000000          0.000000000000000000
          0.000000000000000000          0.000000000000000000
          0.000000000000000000          0.000000000000000000
          0.000000000000000000          0.000000000000000000
          0.000000000000000000          0.000000000000000000
          0.000000000000000000          0.000000000000000000
          0.000000000000000000          0.000000000000000000
          0.000000000000000000          0.000000000000000000
          0.000000000000000000          0.000000000000000000
          0.000000000000000000          0.000000000000000000
          0.000000000000000000          0.000000000000000000
          0.000000000000000000          0.000000000000000000
          0.000000000000000000          0.000000000000000000
          0.000000000000000000          0.000000000000000000
          0.000000000000000000          0.000000000000000000
          0.000000000000000000          0.000000000000000000
          0.000000000000000000          0.000000000000000000
          0.000000000000000000          0.000000000000000000
          0.000000000000000000          0.000000000000000000
          0.000000000000000000          0.000000000000000000
          0.000000000000000000          0.000000000000000000
          0.000000000000000000          0.000000000000000000
          0.000000000000000000          0.000000000000000000
          0.000000000000000000          0.000000000000000000
          0.000000000000000000          0.000000000000000000
          0.000000000000000000          0.000000000000000000
          0.000000000000000000          0.000000000000000000
          0.000000000000000000          0.000000000000000000
          0.000000000000000000          0.000000000000000000
          0.000000000000000000          0.000000000000000000
          0.000000000000000000          0.000000000000000000
          0.000000000000000000          0.000000000000000000
          0.000000000000000000          0.000000000000000000
          0.000000000000000000          0.000000000000000000
          0.000000000000000000          0.000000000000000000
          0.000000000000000000          0.000000000000000000
          0.000000000000000000          0.000000000000000000
          0.000000000000000000          0.000000000000000000
          0.000000000000000000          0.000000000000000000
          0.000000000000000000          0.000000000000000000
          0.000000000000000000          0.000000000000000000
          0.000000000000000000          0.000000000000000000
          0.000000000000000000          0.000000000000000000
          0.000000000001065527          0.000000000000000000
         -0.000000000022839917          0.000000000000000000
          0.934827861241932068          0.000000000000000000
          0.000000000024161693          0.000000000000000000
          0.000000000020112668          0.000000000000000000
         -0.352226561284780637          0.000000000000000000
         -0.000000000004909438          0.000000000000000000
         -0.000000000003055581          0.000000000000000000
          0.044900360856312486          0.000000000000000000
          0.000000000000590869          0.000000000000000000
          0.000000000000336355          0.000000000000000000
         -0.004144765204651990          0.000000000000000000
         -0.000000000000043880          0.000000000000000000
         -0.000000000000025631          0.000000000000000000
          0.000312174919570228          0.000000000000000000
          0.000000000000003867          0.000000000000000000
         -0.000000000000004864          0.000000000000000000
         -0.000020806168761438          0.000000000000000000
         -0.000000000000000095          0.000000000000000000
         -0.000000000000003192          0.000000000000000000
          0.000001273756609302          0.000000000000000000
          0.000000000000000064          0.000000000000000000
         -0.000000000000000017          0.000000000000000000
         -0.000000073291437209          0.000000000000000000
         -0.000000000000000266          0.000000000000000000
          0.000000000000000225          0.000000000000000000
          0.000000004022117142          0.000000000000000000
         -0.000000000000000209          0.000000000000000000
         -0.000000000000000013          0.000000000000000000
         -0.000000000212638889          0.000000000000000000
         -0.000000000000000074          0.000000000000000000
          0.000000000000000104          0.000000000000000000
          0.000000000010907008          0.000000000000000000
         -0.000000000000000001          0.000000000000000000
         -0.000000000000000022          0.000000000000000000
         -0.000000000000545805          0.000000000000000000
          0.000000000000000041          0.000000000000000000
          0.000000000000000057          0.000000000000000000
          0.000000000000026819          0.000000000000000000
          0.000000000000000027          0.000000000000000000
         -0.000000000000000039          0.000000000000000000
         -0.000000000000001280          0.000000000000000000
         -0.000000000000000069          0.000000000000000000
          0.000000000000000034          0.000000000000000000
          0.000000000000000118          0.000000000000000000
         -0.000000000000000009          0.000000000000000000
          0.000000000000000074          0.000000000000000000
          0.000000000000000025          0.000000000000000000
         -0.000000000000000010          0.000000000000000000
         -0.000000000000000025          0.000000000000000000
         -0.000000000000000024          0.000000000000000000
          0.000000000000000057          0.000000000000000000
         -0.000000000000000060          0.000000000000000000
          0.000000000000000030          0.000000000000000000
         -0.000000000000000043          0.000000000000000000
          0.000000000000000012          0.000000000000000000
         -0.000000000000000073          0.000000000000000000
         -0.000000000000000001          0.000000000000000000
          0.000000000000000008          0.000000000000000000
          0.000000000000000020          0.000000000000000000
          0.000000000000000011          0.000000000000000000
          0.000000000000000024          0.000000000000000000
          0.000000000000000011          0.000000000000000000
         -0.000000000000000049          0.000000000000000000
          0.000000000000000000          0.000000000000000000
          0.000000000000000000          0.000000000000000000
          0.000000000000000000          0.000000000000000000
          0.000000000000000000          0.000000000000000000
          0.000000000000000000          0.000000000000000000
          0.000000000000000000          0.000000000000000000
          0.000000000000000000          0.000000000000000000
          0.000000000000000000          0.000000000000000000
          0.000000000000000000          0.000000000000000000
          0.000000000000000000          0.000000000000000000
          0.000000000000000000          0.000000000000000000
          0.000000000000000000          0.000000000000000000
          0.000000000000000000          0.000000000000000000
          0.000000000000000000          0.000000000000000000
          0.000000000000000000          0.000000000000000000
          0.000000000000000000          0.000000000000000000
          0.000000000000000000          0.000000000000000000
          0.000000000000000000          0.000000000000000000
          0.000000000000000000          0.000000000000000000
          0.000000000000000000          0.000000000000000000
          0.000000000000000000          0.000000000000000000
          0.000000000000000000          0.000000000000000000
          0.000000000000000000          0.000000000000000000
          0.000000000000000000          0.000000000000000000
          0.000000000000000000          0.000000000000000000
          0.000000000000000000          0.000000000000000000
          0.000000000000000000          0.000000000000000000
          0.000000000000000000          0.000000000000000000
          0.000000000000000000          0.000000000000000000
          0.000000000000000000          0.000000000000000000
          0.000000000000000000          0.000000000000000000
          0.000000000000000000          0.000000000000000000
          0.000000000000000000          0.000000000000000000
          0.000000000000000000          0.000000000000000000
          0.000000000000000000          0.000000000000000000
          0.000000000000000000          0.000000000000000000
          0.000000000000000000          0.000000000000000000
          0.000000000000000000          0.000000000000000000
          0.000000000000000000          0.000000000000000000
          0.000000000000000000          0.000000000000000000
          0.000000000000000000          0.000000000000000000
          0.000000000000000000          0.000000000000000000
          0.000000000000000000          0.000000000000000000
          0.000000000000000000          0.000000000000000000
          0.000000000000000000          0.000000000000000000
          0.000000000000000000          0.000000000000000000
          0.000000000000000000          0.000000000000000000
          0.000000000000000000          0.000000000000000000
          0.000000000000000000          0.000000000000000000
          0.000000000000000000          0.000000000000000000
          0.000000000000000000          0.000000000000000000
          0.000000000000000000          0.000000000000000000
          0.000000000000000000          0.000000000000000000
          0.000000000000000000          0.000000000000000000
          0.000000000000000000          0.000000000000000000
          0.000000000000000000          0.000000000000000000
          0.000000000000000000          0.000000000000000000
          0.000000000000000000          0.000000000000000000
          0.000000000000000000          0.000000000000000000
          0.000000000000000000          0.000000000000000000
          0.000000000000000000          0.000000000000000000
          0.000000000000000000          0.000000000000000000
          0.000000000000000000          0.000000000000000000
          0.000000000000000000          0.000000000000000000
          0.030013408836689182         -0.243616458928569868
         -0.361735382007083328          0.423556555990286077
          0.000000000005195154         -0.000000000001624493
          0.588861820139783276          0.000000000000000000
          0.270171594054084308         -0.432949091005597142
         -0.000000000001968138          0.000000000000639413
         -0.125492312791795790         -0.003855088927158624
         -0.042655725537604466          0.066726620734876327
          0.000000000000246138         -0.000000000000058929
          0.014147145290373730          0.000343870724875370
          0.004307645988215834         -0.006775703957905633
         -0.000000000000025341          0.000000000000016071
         -0.001202256337970097         -0.000030736766688415
         -0.000342823006828010          0.000538734718621903
          0.000000000000001196          0.000000000000001533
          0.000086475218899093          0.000002197974053037
          0.000023677875218617         -0.000037212463685758
         -0.000000000000000422          0.000000000000001728
         -0.000005584037655643         -0.000000142039386950
         -0.000001486571482687          0.000002336269883315
         -0.000000000000000140          0.000000000000000587
          0.000000334187101844          0.000000008498520268
          0.000000087154711967         -0.000000136971445271
          0.000000000000000000          0.000000000000000022
         -0.000000018902253917         -0.000000000480693707
         -0.000000004852709461          0.000000007626469315
         -0.000000000000000083          0.000000000000000188
          0.000000001023529972          0.000000000026028436
          0.000000000259526370         -0.000000000407869580
         -0.000000000000000081         -0.000000000000000015
         -0.000000000053532275         -0.000000000001361742
         -0.000000000013438324          0.000000000021119207
         -0.000000000000000066          0.000000000000000215
          0.000000000002721299          0.000000000000069529
          0.000000000000677570         -0.000000000001064931
         -0.000000000000000010         -0.000000000000000033
         -0.000000000000134895         -0.000000000000003547
         -0.000000000000033537          0.000000000000052551
         -0.000000000000000026          0.000000000000000017
          0.000000000000006469          0.000000000000000187
          0.000000000000001696         -0.000000000000002572
         -0.000000000000000017          0.000000000000000009
         -0.000000000000000345          0.000000000000000012
         -0.000000000000000090          0.000000000000000101
         -0.000000000000000009         -0.000000000000000003
          0.000000000000000057         -0.000000000000000047
          0.000000000000000053         -0.000000000000000023
         -0.000000000000000012          0.000000000000000002
         -0.000000000000000038          0.000000000000000034
          0.000000000000000008          0.000000000000000006
          0.000000000000000014          0.000000000000000037
         -0.000000000000000011         -0.000000000000000038
         -0.000000000000000042         -0.000000000000000026
         -0.000000000000000023          0.000000000000000012
         -0.000000000000000005         -0.000000000000000018
         -0.000000000000000057         -0.000000000000000010
          0.000000000000000055         -0.000000000000000031
         -0.000000000000000020         -0.000000000000000021
         -0.000000000000000120          0.000000000000000097
          0.000000000000000005          0.000000000000000011
          0.000000000000000021          0.000000000000000001
         -0.000000000000000056          0.000000000000000036
         -0.000000000000000016          0.000000000000000003
          0.000000000000000029         -0.000000000000000096
          0.000000000000000000          0.000000000000000000
          0.000000000000000000          0.000000000000000000
          0.000000000000000000          0.000000000000000000
          0.000000000000000000          0.000000000000000000
          0.000000000000000000          0.000000000000000000
          0.000000000000000000          0.000000000000000000
          0.000000000000000000          0.000000000000000000
          0.000000000000000000          0.000000000000000000
          0.000000000000000000          0.000000000000000000
          0.000000000000000000          0.000000000000000000
          0.000000000000000000          0.000000000000000000
          0.000000000000000000          0.000000000000000000
          0.000000000000000000          0.000000000000000000
          0.000000000000000000          0.000000000000000000
          0.000000000000000000          0.000000000000000000
          0.000000000000000000          0.000000000000000000
          0.000000000000000000          0.000000000000000000
          0.000000000000000000          0.000000000000000000
          0.000000000000000000          0.000000000000000000
          0.000000000000000000          0.000000000000000000
          0.000000000000000000          0.000000000000000000
          0.000000000000000000          0.000000000000000000
          0.000000000000000000          0.000000000000000000
          0.000000000000000000          0.000000000000000000
          0.000000000000000000          0.000000000000000000
          0.000000000000000000          0.000000000000000000
          0.000000000000000000          0.000000000000000000
          0.000000000000000000          0.000000000000000000
          0.000000000000000000          0.000000000000000000
          0.000000000000000000          0.000000000000000000
          0.000000000000000000          0.000000000000000000
          0.000000000000000000          0.000000000000000000
          0.000000000000000000          0.000000000000000000
          0.000000000000000000          0.000000000000000000
          0.000000000000000000          0.000000000000000000
          0.000000000000000000          0.000000000000000000
          0.000000000000000000          0.000000000000000000
          0.000000000000000000          0.000000000000000000
          0.000000000000000000          0.000000000000000000
          0.000000000000000000          0.000000000000000000
          0.000000000000000000          0.000000000000000000
          0.000000000000000000          0.000000000000000000
          0.000000000000000000          0.000000000000000000
          0.000000000000000000          0.000000000000000000
          0.000000000000000000          0.000000000000000000
          0.000000000000000000          0.000000000000000000
          0.000000000000000000          0.000000000000000000
          0.000000000000000000          0.000000000000000000
          0.000000000000000000          0.000000000000000000
          0.000000000000000000          0.000000000000000000
          0.000000000000000000          0.000000000000000000
          0.000000000000000000          0.000000000000000000
          0.000000000000000000          0.000000000000000000
          0.000000000000000000          0.000000000000000000
          0.000000000000000000          0.000000000000000000
          0.000000000000000000          0.000000000000000000
          0.000000000000000000          0.000000000000000000
          0.000000000000000000          0.000000000000000000
          0.000000000000000000          0.000000000000000000
          0.000000000000000000          0.000000000000000000
          0.000000000000000000          0.000000000000000000
          0.000000000000000000          0.000000000000000000
          0.000000000000000000          0.000000000000000000
          0.000000000000000000          0.000000000000000000
          0.030013408836689945          0.243616458928569812
         -0.361735382007083384         -0.423556555990286021
          0.000000000005195154          0.000000000001624493
          0.588861820139782832          0.000000000000000000
          0.270171594054084363          0.432949091005597253
         -0.000000000001968138         -0.000000000000639413
         -0.125492312791795763          0.003855088927158641
         -0.042655725537604473         -0.066726620734876341
          0.000000000000246138          0.000000000000058929
          0.014147145290373725         -0.000343870724875380
          0.004307645988215836          0.006775703957905639
         -0.000000000000025341         -0.000000000000016071
         -0.001202256337970096          0.000030736766688416
         -0.000342823006828010         -0.000538734718621903
          0.000000000000001196         -0.000000000000001533
          0.000086475218899093         -0.000002197974053037
          0.000023677875218617          0.000037212463685758
         -0.000000000000000422         -0.000000000000001728
         -0.000005584037655643          0.000000142039386950
         -0.000001486571482687         -0.000002336269883315
         -0.000000000000000140         -0.000000000000000587
          0.000000334187101844         -0.000000008498520268
          0.000000087154711967          0.000000136971445271
          0.000000000000000000         -0.000000000000000022
         -0.000000018902253917          0.000000000480693707
         -0.000000004852709461         -0.000000007626469315
         -0.000000000000000083         -0.000000000000000188
          0.000000001023529972         -0.000000000026028436
          0.000000000259526370          0.000000000407869580
         -0.000000000000000081          0.000000000000000015
         -0.000000000053532275          0.000000000001361742
         -0.000000000013438324         -0.000000000021119207
         -0.000000000000000066         -0.000000000000000215
          0.000000000002721299         -0.000000000000069529
          0.000000000000677570          0.000000000001064931
         -0.000000000000000010          0.000000000000000033
         -0.000000000000134895          0.000000000000003547
         -0.000000000000033537         -0.000000000000052551
         -0.000000000000000026         -0.000000000000000017
          0.000000000000006469         -0.000000000000000187
          0.000000000000001696          0.000000000000002572
         -0.000000000000000017         -0.000000000000000009
         -0.000000000000000345         -0.000000000000000012
         -0.000000000000000090         -0.000000000000000101
         -0.000000000000000009          0.000000000000000003
          0.000000000000000057          0.000000000000000047
          0.000000000000000053          0.000000000000000023
         -0.000000000000000012         -0.000000000000000002
         -0.000000000000000038         -0.000000000000000034
          0.000000000000000008         -0.000000000000000006
          0.000000000000000014         -0.000000000000000037
         -0.000000000000000011          0.000000000000000038
         -0.000000000000000042          0.000000000000000026
         -0.000000000000000023         -0.000000000000000012
         -0.000000000000000005          0.000000000000000018
         -0.000000000000000057          0.000000000000000010
          0.000000000000000055          0.000000000000000031
         -0.000000000000000020          0.000000000000000021
         -0.000000000000000120         -0.000000000000000097
          0.000000000000000005         -0.000000000000000011
          0.000000000000000021         -0.000000000000000001
         -0.000000000000000056         -0.000000000000000036
         -0.000000000000000016         -0.000000000000000003
          0.000000000000000029          0.000000000000000096
          0.030013408837477079          0.243616458929182989
          0.361735382006328599          0.423556555988860106
         -0.000000000000867781         -0.000000000000845968
          0.588861820140722747          0.000000000000000000
         -0.270171594053161712         -0.432949091006454512
          0.000000000000323442          0.000000000000421013
         -0.125492312792017807          0.003855088927011863
          0.042655725537470976          0.066726620734981201
         -0.000000000000038913         -0.000000000000040980
          0.014147145290392507         -0.000343870724874724
         -0.004307645988201040         -0.006775703957909936
          0.000000000000002630         -0.000000000000003363
         -0.001202256337973095          0.000030736766687734
          0.000342823006827257          0.000538734718628878
         -0.000000000000000579         -0.000000000000001691
          0.000086475218900826         -0.000002197974049192
         -0.000023677875217136         -0.000037212463680924
         -0.000000000000000258         -0.000000000000001546
         -0.000005584037657613          0.000000142039386760
          0.000001486571481806          0.000002336269881472
          0.000000000000000284          0.000000000000000862
          0.000000334187101641         -0.000000008498520348
         -0.000000087154712407         -0.000000136971445920
         -0.000000000000000023         -0.000000000000000070
         -0.000000018902253710          0.000000000480693931
          0.000000004852708972          0.000000007626468877
         -0.000000000000000019         -0.000000000000000066
          0.000000001023530716         -0.000000000026028868
         -0.000000000259526444         -0.000000000407869397
         -0.000000000000000053          0.000000000000000032
         -0.000000000053532712          0.000000000001361357
          0.000000000013438323          0.000000000021119338
          0.000000000000000001          0.000000000000000027
          0.000000000002721479         -0.000000000000069240
         -0.000000000000677582         -0.000000000001064800
         -0.000000000000000075         -0.000000000000000050
         -0.000000000000135052          0.000000000000003524
          0.000000000000033278          0.000000000000052423
          0.000000000000000018         -0.000000000000000007
          0.000000000000006753         -0.000000000000000064
         -0.000000000000001594         -0.000000000000002512
          0.000000000000000034          0.000000000000000054
         -0.000000000000000271          0.000000000000000008
          0.000000000000000146          0.000000000000000198
         -0.000000000000000058         -0.000000000000000043
         -0.000000000000000039         -0.000000000000000127
         -0.000000000000000083         -0.000000000000000057
         -0.000000000000000051         -0.000000000000000033
          0.000000000000000014          0.000000000000000020
          0.000000000000000020          0.000000000000000025
         -0.000000000000000026          0.000000000000000040
          0.000000000000000028          0.000000000000000092
         -0.000000000000000002          0.000000000000000011
         -0.000000000000000023         -0.000000000000000017
         -0.000000000000000045          0.000000000000000015
          0.000000000000000067          0.000000000000000021
         -0.000000000000000061         -0.000000000000000033
         -0.000000000000000020         -0.000000000000000036
          0.000000000000000054          0.000000000000000041
         -0.000000000000000045         -0.000000000000000039
          0.000000000000000058          0.000000000000000078
          0.000000000000000034         -0.000000000000000014
          0.000000000000000055          0.000000000000000030
         -0.000000000000000145         -0.000000000000000006
          0.000000000000000000          0.000000000000000000
          0.000000000000000000          0.000000000000000000
          0.000000000000000000          0.000000000000000000
          0.000000000000000000          0.000000000000000000
          0.000000000000000000          0.000000000000000000
          0.000000000000000000          0.000000000000000000
          0.000000000000000000          0.000000000000000000
          0.000000000000000000          0.000000000000000000
          0.000000000000000000          0.000000000000000000
          0.000000000000000000          0.000000000000000000
          0.000000000000000000          0.000000000000000000
          0.000000000000000000          0.000000000000000000
          0.000000000000000000          0.000000000000000000
          0.000000000000000000          0.000000000000000000
          0.000000000000000000          0.000000000000000000
          0.000000000000000000          0.000000000000000000
          0.000000000000000000          0.000000000000000000
          0.000000000000000000          0.000000000000000000
          0.000000000000000000          0.000000000000000000
          0.000000000000000000          0.000000000000000000
          0.000000000000000000          0.000000000000000000
          0.000000000000000000          0.000000000000000000
          0.000000000000000000          0.000000000000000000
          0.000000000000000000          0.000000000000000000
          0.000000000000000000          0.000000000000000000
          0.000000000000000000          0.000000000000000000
          0.000000000000000000          0.000000000000000000
          0.000000000000000000          0.000000000000000000
          0.000000000000000000          0.000000000000000000
          0.000000000000000000          0.000000000000000000
          0.000000000000000000          0.000000000000000000
          0.000000000000000000          0.000000000000000000
          0.000000000000000000          0.000000000000000000
          0.000000000000000000          0.000000000000000000
          0.000000000000000000          0.000000000000000000
          0.000000000000000000          0.000000000000000000
          0.000000000000000000          0.000000000000000000
          0.000000000000000000          0.000000000000000000
          0.000000000000000000          0.000000000000000000
          0.000000000000000000          0.000000000000000000
          0.000000000000000000          0.000000000000000000
          0.000000000000000000          0.000000000000000000
          0.000000000000000000          0.000000000000000000
          0.000000000000000000          0.000000000000000000
          0.000000000000000000          0.000000000000000000
          0.000000000000000000          0.000000000000000000
          0.000000000000000000          0.000000000000000000
          0.000000000000000000          0.000000000000000000
          0.000000000000000000          0.000000000000000000
          0.000000000000000000          0.000000000000000000
          0.000000000000000000          0.000000000000000000
          0.000000000000000000          0.000000000000000000
          0.000000000000000000          0.000000000000000000
          0.000000000000000000          0.000000000000000000
          0.000000000000000000          0.000000000000000000
          0.000000000000000000          0.000000000000000000
          0.000000000000000000          0.000000000000000000
          0.000000000000000000          0.000000000000000000
          0.000000000000000000          0.000000000000000000
          0.000000000000000000          0.000000000000000000
          0.000000000000000000          0.000000000000000000
          0.000000000000000000          0.000000000000000000
          0.000000000000000000          0.000000000000000000
          0.000000000000000000          0.000000000000000000
          0.030013408837477100         -0.243616458929182989
          0.361735382006328099         -0.423556555988860606
         -0.000000000000867781          0.000000000000845968
          0.588861820140722303          0.000000000000000000
         -0.270171594053160491          0.432949091006455622
          0.000000000000323442         -0.000000000000421013
         -0.125492312792017752         -0.003855088927011837
          0.042655725537470705         -0.066726620734981437
         -0.000000000000038913          0.000000000000040980
          0.014147145290392498          0.000343870724874711
         -0.004307645988201020          0.006775703957909953
          0.000000000000002630          0.000000000000003363
         -0.001202256337973094         -0.000030736766687734
          0.000342823006827255         -0.000538734718628880
         -0.000000000000000578          0.000000000000001691
          0.000086475218900826          0.000002197974049192
         -0.000023677875217136          0.000037212463680925
         -0.000000000000000259          0.000000000000001545
         -0.000005584037657613         -0.000000142039386760
          0.000001486571481806         -0.000002336269881472
          0.000000000000000284         -0.000000000000000862
          0.000000334187101641          0.000000008498520348
         -0.000000087154712407          0.000000136971445920
         -0.000000000000000023          0.000000000000000070
         -0.000000018902253710         -0.000000000480693931
          0.000000004852708972         -0.000000007626468877
         -0.000000000000000019          0.000000000000000066
          0.000000001023530716          0.000000000026028868
         -0.000000000259526444          0.000000000407869397
         -0.000000000000000053         -0.000000000000000032
         -0.000000000053532712         -0.000000000001361357
          0.000000000013438323         -0.000000000021119338
          0.000000000000000001         -0.000000000000000027
          0.000000000002721479          0.000000000000069240
         -0.000000000000677582          0.000000000001064800
         -0.000000000000000075          0.000000000000000050
         -0.000000000000135052         -0.000000000000003524
          0.000000000000033278         -0.000000000000052423
          0.000000000000000018          0.000000000000000007
          0.000000000000006753          0.000000000000000064
         -0.000000000000001594          0.000000000000002512
          0.000000000000000034         -0.000000000000000054
         -0.000000000000000271         -0.000000000000000008
          0.000000000000000146         -0.000000000000000198
         -0.000000000000000058          0.000000000000000043
         -0.000000000000000039          0.000000000000000127
         -0.000000000000000083          0.000000000000000057
         -0.000000000000000051          0.000000000000000033
          0.000000000000000014         -0.000000000000000020
          0.000000000000000020         -0.000000000000000025
         -0.000000000000000026         -0.000000000000000040
          0.000000000000000028         -0.000000000000000092
         -0.000000000000000002         -0.000000000000000011
         -0.000000000000000023          0.000000000000000017
         -0.000000000000000045         -0.000000000000000015
          0.000000000000000067         -0.000000000000000021
         -0.000000000000000061          0.000000000000000033
         -0.000000000000000020          0.000000000000000036
          0.000000000000000054         -0.000000000000000041
         -0.000000000000000045          0.000000000000000039
          0.000000000000000058         -0.000000000000000078
          0.000000000000000034          0.000000000000000014
          0.000000000000000055         -0.000000000000000030
         -0.000000000000000145          0.000000000000000006
          0.000000000000000000          0.000000000000000000
          0.000000000000000000          0.000000000000000000
          0.000000000000000000          0.000000000000000000
          0.000000000000000000          0.000000000000000000
          0.000000000000000000          0.000000000000000000
          0.000000000000000000          0.000000000000000000
          0.000000000000000000          0.000000000000000000
          0.000000000000000000          0.000000000000000000
          0.000000000000000000          0.000000000000000000
          0.000000000000000000          0.000000000000000000
          0.000000000000000000          0.000000000000000000
          0.000000000000000000          0.000000000000000000
          0.000000000000000000          0.000000000000000000
          0.000000000000000000          0.000000000000000000
          0.000000000000000000          0.000000000000000000
          0.000000000000000000          0.000000000000000000
          0.000000000000000000          0.000000000000000000
          0.000000000000000000          0.000000000000000000
          0.000000000000000000          0.000000000000000000
          0.000000000000000000          0.000000000000000000
          0.000000000000000000          0.000000000000000000
          0.000000000000000000          0.000000000000000000
          0.000000000000000000          0.000000000000000000
          0.000000000000000000          0.000000000000000000
          0.000000000000000000          0.000000000000000000
          0.000000000000000000          0.000000000000000000
          0.000000000000000000          0.000000000000000000
          0.000000000000000000          0.000000000000000000
          0.000000000000000000          0.000000000000000000
          0.000000000000000000          0.000000000000000000
          0.000000000000000000          0.000000000000000000
          0.000000000000000000          0.000000000000000000
          0.000000000000000000          0.000000000000000000
          0.000000000000000000          0.000000000000000000
          0.000000000000000000          0.000000000000000000
          0.000000000000000000          0.000000000000000000
          0.000000000000000000          0.000000000000000000
          0.000000000000000000          0.000000000000000000
          0.000000000000000000          0.000000000000000000
          0.000000000000000000          0.000000000000000000
          0.000000000000000000          0.000000000000000000
          0.000000000000000000          0.000000000000000000
          0.000000000000000000          0.000000000000000000
          0.000000000000000000          0.000000000000000000
          0.000000000000000000          0.000000000000000000
          0.000000000000000000          0.000000000000000000
          0.000000000000000000          0.000000000000000000
          0.000000000000000000          0.000000000000000000
          0.000000000000000000          0.000000000000000000
          0.000000000000000000          0.000000000000000000
          0.000000000000000000          0.000000000000000000
          0.000000000000000000          0.000000000000000000
          0.000000000000000000          0.000000000000000000
          0.000000000000000000          0.000000000000000000
          0.000000000000000000          0.000000000000000000
          0.000000000000000000          0.000000000000000000
          0.000000000000000000          0.000000000000000000
          0.000000000000000000          0.000000000000000000
          0.000000000000000000          0.000000000000000000
          0.000000000000000000          0.000000000000000000
          0.000000000000000000          0.000000000000000000
          0.000000000000000000          0.000000000000000000
          0.000000000000000000          0.000000000000000000
          0.000000000000000000          0.000000000000000000
         -0.106512765476804244         -0.000000000000000062
         -0.387459241998795223         -0.000000000000000056
          0.000000000001201093          0.000000000000000000
         -0.029472124523788917         -0.000000000000000012
          0.905336426533711158          0.000000000000000000
         -0.000000000000641817          0.000000000000000000
          0.004002681655563908          0.000000000000000014
         -0.133501015787488575          0.000000000000000083
          0.000000000000055536          0.000000000000000000
         -0.000506852052727474         -0.000000000000000001
          0.013701303742379812         -0.000000000000000001
          0.000000000000003761          0.000000000000000000
          0.000042143129930160          0.000000000000000000
         -0.001087426286156283          0.000000000000000000
          0.000000000000003255          0.000000000000000000
         -0.000003039018521359          0.000000000000000000
          0.000075125823482735          0.000000000000000000
          0.000000000000002520          0.000000000000000002
          0.000000196175816796          0.000000000000000000
         -0.000004716366685903          0.000000000000000000
         -0.000000000000001474          0.000000000000000000
         -0.000000011741800624          0.000000000000000000
          0.000000276514777439          0.000000000000000000
          0.000000000000000438          0.000000000000000000
          0.000000000664137843          0.000000000000000000
         -0.000000015396144272          0.000000000000000000
          0.000000000000000201          0.000000000000000000
         -0.000000000035961919          0.000000000000000000
          0.000000000823397912          0.000000000000000000
          0.000000000000000056          0.000000000000000000
          0.000000000001880899          0.000000000000000000
         -0.000000000042635240          0.000000000000000000
         -0.000000000000000046          0.000000000000000000
         -0.000000000000095568          0.000000000000000000
          0.000000000002149637          0.000000000000000000
          0.000000000000000122          0.000000000000000000
          0.000000000000004641          0.000000000000000000
         -0.000000000000105943          0.000000000000000000
         -0.000000000000000028          0.000000000000000000
         -0.000000000000000494          0.000000000000000000
          0.000000000000005175          0.000000000000000000
         -0.000000000000000066          0.000000000000000000
          0.000000000000000030          0.000000000000000000
         -0.000000000000000367          0.000000000000000000
          0.000000000000000072          0.000000000000000000
          0.000000000000000224          0.000000000000000000
          0.000000000000000124          0.000000000000000000
          0.000000000000000048          0.000000000000000000
          0.000000000000000027          0.000000000000000000
         -0.000000000000000027          0.000000000000000000
         -0.000000000000000029          0.000000000000000000
         -0.000000000000000145          0.000000000000000000
         -0.000000000000000024          0.000000000000000000
          0.000000000000000011          0.000000000000000000
         -0.000000000000000050          0.000000000000000000
         -0.000000000000000042          0.000000000000000000
          0.000000000000000024          0.000000000000000000
          0.000000000000000033          0.000000000000000000
         -0.000000000000000047          0.000000000000000000
          0.000000000000000038          0.000000000000000000
         -0.000000000000000139          0.000000000000000000
          0.000000000000000038          0.000000000000000000
         -0.000000000000000034          0.000000000000000000
         -0.000000000000000003          0.000000000000000000
          0.000000000000000000          0.000000000000000000
          0.000000000000000000          0.000000000000000000
          0.000000000000000000          0.000000000000000000
          0.000000000000000000          0.000000000000000000
          0.000000000000000000          0.000000000000000000
          0.000000000000000000          0.000000000000000000
          0.000000000000000000          0.000000000000000000
          0.000000000000000000          0.000000000000000000
          0.000000000000000000          0.000000000000000000
          0.000000000000000000          0.000000000000000000
          0.000000000000000000          0.000000000000000000
          0.000000000000000000          0.000000000000000000
          0.000000000000000000          0.000000000000000000
          0.000000000000000000          0.000000000000000000
          0.000000000000000000          0.000000000000000000
          0.000000000000000000          0.000000000000000000
          0.000000000000000000          0.000000000000000000
          0.000000000000000000          0.000000000000000000
          0.000000000000000000          0.000000000000000000
          0.000000000000000000          0.000000000000000000
          0.000000000000000000          0.000000000000000000
          0.000000000000000000          0.000000000000000000
          0.000000000000000000          0.000000000000000000
          0.000000000000000000          0.000000000000000000
          0.000000000000000000          0.000000000000000000
          0.000000000000000000          0.000000000000000000
          0.000000000000000000          0.000000000000000000
          0.000000000000000000          0.000000000000000000
          0.000000000000000000          0.000000000000000000
          0.000000000000000000          0.000000000000000000
          0.000000000000000000          0.000000000000000000
          0.000000000000000000          0.000000000000000000
          0.000000000000000000          0.000000000000000000
          0.000000000000000000          0.000000000000000000
          0.000000000000000000          0.000000000000000000
          0.000000000000000000          0.000000000000000000
          0.000000000000000000          0.000000000000000000
          0.000000000000000000          0.000000000000000000
          0.000000000000000000          0.000000000000000000
          0.000000000000000000          0.000000000000000000
          0.000000000000000000          0.000000000000000000
          0.000000000000000000          0.000000000000000000
          0.000000000000000000          0.000000000000000000
          0.000000000000000000          0.000000000000000000
          0.000000000000000000          0.000000000000000000
          0.000000000000000000          0.000000000000000000
          0.000000000000000000          0.000000000000000000
          0.000000000000000000          0.000000000000000000
          0.000000000000000000          0.000000000000000000
          0.000000000000000000          0.000000000000000000
          0.000000000000000000          0.000000000000000000
          0.000000000000000000          0.000000000000000000
          0.000000000000000000          0.000000000000000000
          0.000000000000000000          0.000000000000000000
          0.000000000000000000          0.000000000000000000
          0.000000000000000000          0.000000000000000000
          0.000000000000000000          0.000000000000000000
          0.000000000000000000          0.000000000000000000
          0.000000000000000000          0.000000000000000000
          0.000000000000000000          0.000000000000000000
          0.000000000000000000          0.000000000000000000
          0.000000000000000000          0.000000000000000000
          0.000000000000000000          0.000000000000000000
          0.000000000000000000          0.000000000000000000
          0.000000000000000000          0.000000000000000000
          0.000000000000000000          0.000000000000000000
          0.000000000000000000          0.000000000000000000
          0.000000000000000000          0.000000000000000000
          0.000000000000000000          0.000000000000000000
          0.000000000000000000          0.000000000000000000
          0.000000000000000000          0.000000000000000000
          0.000000000000000000          0.000000000000000000
          0.000000000000000000          0.000000000000000000
          0.000000000000000000          0.000000000000000000
          0.000000000000000000          0.000000000000000000
          0.000000000000000000          0.000000000000000000
          0.000000000000000000          0.000000000000000000
          0.000000000000000000          0.000000000000000000
          0.000000000000000000          0.000000000000000000
          0.000000000000000000          0.000000000000000000
          0.000000000000000000          0.000000000000000000
          0.000000000000000000          0.000000000000000000
          0.000000000000000000          0.000000000000000000
          0.000000000000000000          0.000000000000000000
          0.000000000000000000          0.000000000000000000
          0.000000000000000000          0.000000000000000000
          0.000000000000000000          0.000000000000000000
          0.000000000000000000          0.000000000000000000
          0.000000000000000000          0.000000000000000000
          0.000000000000000000          0.000000000000000000
          0.000000000000000000          0.000000000000000000
          0.000000000000000000          0.000000000000000000
          0.000000000000000000          0.000000000000000000
          0.000000000000000000          0.000000000000000000
          0.000000000000000000          0.000000000000000000
          0.000000000000000000          0.000000000000000000
          0.000000000000000000          0.000000000000000000
          0.000000000000000000          0.000000000000000000
          0.000000000000000000          0.000000000000000000
          0.000000000000000000          0.000000000000000000
          0.000000000000000000          0.000000000000000000
          0.000000000000000000          0.000000000000000000
          0.000000000000000000          0.000000000000000000
          0.000000000000000000          0.000000000000000000
          0.000000000000000000          0.000000000000000000
          0.000000000000000000          0.000000000000000000
          0.000000000000000000          0.000000000000000000
          0.000000000000000000          0.000000000000000000
          0.000000000000000000          0.000000000000000000
          0.000000000000000000          0.000000000000000000
          0.000000000000000000          0.000000000000000000
          0.000000000000000000          0.000000000000000000
          0.000000000000000000          0.000000000000000000
          0.000000000000000000          0.000000000000000000
          0.000000000000000000          0.000000000000000000
          0.000000000000000000          0.000000000000000000
          0.000000000000000000          0.000000000000000000
          0.000000000000000000          0.000000000000000000
          0.000000000000000000          0.000000000000000000
          0.000000000000000000          0.000000000000000000
          0.000000000000000000          0.000000000000000000
          0.000000000000000000          0.000000000000000000
          0.000000000000000000          0.000000000000000000
          0.000000000000000000          0.000000000000000000
          0.000000000000000000          0.000000000000000000
          0.000000000000000000          0.000000000000000000
          0.000000000000000000          0.000000000000000000
          0.000000000000000000          0.000000000000000000
          0.106512765475371654         -0.000000000000000294
         -0.387459241997002879          0.000000000000000040
          0.000000000003015782          0.000000000000000000
          0.029472124518984250          0.000000000000000019
          0.905336426534801397          0.000000000000000000
         -0.000000000001274920          0.000000000000000000
         -0.004002681654136908          0.000000000000000029
         -0.133501015787538924         -0.000000000000000001
          0.000000000000117130          0.000000000000000000
          0.000506852052608442         -0.000000000000000002
          0.013701303742411703          0.000000000000000000
         -0.000000000000034191          0.000000000000000000
         -0.000042143129921557          0.000000000000000000
         -0.001087426286148184          0.000000000000000000
         -0.000000000000003743          0.000000000000000000
          0.000003039018513468          0.000000000000000000
          0.000075125823492228          0.000000000000000000
         -0.000000000000003088          0.000000000000000001
         -0.000000196175816767          0.000000000000000000
         -0.000004716366688086          0.000000000000000000
         -0.000000000000001104          0.000000000000000000
          0.000000011741801018          0.000000000000000000
          0.000000276514776247          0.000000000000000000
          0.000000000000000279          0.000000000000000000
         -0.000000000664137632          0.000000000000000000
         -0.000000015396145232          0.000000000000000000
         -0.000000000000000376          0.000000000000000000
          0.000000000035962698          0.000000000000000000
          0.000000000823398303          0.000000000000000000
          0.000000000000000100          0.000000000000000000
         -0.000000000001880268          0.000000000000000000
         -0.000000000042635012          0.000000000000000000
         -0.000000000000000336          0.000000000000000000
          0.000000000000095183          0.000000000000000000
          0.000000000002149900          0.000000000000000000
          0.000000000000000043          0.000000000000000000
         -0.000000000000004494          0.000000000000000000
         -0.000000000000106032          0.000000000000000000
         -0.000000000000000009          0.000000000000000000
          0.000000000000000213          0.000000000000000000
          0.000000000000005182          0.000000000000000000
         -0.000000000000000071          0.000000000000000000
         -0.000000000000000044          0.000000000000000000
         -0.000000000000000227          0.000000000000000000
         -0.000000000000000010          0.000000000000000000
          0.000000000000000036          0.000000000000000000
          0.000000000000000070          0.000000000000000000
         -0.000000000000000012          0.000000000000000000
         -0.000000000000000029          0.000000000000000000
         -0.000000000000000036          0.000000000000000000
         -0.000000000000000048          0.000000000000000000
          0.000000000000000063          0.000000000000000000
          0.000000000000000080          0.000000000000000000
         -0.000000000000000013          0.000000000000000000
          0.000000000000000042          0.000000000000000000
         -0.000000000000000008          0.000000000000000000
          0.000000000000000024          0.000000000000000000
          0.000000000000000045          0.000000000000000000
         -0.000000000000000154          0.000000000000000000
         -0.000000000000000013          0.000000000000000000
         -0.000000000000000023          0.000000000000000000
         -0.000000000000000032          0.000000000000000000
         -0.000000000000000022          0.000000000000000000
          0.000000000000000138          0.000000000000000000
          0.000000000000000000          0.000000000000000000
          0.000000000000000000          0.000000000000000000
          0.000000000000000000          0.000000000000000000
          0.000000000000000000          0.000000000000000000
          0.000000000000000000          0.000000000000000000
          0.000000000000000000          0.000000000000000000
          0.000000000000000000          0.000000000000000000
          0.000000000000000000          0.000000000000000000
          0.000000000000000000          0.000000000000000000
          0.000000000000000000          0.000000000000000000
          0.000000000000000000          0.000000000000000000
          0.000000000000000000          0.000000000000000000
          0.000000000000000000          0.000000000000000000
          0.000000000000000000          0.000000000000000000
          0.000000000000000000          0.000000000000000000
          0.000000000000000000          0.000000000000000000
          0.000000000000000000          0.000000000000000000
          0.000000000000000000          0.000000000000000000
          0.000000000000000000          0.000000000000000000
          0.000000000000000000          0.000000000000000000
          0.000000000000000000          0.000000000000000000
          0.000000000000000000          0.000000000000000000
          0.000000000000000000          0.000000000000000000
          0.000000000000000000          0.000000000000000000
          0.000000000000000000          0.000000000000000000
          0.000000000000000000          0.000000000000000000
          0.000000000000000000          0.000000000000000000
          0.000000000000000000          0.000000000000000000
          0.000000000000000000          0.000000000000000000
          0.000000000000000000          0.000000000000000000
          0.000000000000000000          0.000000000000000000
          0.000000000000000000          0.000000000000000000
          0.000000000000000000          0.000000000000000000
          0.000000000000000000          0.000000000000000000
          0.000000000000000000          0.000000000000000000
          0.000000000000000000          0.000000000000000000
          0.000000000000000000          0.000000000000000000
          0.000000000000000000          0.000000000000000000
          0.000000000000000000          0.000000000000000000
          0.000000000000000000          0.000000000000000000
          0.000000000000000000          0.000000000000000000
          0.000000000000000000          0.000000000000000000
          0.000000000000000000          0.000000000000000000
          0.000000000000000000          0.000000000000000000
          0.000000000000000000          0.000000000000000000
          0.000000000000000000          0.000000000000000000
          0.000000000000000000          0.000000000000000000
          0.000000000000000000          0.000000000000000000
          0.000000000000000000          0.000000000000000000
          0.000000000000000000          0.000000000000000000
          0.000000000000000000          0.000000000000000000
          0.000000000000000000          0.000000000000000000
          0.000000000000000000          0.000000000000000000
          0.000000000000000000          0.000000000000000000
          0.000000000000000000          0.000000000000000000
          0.000000000000000000          0.000000000000000000
          0.000000000000000000          0.000000000000000000
          0.000000000000000000          0.000000000000000000
          0.000000000000000000          0.000000000000000000
          0.000000000000000000          0.000000000000000000
          0.000000000000000000          0.000000000000000000
          0.000000000000000000          0.000000000000000000
          0.000000000000000000          0.000000000000000000
          0.000000000000000000          0.000000000000000000
         -0.000000000000102611          0.000000000000000000
          0.000000000000817771          0.000000000000000000
         -0.194993509705648604          0.000000000000000000
          0.000000000000795597          0.000000000000000000
          0.000000000000663702          0.000000000000000000
          0.975534478296064544          0.000000000000000000
         -0.000000000000680416          0.000000000000000000
         -0.000000000000144735          0.000000000000000000
         -0.101056757040253464          0.000000000000000000
          0.000000000000006029          0.000000000000000000
         -0.000000000000051910          0.000000000000000000
          0.009848867412899946          0.000000000000000000
         -0.000000000000013067          0.000000000000000000
          0.000000000000003817          0.000000000000000000
         -0.000736257700924793          0.000000000000000000
         -0.000000000000003181          0.000000000000000000
          0.000000000000010710          0.000000000000000000
          0.000049102181160717          0.000000000000000000
         -0.000000000000002170          0.000000000000000000
          0.000000000000001592          0.000000000000000000
         -0.000003005335059667          0.000000000000000000
         -0.000000000000000232          0.000000000000000000
          0.000000000000000141          0.000000000000000000
          0.000000172930018803          0.000000000000000000
          0.000000000000000357          0.000000000000000000
         -0.000000000000000080          0.000000000000000000
         -0.000000009490127480          0.000000000000000000
          0.000000000000000416          0.000000000000000000
         -0.000000000000000299          0.000000000000000000
          0.000000000501719927          0.000000000000000000
          0.000000000000000201          0.000000000000000000
          0.000000000000000029          0.000000000000000000
         -0.000000000025735581          0.000000000000000000
          0.000000000000000012          0.000000000000000000
          0.000000000000000231          0.000000000000000000
          0.000000000001287739          0.000000000000000000
         -0.000000000000000037          0.000000000000000000
         -0.000000000000000018          0.000000000000000000
         -0.000000000000062936          0.000000000000000000
         -0.000000000000000066          0.000000000000000000
          0.000000000000000054          0.000000000000000000
          0.000000000000003049          0.000000000000000000
          0.000000000000000195          0.000000000000000000
         -0.000000000000000059          0.000000000000000000
         -0.000000000000000136          0.000000000000000000
         -0.000000000000000051          0.000000000000000000
          0.000000000000000002          0.000000000000000000
          0.000000000000000070          0.000000000000000000
          0.000000000000000014          0.000000000000000000
          0.000000000000000004          0.000000000000000000
         -0.000000000000000002          0.000000000000000000
         -0.000000000000000020          0.000000000000000000
          0.000000000000000001          0.000000000000000000
          0.000000000000000000          0.000000000000000000
         -0.000000000000000016          0.000000000000000000
         -0.000000000000000006          0.000000000000000000
          0.000000000000000070          0.000000000000000000
          0.000000000000000059          0.000000000000000000
         -0.000000000000000029          0.000000000000000000
          0.000000000000000024          0.000000000000000000
         -0.000000000000000042          0.000000000000000000
          0.000000000000000011          0.000000000000000000
          0.000000000000000004          0.000000000000000000
          0.000000000000000044          0.000000000000000000
