       0.23851389       0.14337102       0.13879512
       0.23945859       0.14417577       0.13931018
       0.24046168       0.14504635       0.13988704
       0.24152391       0.14598410       0.14052774
       0.24264586       0.14699016       0.14123415
       0.24382798       0.14806552       0.14200801
       0.24507056       0.14921095       0.14285085
       0.24637375       0.15042706       0.14376405
       0.24773754       0.15171425       0.14474878
       0.24916174       0.15307269       0.14580602
       0.25064604       0.15450236       0.14693651
       0.25218994       0.15600301       0.14814081
       0.25379281       0.15757419       0.14941922
       0.25545386       0.15921520       0.15077181
       0.25717213       0.16092513       0.15219841
       0.25894654       0.16270286       0.15369863
       0.26077585       0.16454703       0.15527180
       0.26265869       0.16645606       0.15691701
       0.26459357       0.16842818       0.15863311
       0.26657885       0.17046139       0.16041870
       0.26861281       0.17255350       0.16227213
       0.27069360       0.17470214       0.16419151
       0.27281929       0.17690472       0.16617474
       0.27498787       0.17915853       0.16821946
       0.27719723       0.18146067       0.17032314
       0.27944523       0.18380811       0.17248301
       0.28172966       0.18619770       0.17469615
       0.28404828       0.18862617       0.17695946
       0.28639882       0.19109016       0.17926968
       0.28877899       0.19358624       0.18162345
       0.29118649       0.19611092       0.18401730
       0.29361903       0.19866069       0.18644765
       0.29607434       0.20123200       0.18891090
       0.29855015       0.20382131       0.19140340
       0.30104422       0.20642510       0.19392150
       0.30355434       0.20903990       0.19646159
       0.30607833       0.21166227       0.19902006
       0.30861403       0.21428886       0.20159343
       0.31115933       0.21691638       0.20417827
       0.31371213       0.21954165       0.20677128
       0.31627035       0.22216160       0.20936932
       0.31883192       0.22477324       0.21196937
       0.32139478       0.22737371       0.21456861
       0.32395683       0.22996026       0.21716436
       0.32651599       0.23253027       0.21975418
       0.32907011       0.23508121       0.22233578
       0.33161697       0.23761067       0.22490708
       0.33415431       0.24011631       0.22746619
       0.33667973       0.24259591       0.23001139
       0.33919076       0.24504730       0.23254115
       0.34168477       0.24746835       0.23505408
       0.34415896       0.24985698       0.23754893
       0.34661038       0.25221112       0.24002455
       0.34903588       0.25452871       0.24247988
       0.35143208       0.25680762       0.24491394
       0.35379540       0.25904570       0.24732573
       0.35612198       0.26124070       0.24971426
       0.35840774       0.26339027       0.25207850
       0.36064830       0.26549193       0.25441732
       0.36283903       0.26754304       0.25672946
       0.36497501       0.26954079       0.25901350
       0.36705104       0.27148217       0.26126781
       0.36906166       0.27336393       0.26349052
       0.37100113       0.27518259       0.26567948
       0.37286345       0.27693443       0.26783220
       0.37464236       0.27861542       0.26994586
       0.37633141       0.28022127       0.27201726
       0.37792391       0.28174741       0.27404276
       0.37941301       0.28318894       0.27601830
       0.38079171       0.28454070       0.27793938
       0.38205289       0.28579721       0.27980099
       0.38318936       0.28695270       0.28159767
       0.38419388       0.28800113       0.28332344
       0.38505922       0.28893619       0.28497187
       0.38577821       0.28975131       0.28653598
       0.38634379       0.29043970       0.28800835
       0.38674902       0.29099435       0.28938108
       0.38698721       0.29140809       0.29064580
       0.38705191       0.29167357       0.29179372
       0.38693699       0.29178334       0.29281564
       0.38663671       0.29172987       0.29370196
       0.38614576       0.29150557       0.29444274
       0.38545935       0.29110287       0.29502772
       0.38457325       0.29051420       0.29544636
       0.38348385       0.28973211       0.29568785
       0.38218827       0.28874927       0.29574120
       0.38068437       0.28755854       0.29559523
       0.37897087       0.28615301       0.29523865
       0.37704741       0.28452607       0.29466008
       0.37491462       0.28267148       0.29384809
       0.37257419       0.28058341       0.29279128
       0.37002899       0.27825654       0.29147829
       0.36728315       0.27568613       0.28989787
       0.36434214       0.27286812       0.28803896
       0.36121289       0.26979920       0.28589071
       0.35790389       0.26647695       0.28344261
       0.35442530       0.26289995       0.28068454
       0.35078911       0.25906796       0.27760688
       0.34700923       0.25498200       0.27420068
       0.34310165       0.25064461       0.27045776
       0.33908457       0.24606004       0.26637091
       0.33497856       0.24123445       0.26193415
       0.33080668       0.23617620       0.25714296
       0.32659467       0.23089614       0.25199464
       0.32237100       0.22540794       0.24648868
       0.31816706       0.21972841       0.24062725
       0.31401720       0.21387794       0.23441574
       0.30995878       0.20788085       0.22786339
       0.30603216       0.20176586       0.22098407
       0.30228063       0.19556647       0.21379706
       0.29875021       0.18932139       0.20632800
       0.29548937       0.18307494       0.19860988
       0.29254862       0.17687730       0.19068412
       0.28997988       0.17078473       0.18260162
       0.28783573       0.16485961       0.17442378
       0.28616842       0.15917027       0.16622340
       0.28502866       0.15379058       0.15808537
       0.28446421       0.14879916       0.15010702
       0.28451825       0.14427828       0.14239791
       0.28522755       0.14031231       0.13507907
       0.28662057       0.13698565       0.12828142
       0.28871548       0.13438034       0.12214322
       0.29151827       0.13257317       0.11680655
       0.29502108       0.13163245       0.11241275
       0.29920080       0.13161471       0.10909692
       0.30401831       0.13256132       0.10698164
       0.30941827       0.13449543       0.10617032
       0.31532967       0.13741944       0.10674060
       0.32166735       0.14131325       0.10873836
       0.32833417       0.14613356       0.11217294
       0.33522413       0.15181441       0.11701419
       0.34222595       0.15826897       0.12319169
       0.34922712       0.16539255       0.13059649
       0.35611805       0.17306670       0.13908542
       0.36279604       0.18116400       0.14848748
       0.36916873       0.18955330       0.15861206
       0.37515695       0.19810490       0.16925810
       0.38069660       0.20669535       0.18022344
       0.38573969       0.21521148       0.19131359
       0.39025437       0.22355352       0.20234928
       0.39422422       0.23163701       0.21317225
       0.39764675       0.23939380       0.22364904
       0.40053152       0.24677188       0.23367284
       0.40289793       0.25373448       0.24316344
       0.40477294       0.26025854       0.25206573
       0.40618882       0.26633277       0.26034706
       0.40718117       0.27195557       0.26799381
       0.40778717       0.27713289       0.27500778
       0.40804419       0.28187628       0.28140251
       0.40798875       0.28620118       0.28719985
       0.40765575       0.29012548       0.29242702
       0.40707805       0.29366838       0.29711415
       0.40628626       0.29684957       0.30129241
       0.40530869       0.29968866       0.30499264
       0.40417150       0.30220485       0.30824448
       0.40289884       0.30441678       0.31107587
       0.40151314       0.30634245       0.31351289
       0.40003534       0.30799933       0.31557981
       0.39848513       0.30940442       0.31729930
       0.39688116       0.31057441       0.31869272
       0.39524125       0.31152580       0.31978044
       0.39358249       0.31227495       0.32058217
       0.39192133       0.31283825       0.32111724
       0.39027368       0.31323210       0.32140482
       0.38865488       0.31347295       0.32146412
       0.38707970       0.31357729       0.32131450
       0.38556234       0.31356161       0.32097553
       0.38411634       0.31344234       0.32046700
       0.38275455       0.31323578       0.31980887
       0.38148902       0.31295799       0.31902126
       0.38033100       0.31262474       0.31812430
       0.37929080       0.31225138       0.31713808
       0.37837776       0.31185275       0.31608246
       0.37760017       0.31144311       0.31497705
       0.37696526       0.31103603       0.31384099
       0.37647908       0.31064433       0.31269290
       0.37614653       0.31027997       0.31155071
       0.37597129       0.30995404       0.31043162
       0.37595581       0.30967664       0.30935191
       0.37610130       0.30945688       0.30832692
       0.37640772       0.30930280       0.30737093
       0.37687378       0.30922136       0.30649707
       0.37749698       0.30921839       0.30571728
       0.37827359       0.30929857       0.30504220
       0.37919872       0.30946544       0.30448115
       0.38026634       0.30972137       0.30404206
       0.38146932       0.31006755       0.30373143
       0.38279951       0.31050404       0.30355430
       0.38424780       0.31102973       0.30351421
       0.38580418       0.31164242       0.30361321
       0.38745784       0.31233882       0.30385184
       0.38919723       0.31311461       0.30422917
       0.39101020       0.31396446       0.30474276
       0.39288403       0.31488212       0.30538876
       0.39480562       0.31586046       0.30616192
       0.39676150       0.31689157       0.30705568
       0.39873802       0.31796682       0.30806222
       0.40072139       0.31907692       0.30917256
       0.40269783       0.32021206       0.31037664
       0.40465366       0.32136195       0.31166347
       0.40657537       0.32251592       0.31302120
       0.40844976       0.32366303       0.31443727
       0.41026396       0.32479216       0.31589849
       0.41200557       0.32589204       0.31739123
       0.41366271       0.32695140       0.31890149
       0.41522404       0.32795899       0.32041504
       0.41667887       0.32890369       0.32191751
       0.41801717       0.32977452       0.32339454
       0.41922959       0.33056075       0.32483182
       0.42030753       0.33125187       0.32621520
       0.42124311       0.33183771       0.32753076
       0.42202921       0.33230837       0.32876486
       0.42265945       0.33265431       0.32990417
       0.42312823       0.33286633       0.33093573
       0.42343068       0.33293555       0.33184692
       0.42356268       0.33285344       0.33262549
       0.42352085       0.33261178       0.33325953
       0.42330257       0.33220267       0.33373747
       0.42290592       0.33161846       0.33404801
       0.42232973       0.33085180       0.33418009
       0.42157357       0.32989554       0.33412284
       0.42063777       0.32874277       0.33386552
       0.41952344       0.32738677       0.33339746
       0.41823248       0.32582099       0.33270796
       0.41676768       0.32403909       0.33178626
       0.41513270       0.32203487       0.33062146
       0.41333222       0.31980232       0.32920244
       0.41137197       0.31733567       0.32751781
       0.40925886       0.31462938       0.32555586
       0.40700111       0.31167824       0.32330453
       0.40460837       0.30847747       0.32075139
       0.40209194       0.30502279       0.31788363
       0.39946489       0.30131063       0.31468811
       0.39674235       0.29733827       0.31115143
       0.39394169       0.29310416       0.30726008
       0.39108282       0.28860811       0.30300060
       0.38818843       0.28385176       0.29835988
       0.38528434       0.27883894       0.29332551
       0.38239974       0.27357620       0.28788630
       0.37956755       0.26807341       0.28203287
       0.37682466       0.26234444       0.27575852
       0.37421221       0.25640792       0.26906020
       0.37177575       0.25028814       0.26193974
       0.36956535       0.24401594       0.25440540
       0.36763556       0.23762972       0.24647360
       0.36604518       0.23117647       0.23817096
       0.36485683       0.22471273       0.22953667
       0.36413614       0.21830544       0.22062495
       0.36395068       0.21203265       0.21150774
       0.36436838       0.20598382       0.20227732
       0.36545552       0.20025970       0.19304867
       0.36727415       0.19497151       0.18396131
       0.36987905       0.19023935       0.17518020
       0.37331417       0.18618957       0.16689523
       0.37760876       0.18295105       0.15931892
       0.38277327       0.18065030       0.15268168
       0.38879545       0.17940539       0.14722449
       0.39563678       0.17931903       0.14318857
       0.40322992       0.18047102       0.14080250
       0.41147732       0.18291084       0.14026709
       0.42025167       0.18665087       0.14173928
       0.42939830       0.19166118       0.14531640
       0.43873968       0.19786671       0.15102270
       0.44808200       0.20514732       0.15880003
       0.45722340       0.21334123       0.16850421
       0.46596325       0.22225170       0.17990826
       0.47411177       0.23165661       0.19271260
       0.48149901       0.24131993       0.20656148
       0.48798250       0.25100425       0.22106404
       0.49345295       0.26048283       0.23581765
       0.49783748       0.26955037       0.25043106
       0.50110040       0.27803135       0.26454509
       0.50324161       0.28578565       0.27784894
       0.50429316       0.29271116       0.29009126
       0.50431435       0.29874366       0.30108546
       0.50338601       0.30385436       0.31071004
       0.50160457       0.30804582       0.31890447
       0.49907623       0.31134674       0.32566216
       0.49591178       0.31380640       0.33102143
       0.49222209       0.31548900       0.33505578
       0.48811454       0.31646859       0.33786436
       0.48369022       0.31682444       0.33956308
       0.47904212       0.31663734       0.34027697
       0.47425386       0.31598657       0.34013388
       0.46939914       0.31494770       0.33925950
       0.46454167       0.31359098       0.33777373
       0.45973539       0.31198036       0.33578814
       0.45502501       0.31017295       0.33340436
       0.45044669       0.30821887       0.33071327
       0.44602885       0.30616130       0.32779476
       0.44179296       0.30403678       0.32471788
       0.43775441       0.30187565       0.32154140
       0.43392331       0.29970253       0.31831438
       0.43030523       0.29753685       0.31507707
       0.42690191       0.29539337       0.31186168
       0.42371193       0.29328278       0.30869327
       0.42073126       0.29121213       0.30559053
       0.41795379       0.28918535       0.30256663
       0.41537178       0.28720370       0.29962990
       0.41297627       0.28526616       0.29678449
       0.41075743       0.28336977       0.29403101
       0.40870486       0.28151002       0.29136703
       0.40680787       0.27968109       0.28878759
       0.40505574       0.27787614       0.28628559
       0.40343786       0.27608756       0.28385221
       0.40194396       0.27430715       0.28147720
       0.40056428       0.27252637       0.27914917
       0.39928967       0.27073645       0.27685588
       0.39811175       0.26892861       0.27458444
       0.39702302       0.26709422       0.27232154
       0.39601698       0.26522488       0.27005360
       0.39508818       0.26331269       0.26776699
       0.39423241       0.26135027       0.26544821
       0.39344671       0.25933103       0.26308402
       0.39272948       0.25724925       0.26066167
       0.39208059       0.25510029       0.25816907
       0.39150144       0.25288076       0.25559501
       0.39099500       0.25058874       0.25292940
       0.39056595       0.24822397       0.25016355
       0.39022063       0.24578806       0.24729047
       0.38996714       0.24328475       0.24430521
       0.38981531       0.24072018       0.24120527
       0.38977667       0.23810309       0.23799102
       0.38986439       0.23544510       0.23466618
       0.39009315       0.23276096       0.23123836
       0.39047896       0.23006876       0.22771959
       0.39103888       0.22739006       0.22412690
       0.39179072       0.22475010       0.22048287
       0.39275256       0.22217775       0.21681615
       0.39394226       0.21970546       0.21316194
       0.39537680       0.21736908       0.20956224
       0.39707150       0.21520745       0.20606607
       0.39903925       0.21326186       0.20272931
       0.40128952       0.21157526       0.19961430
       0.40382740       0.21019126       0.19678905
       0.40665261       0.20915291       0.19432596
       0.40975851       0.20850124       0.19230013
       0.41313122       0.20827362       0.19078713
       0.41674887       0.20850204       0.18986026
       0.42058113       0.20921127       0.18958751
       0.42458894       0.21041711       0.19002811
       0.42872472       0.21212485       0.19122906
       0.43293286       0.21432794       0.19322174
       0.43715074       0.21700718       0.19601890
       0.44131009       0.22013033       0.19961231
       0.44533880       0.22365243       0.20397129
       0.44916297       0.22751669       0.20904230
       0.45270923       0.23165605       0.21474980
       0.45590709       0.23599526       0.22099833
       0.45869123       0.24045343       0.22767570
       0.46100359       0.24494687       0.23465713
       0.46279514       0.24939196       0.24181011
       0.46402728       0.25370805       0.24899949
       0.46467261       0.25782000       0.25609256
       0.46471538       0.26166037       0.26296377
       0.46415132       0.26517111       0.26949879
       0.46298708       0.26830468       0.27559761
       0.46123925       0.27102462       0.28117684
       0.45893319       0.27330559       0.28617085
       0.45610160       0.27513296       0.29053206
       0.45278300       0.27650204       0.29423039
       0.44902026       0.27741702       0.29725208
       0.44485911       0.27788973       0.29959798
       0.44034687       0.27793834       0.30128159
       0.43553121       0.27758607       0.30232686
       0.43045919       0.27685988       0.30276610
       0.42517642       0.27578935       0.30263787
       0.41972641       0.27440562       0.30198511
       0.41415011       0.27274051       0.30085343
       0.40848556       0.27082576       0.29928969
       0.40276769       0.26869244       0.29734077
       0.39702825       0.26637050       0.29505264
       0.39129577       0.26388837       0.29246963
       0.38559567       0.26127277       0.28963381
       0.37995035       0.25854853       0.28658471
       0.37437937       0.25573853       0.28335900
       0.36889958       0.25286362       0.27999044
       0.36352540       0.24994272       0.27650978
       0.35826894       0.24699281       0.27294486
       0.35314028       0.24402906       0.26932069
       0.34814759       0.24106490       0.26565955
       0.34329738       0.23811213       0.26198119
       0.33859465       0.23518106       0.25830298
       0.33404309       0.23228058       0.25464008
       0.32964518       0.22941831       0.25100564
       0.32540237       0.22660072       0.24741095
       0.32131523       0.22383319       0.24386564
       0.31738352       0.22112017       0.24037780
       0.31360631       0.21846520       0.23695417
       0.30998210       0.21587108       0.23360025
       0.30650887       0.21333989       0.23032044
       0.30318418       0.21087308       0.22711816
       0.30000523       0.20847155       0.22399594
       0.29696894       0.20613570       0.22095553
       0.29407194       0.20386549       0.21799800
       0.29131070       0.20166049       0.21512379
       0.28868153       0.19951993       0.21233281
       0.28618061       0.19744273       0.20962448
       0.28380405       0.19542758       0.20699780
       0.28154790       0.19347290       0.20445139
       0.27940819       0.19157697       0.20198356
       0.27738097       0.18973788       0.19959233
       0.27546228       0.18795359       0.19727548
       0.27364825       0.18622197       0.19503059
       0.27193504       0.18454080       0.19285505
       0.27031892       0.18290780       0.19074612
       0.26879625       0.18132067       0.18870093
       0.26736353       0.17977711       0.18671653
       0.26601737       0.17827480       0.18478989
       0.26475455       0.17681149       0.18291797
       0.26357200       0.17538495       0.18109769
       0.26246685       0.17399305       0.17932598
       0.26143640       0.17263374       0.17759981
       0.26047816       0.17130510       0.17591620
       0.25958986       0.17000532       0.17427226
       0.25876947       0.16873278       0.17266519
       0.25801516       0.16748602       0.17109233
       0.25732537       0.16626379       0.16955118
       0.25669880       0.16506504       0.16803942
       0.25613439       0.16388898       0.16655495
       0.25563136       0.16273509       0.16509590
       0.25518918       0.16160311       0.16366068
       0.25480762       0.16049310       0.16224801
       0.25448668       0.15940544       0.16085694
       0.25422665       0.15834085       0.15948689
       0.25402806       0.15730042       0.15813769
       0.25389170       0.15628560       0.15680961
       0.25381858       0.15529823       0.15550337
       0.25380993       0.15434056       0.15422020
       0.25386715       0.15341522       0.15296187
       0.25399183       0.15252528       0.15173069
       0.25418568       0.15167417       0.15052955
       0.25445049       0.15086575       0.14936196
       0.25478812       0.15010424       0.14823200
       0.25520040       0.14939424       0.14714440
       0.25568914       0.14874064       0.14610445
       0.25625602       0.14814866       0.14511808
       0.25690256       0.14762374       0.14419175
       0.25763003       0.14717152       0.14333246
       0.25843939       0.14679774       0.14254766
       0.25933124       0.14650820       0.14184520
       0.26030572       0.14630866       0.14123322
       0.26136247       0.14620475       0.14072009
       0.26250056       0.14620186       0.14031423
       0.26371839       0.14630503       0.14002398
       0.26501371       0.14651888       0.13985748
       0.26638354       0.14684745       0.13982249
       0.26782414       0.14729411       0.13992618
       0.26933100       0.14786148       0.14017498
       0.27089886       0.14855128       0.14057441
       0.27252171       0.14936429       0.14112884
       0.27419284       0.15030026       0.14184140
       0.27590492       0.15135786       0.14271378
       0.27765003       0.15253466       0.14374610
       0.27941980       0.15382708       0.14493683
       0.28120552       0.15523048       0.14628273
       0.28299826       0.15673913       0.14777881
       0.28478902       0.15834634       0.14941834
       0.28656888       0.16004450       0.15119295
       0.28832915       0.16182526       0.15309268
       0.29006155       0.16367962       0.15510620
       0.29175833       0.16559812       0.15722094
       0.29341244       0.16757101       0.15942335
       0.29501764       0.16958839       0.16169915
       0.29656864       0.17164045       0.16403359
       0.29806118       0.17371759       0.16641175
       0.29949207       0.17581062       0.16881882
       0.30085930       0.17791092       0.17124037
       0.30216201       0.18001056       0.17366264
       0.30340048       0.18210241       0.17607277
       0.30457615       0.18418023       0.17845900
       0.30569154       0.18623879       0.18081087
       0.30675013       0.18827383       0.18311933
       0.30775636       0.19028213       0.18537686
       0.30871544       0.19226147       0.18757752
       0.30963329       0.19421061       0.18971695
       0.31051637       0.19612924       0.19179236
       0.31137159       0.19801789       0.19380250
       0.31220612       0.19987788       0.19574751
       0.31302734       0.20171118       0.19762885
       0.31384264       0.20352032       0.19944916
       0.31465934       0.20530830       0.20121211
       0.31548458       0.20707846       0.20292221
       0.31632521       0.20883437       0.20458472
       0.31718771       0.21057974       0.20620538
       0.31807809       0.21231831       0.20779035
       0.31900189       0.21405374       0.20934596
       0.31996406       0.21578958       0.21087865
       0.32096897       0.21752913       0.21239477
       0.32202036       0.21927542       0.21390049
       0.32312136       0.22103117       0.21540168
       0.32427443       0.22279871       0.21690386
       0.32548144       0.22457996       0.21841206
       0.32674361       0.22637644       0.21993080
       0.32806159       0.22818922       0.22146408
       0.32943545       0.23001895       0.22301528
       0.33086475       0.23186586       0.22458721
       0.33234853       0.23372974       0.22618208
       0.33388535       0.23561002       0.22780153
       0.33547339       0.23750572       0.22944663
       0.33711041       0.23941554       0.23111793
       0.33879381       0.24133787       0.23281547
       0.34052070       0.24327080       0.23453886
       0.34228789       0.24521216       0.23628728
       0.34409193       0.24715956       0.23805955
       0.34592914       0.24911042       0.23985419
       0.34779564       0.25106197       0.24166943
       0.34968735       0.25301131       0.24350327
       0.35160003       0.25495539       0.24535352
       0.35352924       0.25689107       0.24721782
       0.35547043       0.25881509       0.24909370
       0.35741887       0.26072409       0.25097855
       0.35936968       0.26261463       0.25286968
       0.36131782       0.26448319       0.25476432
       0.36325813       0.26632613       0.25665962
       0.36518526       0.26813972       0.25855263
       0.36709372       0.26992011       0.26044032
       0.36897785       0.27166333       0.26231954
       0.37083181       0.27336526       0.26418702
       0.37264961       0.27502162       0.26603931
       0.37442508       0.27662795       0.26787280
       0.37615189       0.27817957       0.26968366
       0.37782354       0.27967161       0.27146779
       0.37943338       0.28109894       0.27322081
       0.38097461       0.28245616       0.27493799
       0.38244032       0.28373760       0.27661427
       0.38382348       0.28493732       0.27824413
       0.38511698       0.28604902       0.27982164
       0.38631367       0.28706613       0.28134038
       0.38740637       0.28798173       0.28279338
       0.38838796       0.28878856       0.28417316
       0.38925135       0.28947905       0.28547163
       0.38998962       0.29004529       0.28668010
       0.39059602       0.29047904       0.28778924
       0.39106403       0.29077178       0.28878908
       0.39138750       0.29091468       0.28966898
       0.39156066       0.29089866       0.29041760
       0.39157823       0.29071440       0.29102293
       0.39143553       0.29035239       0.29147228
       0.39112858       0.28980298       0.29175224
       0.39065418       0.28905641       0.29184875
       0.39001009       0.28810292       0.29174704
       0.38919511       0.28693279       0.29143175
       0.38820926       0.28553643       0.29088685
       0.38705393       0.28390453       0.29009575
       0.38573206       0.28202814       0.28904137
       0.38424830       0.27989885       0.28770614
       0.38260924       0.27750894       0.28607218
       0.38082363       0.27485162       0.28412136
       0.37890260       0.27192126       0.28183551
       0.37685992       0.26871365       0.27919663
       0.37471224       0.26522638       0.27618712
       0.37247940       0.26145916       0.27279017
       0.37018469       0.25741435       0.26899018
       0.36785513       0.25309740       0.26477330
       0.36552172       0.24851746       0.26012810
       0.36321972       0.24368802       0.25504640
       0.36098878       0.23862768       0.24952431
       0.35887312       0.23336085       0.24356337
       0.35692153       0.22791868       0.23717202
       0.35518725       0.22233986       0.23036723
       0.35372771       0.21667151       0.22317636
       0.35260397       0.21096996       0.21563925
       0.35187996       0.20530140       0.20781040
       0.35162129       0.19974236       0.19976123
       0.35189380       0.19437976       0.19158225
       0.35276153       0.18931061       0.18338486
       0.35428439       0.18464103       0.17530270
       0.35651528       0.18048454       0.16749196
       0.35949690       0.17695952       0.16013049
       0.36325829       0.17418560       0.15341521
       0.36781122       0.17227917       0.14755748
       0.37314680       0.17134795       0.14277617
       0.37923252       0.17148480       0.13928835
       0.38601011       0.17276123       0.13729785
       0.39339456       0.17522103       0.13698211
       0.40127463       0.17887459       0.13847847
       0.40951510       0.18369471       0.14187095
       0.41796082       0.18961435       0.14717911
       0.42644244       0.19652698       0.15435049
       0.43478356       0.20428969       0.16325795
       0.44280871       0.21272910       0.17370269
       0.45035161       0.22164955       0.18542304
       0.45726296       0.23084306       0.19810848
       0.46341703       0.24009999       0.21141743
       0.46871670       0.24921948       0.22499709
       0.47309635       0.25801879       0.23850322
       0.47652278       0.26634062       0.25161793
       0.47899406       0.27405825       0.26406408
       0.48053669       0.28107805       0.27561520
       0.48120155       0.28733970       0.28610083
       0.48105907       0.29281436       0.29540735
       0.48019404       0.29750135       0.30347520
       0.47870053       0.30142375       0.31029314
       0.47667724       0.30462361       0.31589091
       0.47422343       0.30715703       0.32033084
       0.47143555       0.30908954       0.32369954
       0.46840465       0.31049194       0.32609998
       0.46521456       0.31143683       0.32764454
       0.46194062       0.31199575       0.32844911
       0.45864905       0.31223701       0.32862838
       0.45539679       0.31222414       0.32829224
       0.45223159       0.31201485       0.32754323
       0.44919251       0.31166042       0.32647483
       0.44631049       0.31120546       0.32517050
       0.44360903       0.31068797       0.32370331
       0.44110506       0.31013955       0.32213597
       0.43880964       0.30958580       0.32052124
       0.43672878       0.30904678       0.31890252
       0.43486422       0.30853752       0.31731457
       0.43321405       0.30806861       0.31578438
       0.43177340       0.30764668       0.31433196
       0.43053499       0.30727493       0.31297123
       0.42948965       0.30695369       0.31171084
       0.42862676       0.30668078       0.31055488
       0.42793459       0.30645199       0.30950366
       0.42740068       0.30626139       0.30855431
       0.42701211       0.30610170       0.30770133
       0.42675567       0.30596455       0.30693716
       0.42661808       0.30584068       0.30625252
       0.42658614       0.30572018       0.30563684
       0.42664684       0.30559265       0.30507852
       0.42678744       0.30544726       0.30456519
       0.42699555       0.30527292       0.30408387
       0.42725916       0.30505832       0.30362115
       0.42756674       0.30479198       0.30316321
       0.42790721       0.30446226       0.30269595
       0.42827001       0.30405745       0.30220494
       0.42864517       0.30356569       0.30167544
       0.42902329       0.30297507       0.30109238
       0.42939564       0.30227356       0.30044028
       0.42975423       0.30144910       0.29970321
       0.43009188       0.30048957       0.29886474
       0.43040233       0.29938287       0.29790784
       0.43068038       0.29811695       0.29681487
       0.43092203       0.29667997       0.29556752
       0.43112465       0.29506032       0.29414683
       0.43128721       0.29324691       0.29253319
       0.43141050       0.29122927       0.29070644
       0.43149738       0.28899790       0.28864599
       0.43155307       0.28654457       0.28633106
       0.43158548       0.28386269       0.28374096
       0.43160547       0.28094786       0.28085555
       0.43162724       0.27779835       0.27765575
       0.43166861       0.27441582       0.27412429
       0.43175134       0.27080600       0.27024659
       0.43190136       0.26697957       0.26601189
       0.43214897       0.26295301       0.26141456
       0.43252893       0.25874962       0.25645572
       0.43308035       0.25440046       0.25114507
       0.43384648       0.24994539       0.24550296
       0.43487413       0.24543394       0.23956272
       0.43621293       0.24092610       0.23337304
       0.43791409       0.23649277       0.22700043
       0.44002884       0.23221590       0.22053150
       0.44260639       0.22818808       0.21407481
       0.44569140       0.22451137       0.20776208
       0.44932108       0.22129540       0.20174820
       0.45352188       0.21865441       0.19620985
       0.45830597       0.21670334       0.19134216
       0.46366772       0.21555276       0.18735313
       0.46958047       0.21530303       0.18445558
       0.47599382       0.21603772       0.18285667
       0.48283202       0.21781685       0.18274539
       0.48999357       0.22067052       0.18427869
       0.49735252       0.22459349       0.18756740
       0.50476152       0.22954155       0.19266343
       0.51205672       0.23543015       0.19954980
       0.51906422       0.24213585       0.20813496
       0.52560772       0.24950064       0.21825262
       0.53151669       0.25733893       0.22966753
       0.53663454       0.26544679       0.24208707
       0.54082589       0.27361239       0.25517747
       0.54398235       0.28162683       0.26858315
       0.54602658       0.28929432       0.28194705
       0.54691401       0.29644074       0.29492992
       0.54663273       0.30292014       0.30722673
       0.54520130       0.30861867       0.31857908
       0.54266522       0.31345608       0.32878289
       0.53909239       0.31738500       0.33769139
       0.53456798       0.32038838       0.34521408
       0.52918936       0.32247576       0.35131227
       0.52306115       0.32367867       0.35599249
       0.51629092       0.32404588       0.35929854
       0.50898554       0.32363871       0.36130320
       0.50124825       0.32252675       0.36210015
       0.49317650       0.32078408       0.36179672
       0.48486046       0.31848627       0.36050757
       0.47638209       0.31570782       0.35834957
       0.46781476       0.31252044       0.35543784
       0.45922317       0.30899168       0.35188274
       0.45066362       0.30518410       0.34778789
       0.44218444       0.30115485       0.34324884
       0.43382658       0.29695547       0.33835245
       0.42562425       0.29263191       0.33317666
       0.41760560       0.28822476       0.32779066
       0.40979339       0.28376956       0.32225524
       0.40220566       0.27929712       0.31662333
       0.39485628       0.27483396       0.31094064
       0.38775560       0.27040269       0.30524631
       0.38091087       0.26602242       0.29957356
       0.37432674       0.26170915       0.29395037
       0.36800568       0.25747612       0.28840007
       0.36194827       0.25333412       0.28294192
       0.35615357       0.24929185       0.27759160
       0.35061936       0.24535611       0.27236171
       0.34534238       0.24153211       0.26726218
       0.34031849       0.23782365       0.26230061
       0.33554290       0.23423332       0.25748264
       0.33101027       0.23076268       0.25281219
       0.32671482       0.22741235       0.24829173
       0.32265048       0.22418224       0.24392249
       0.31881094       0.22107154       0.23970465
       0.31518973       0.21807893       0.23563749
       0.31178029       0.21520259       0.23171953
       0.30857601       0.21244030       0.22794868
       0.30557028       0.20978952       0.22432229
       0.30275654       0.20724741       0.22083725
       0.30012828       0.20481094       0.21749013
       0.29767909       0.20247687       0.21427715
       0.29540268       0.20024181       0.21119431
       0.29329290       0.19810231       0.20823741
       0.29134373       0.19605481       0.20540209
       0.28954935       0.19409571       0.20268389
       0.28790410       0.19222143       0.20007827
       0.28640252       0.19042836       0.19758066
       0.28503936       0.18871296       0.19518646
       0.28380956       0.18707174       0.19289110
       0.28270831       0.18550130       0.19069004
       0.28173102       0.18399835       0.18857883
       0.28087332       0.18255971       0.18655311
       0.28013110       0.18118237       0.18460863
       0.27950050       0.17986350       0.18274131
       0.27897790       0.17860047       0.18094725
       0.27855994       0.17739083       0.17922273
       0.27824352       0.17623241       0.17756430
       0.27802579       0.17512330       0.17596875
       0.27790416       0.17406184       0.17443319
       0.27787629       0.17304670       0.17295502
       0.27794008       0.17207686       0.17153204
       0.27809367       0.17115164       0.17016243
       0.27833541       0.17027073       0.16884478
       0.27866388       0.16943417       0.16757817
       0.27907782       0.16864239       0.16636214
       0.27957615       0.16789622       0.16519677
       0.28015792       0.16719685       0.16408267
       0.28082229       0.16654591       0.16302104
       0.28156847       0.16594539       0.16201364
       0.28239570       0.16539766       0.16106288
       0.28330319       0.16490544       0.16017173
       0.28429006       0.16447181       0.15934379
       0.28535532       0.16410011       0.15858325
       0.28649776       0.16379396       0.15789488
       0.28771592       0.16355717       0.15728394
       0.28900800       0.16339368       0.15675622
       0.29037181       0.16330750       0.15631788
       0.29180468       0.16330262       0.15597541
       0.29330343       0.16338294       0.15573552
       0.29486427       0.16355212       0.15560504
       0.29648274       0.16381354       0.15559071
       0.29815371       0.16417012       0.15569911
       0.29987127       0.16462430       0.15593646
       0.30162877       0.16517781       0.15630842
       0.30341874       0.16583168       0.15681993
       0.30523296       0.16658605       0.15747500
       0.30706244       0.16744012       0.15827656
       0.30889745       0.16839206       0.15922623
       0.31072762       0.16943895       0.16032422
       0.31254201       0.17057675       0.16156912
       0.31432918       0.17180027       0.16295784
       0.31607735       0.17310316       0.16448549
       0.31777450       0.17447799       0.16614539
       0.31940857       0.17591629       0.16792901
       0.32096757       0.17740861       0.16982606
       0.32243975       0.17894468       0.17182456
       0.32381382       0.18051354       0.17391100
       0.32507906       0.18210366       0.17607051
       0.32622550       0.18370314       0.17828705
       0.32724408       0.18529992       0.18054372
       0.32812675       0.18688190       0.18282298
       0.32886662       0.18843719       0.18510697
       0.32945804       0.18995424       0.18737779
       0.32989665       0.19142206       0.18961780
       0.33017944       0.19283034       0.19180991
       0.33030477       0.19416960       0.19393783
       0.33027233       0.19543130       0.19598633
       0.33008315       0.19660795       0.19794140
       0.32973954       0.19769313       0.19979049
       0.32924498       0.19868159       0.20152255
       0.32860408       0.19956923       0.20312820
       0.32782243       0.20035310       0.20459976
       0.32690655       0.20103138       0.20593122
       0.32586369       0.20160332       0.20711829
       0.32470177       0.20206920       0.20815830
       0.32342926       0.20243024       0.20905015
       0.32205499       0.20268853       0.20979420
       0.32058811       0.20284691       0.21039215
       0.31903793       0.20290893       0.21084693
       0.31741384       0.20287868       0.21116254
       0.31572521       0.20276078       0.21134393
       0.31398127       0.20256021       0.21139686
       0.31219108       0.20228225       0.21132774
       0.31036345       0.20193241       0.21114352
       0.30850685       0.20151634       0.21085155
       0.30662941       0.20103974       0.21045948
       0.30473884       0.20050831       0.20997513
       0.30284241       0.19992771       0.20940638
       0.30094693       0.19930348       0.20876115
       0.29905874       0.19864099       0.20804723
       0.29718368       0.19794543       0.20727227
       0.29532710       0.19722176       0.20644372
       0.29349386       0.19647470       0.20556876
       0.29168831       0.19570868       0.20465427
       0.28991434       0.19492786       0.20370679
       0.28817534       0.19413606       0.20273252
       0.28647426       0.19333685       0.20173727
       0.28481358       0.19253343       0.20072645
       0.28319538       0.19172872       0.19970507
       0.28162129       0.19092530       0.19867776
       0.28009258       0.19012547       0.19764870
       0.27861012       0.18933118       0.19662170
       0.27717444       0.18854411       0.19560017
       0.27578572       0.18776565       0.19458709
       0.27444385       0.18699688       0.19358509
       0.27314840       0.18623862       0.19259641
       0.27189867       0.18549144       0.19162294
       0.27069371       0.18475563       0.19066620
       0.26953234       0.18403125       0.18972739
       0.26841314       0.18331814       0.18880736
       0.26733453       0.18261592       0.18790668
       0.26629472       0.18192398       0.18702560
       0.26529177       0.18124155       0.18616409
       0.26432359       0.18056767       0.18532186
       0.26338798       0.17990120       0.18449835
       0.26248263       0.17924086       0.18369277
       0.26160513       0.17858523       0.18290410
       0.26075301       0.17793274       0.18213111
       0.25992373       0.17728173       0.18137237
       0.25911472       0.17663042       0.18062624
       0.25832339       0.17597694       0.17989095
       0.25754713       0.17531936       0.17916454
       0.25678334       0.17465565       0.17844491
       0.25602948       0.17398377       0.17772984
       0.25528300       0.17330161       0.17701696
       0.25454145       0.17260705       0.17630383
       0.25380244       0.17189795       0.17558788
       0.25306366       0.17117219       0.17486649
       0.25232293       0.17042764       0.17413696
       0.25157818       0.16966222       0.17339653
       0.25082750       0.16887389       0.17264240
       0.25006912       0.16806067       0.17187175
       0.24930146       0.16722068       0.17108175
       0.24852313       0.16635209       0.17026957
       0.24773297       0.16545323       0.16943240
       0.24693002       0.16452253       0.16856746
       0.24611362       0.16355858       0.16767204
       0.24528334       0.16256013       0.16674349
       0.24443906       0.16152615       0.16577925
       0.24358096       0.16045579       0.16477689
       0.24270957       0.15934846       0.16373411
       0.24182576       0.15820381       0.16264877
       0.24093075       0.15702180       0.16151895
       0.24002617       0.15580268       0.16034290
       0.23911405       0.15454707       0.15911918
       0.23819686       0.15325593       0.15784658
       0.23727747       0.15193065       0.15652425
       0.23635923       0.15057302       0.15515170
       0.23544597       0.14918532       0.15372883
       0.23454197       0.14777030       0.15225599
       0.23365202       0.14633126       0.15073403
       0.23278137       0.14487203       0.14916434
       0.23193579       0.14339704       0.14754892
       0.23112151       0.14191135       0.14589039
       0.23034526       0.14042061       0.14419210
       0.22961421       0.13893119       0.14245812
       0.22893598       0.13745011       0.14069337
       0.22831861       0.13598508       0.13890359
       0.22777049       0.13454454       0.13709546
       0.22730035       0.13313760       0.13527660
       0.22691719       0.13177410       0.13345560
       0.22663023       0.13046452       0.13164209
       0.22644882       0.12922002       0.12984675
       0.22638234       0.12805234       0.12808128
       0.22644017       0.12697378       0.12635842
       0.22663153       0.12599711       0.12469192
       0.22696538       0.12513552       0.12309650
       0.22745033       0.12440246       0.12158775
       0.22809448       0.12381156       0.12018207
       0.22890534       0.12337651       0.11889653
       0.22988965       0.12311088       0.11774875
       0.23105329       0.12302797       0.11675667
       0.23240117       0.12314063       0.11593840
       0.23393705       0.12346110       0.11531199
       0.23566352       0.12400082       0.11489515
       0.23758185       0.12477022       0.11470502
       0.23969193       0.12577856       0.11475787
       0.24199222       0.12703373       0.11506885
       0.24447975       0.12854213       0.11565167
       0.24715005       0.13030847       0.11651836
       0.24999721       0.13233569       0.11767899
       0.25301392       0.13462486       0.11914150
       0.25619154       0.13717509       0.12091145
       0.25952019       0.13998353       0.12299191
       0.26298886       0.14304533       0.12538333
       0.26658554       0.14635372       0.12808353
       0.27029741       0.14990005       0.13108763
       0.27411094       0.15367388       0.13438820
       0.27801211       0.15766313       0.13797524
       0.28198655       0.16185421       0.14183642
       0.28601976       0.16623220       0.14595719
       0.29009720       0.17078101       0.15032104
       0.29420453       0.17548360       0.15490967
       0.29832773       0.18032214       0.15970329
       0.30245324       0.18527825       0.16468083
       0.30656809       0.19033315       0.16982020
       0.31066005       0.19546789       0.17509855
       0.31471773       0.20066350       0.18049249
       0.31873065       0.20590122       0.18597835
       0.32268936       0.21116259       0.19153236
       0.32658553       0.21642971       0.19713091
       0.33041200       0.22168532       0.20275068
       0.33416284       0.22691296       0.20836894
       0.33783340       0.23209716       0.21396362
       0.34142039       0.23722349       0.21951361
       0.34492184       0.24227874       0.22499883
       0.34833719       0.24725101       0.23040048
       0.35166723       0.25212978       0.23570115
       0.35491416       0.25690603       0.24088501
       0.35808150       0.26157226       0.24593793
       0.36117409       0.26612261       0.25084760
       0.36419801       0.27055278       0.25560364
       0.36716055       0.27486016       0.26019770
       0.37007007       0.27904373       0.26462349
       0.37293596       0.28310406       0.26887686
       0.37576850       0.28704329       0.27295574
       0.37857873       0.29086502       0.27686019
       0.38137835       0.29457424       0.28059234
       0.38417954       0.29817727       0.28415630
       0.38699489       0.30168158       0.28755808
       0.38983717       0.30509574       0.29080548
       0.39271926       0.30842924       0.29390799
       0.39565396       0.31169236       0.29687658
       0.39865384       0.31489606       0.29972362
       0.40173116       0.31805179       0.30246264
       0.40489765       0.32117138       0.30510821
       0.40816447       0.32426688       0.30767573
       0.41154204       0.32735040       0.31018126
       0.41503991       0.33043399       0.31264133
       0.41866671       0.33352952       0.31507276
       0.42243004       0.33664849       0.31749247
       0.42633636       0.33980198       0.31991730
       0.43039094       0.34300045       0.32236382
       0.43459781       0.34625371       0.32484820
       0.43895972       0.34957076       0.32738597
       0.44347807       0.35295969       0.32999193
       0.44815293       0.35642767       0.33267995
       0.45298303       0.35998079       0.33546285
       0.45796575       0.36362404       0.33835225
       0.46309717       0.36736128       0.34135843
       0.46837210       0.37119517       0.34449030
       0.47378413       0.37512716       0.34775522
       0.47932570       0.37915750       0.35115896
       0.48498821       0.38328522       0.35470568
       0.49076205       0.38750821       0.35839784
       0.49663676       0.39182318       0.36223625
       0.50260113       0.39622579       0.36622004
       0.50864330       0.40071067       0.37034672
       0.51475090       0.40527151       0.37461223
       0.52091119       0.40990117       0.37901102
       0.52711115       0.41459175       0.38353617
       0.53333764       0.41933474       0.38817950
       0.53957751       0.42412107       0.39293171
       0.54581773       0.42894130       0.39778251
       0.55204546       0.43378568       0.40272082
       0.55824821       0.43864427       0.40773488
       0.56441387       0.44350708       0.41281247
       0.57053083       0.44836416       0.41794102
       0.57658803       0.45320568       0.42310783
       0.58257500       0.45802205       0.42830014
       0.58848194       0.46280395       0.43350535
       0.59429972       0.46754246       0.43871108
       0.60001988       0.47222906       0.44390532
       0.60563470       0.47685572       0.44907651
       0.61113714       0.48141489       0.45421362
       0.61652085       0.48589957       0.45930622
       0.62178018       0.49030329       0.46434452
       0.62691010       0.49462013       0.46931938
       0.63190624       0.49884472       0.47422238
       0.63676481       0.50297223       0.47904579
       0.64148258       0.50699835       0.48378257
       0.64605686       0.51091927       0.48842636
       0.65048544       0.51473168       0.49297145
       0.65476659       0.51843272       0.49741280
       0.65889898       0.52201996       0.50174593
       0.66288168       0.52549137       0.50596698
       0.66671412       0.52884531       0.51007257
       0.67039606       0.53208048       0.51405988
       0.67392753       0.53519590       0.51792651
       0.67730885       0.53819088       0.52167051
       0.68054058       0.54106501       0.52529032
       0.68362348       0.54381809       0.52878475
       0.68655853       0.54645018       0.53215292
       0.68934684       0.54896150       0.53539427
       0.69198971       0.55135246       0.53850852
       0.69448855       0.55362361       0.54149560
       0.69684488       0.55577565       0.54435571
       0.69906031       0.55780937       0.54708921
       0.70113655       0.55972568       0.54969667
       0.70307535       0.56152555       0.55217877
       0.70487851       0.56321003       0.55453639
       0.70654788       0.56478019       0.55677046
       0.70808529       0.56623717       0.55888208
       0.70949261       0.56758209       0.56087237
       0.71077168       0.56881610       0.56274257
       0.71192433       0.56994033       0.56449393
       0.71295236       0.57095588       0.56612776
       0.71385751       0.57186382       0.56764539
       0.71464146       0.57266517       0.56904816
       0.71530585       0.57336089       0.57033737
       0.71585220       0.57395187       0.57151434
       0.71628199       0.57443888       0.57258032
       0.71659656       0.57482264       0.57353653
       0.71679716       0.57510373       0.57438412
       0.71688493       0.57528260       0.57512415
       0.71686085       0.57535957       0.57575761
       0.71672582       0.57533483       0.57628535
       0.71648054       0.57520839       0.57670814
       0.71612561       0.57498008       0.57702657
       0.71566142       0.57464956       0.57724112
       0.71508824       0.57421628       0.57735207
       0.71440614       0.57367947       0.57735956
       0.71361503       0.57303815       0.57726348
       0.71271461       0.57229108       0.57706356
       0.71170441       0.57143675       0.57675926
       0.71058375       0.57047340       0.57634981
       0.70935175       0.56939897       0.57583416
       0.70800734       0.56821107       0.57521098
       0.70654923       0.56690699       0.57447860
       0.70497590       0.56548367       0.57363504
       0.70328563       0.56393769       0.57267794
       0.70147650       0.56226520       0.57160453
       0.69954636       0.56046196       0.57041164
       0.69749283       0.55852327       0.56909562
       0.69531336       0.55644396       0.56765232
       0.69300518       0.55421835       0.56607704
       0.69056532       0.55184023       0.56436448
       0.68799065       0.54930283       0.56250873
       0.68527788       0.54659879       0.56050315
       0.68242358       0.54372011       0.55834033
       0.67942421       0.54065811       0.55601205
       0.67627618       0.53740345       0.55350916
       0.67297587       0.53394603       0.55082153
       0.66951971       0.53027499       0.54793794
       0.66590424       0.52637870       0.54484597
       0.66212618       0.52224470       0.54153192
       0.65818259       0.51785970       0.53798068
       0.65407093       0.51320959       0.53417560
       0.64978928       0.50827943       0.53009835
       0.64533648       0.50305347       0.52572880
       0.64071237       0.49751524       0.52104487
       0.63591803       0.49164760       0.51602242
       0.63095614       0.48543285       0.51063507
       0.62583128       0.47885297       0.50485413
       0.62055040       0.47188983       0.49864851
       0.61512331       0.46452551       0.49198470
       0.60956322       0.45674277       0.48482678
       0.60388744       0.44852558       0.47713663
       0.59811807       0.43985991       0.46887415
       0.59228286       0.43073460       0.45999783
       0.58641610       0.42114252       0.45046550
       0.58055959       0.41108200       0.44023544
       0.57476365       0.40055858       0.42926801
       0.56908815       0.38958704       0.41752788
       0.56360347       0.37819387       0.40498689
       0.55839127       0.36642008       0.39162798
       0.55354506       0.35432436       0.37745003
       0.54917027       0.34198648       0.36247399
       0.54538371       0.32951089       0.34675017
       0.54231213       0.31703006       0.33036684
       0.54008960       0.30470746       0.31345963
       0.53885347       0.29273937       0.29622152
       0.53873854       0.28135515       0.27891214
       0.53986936       0.27081492       0.26186524
       0.54235063       0.26140398       0.24549234
       0.54625588       0.25342308       0.23028012
       0.55161518       0.24717403       0.21677917
       0.55840267       0.24294068       0.20558178
       0.56652570       0.24096594       0.19728749
       0.57581706       0.24142660       0.19245707
       0.58603241       0.24440865       0.19155779
       0.59685444       0.24988678       0.19490608
       0.60790463       0.25771160       0.20261581
       0.61876266       0.26760815       0.21456179
       0.62899174       0.27918727       0.23036677
       0.63816734       0.29196978       0.24941709
       0.64590584       0.30542073       0.27090692
       0.65188931       0.31898930       0.29390519
       0.65588363       0.33214873       0.31743516
       0.65774796       0.34443114       0.34055422
       0.65743529       0.35545318       0.36242267
       0.65498509       0.36493061       0.38235336
       0.65051002       0.37268171       0.39983869
       0.64417928       0.37862137       0.41455573
       0.63620074       0.38274850       0.42635360
       0.62680411       0.38512952       0.43522866
       0.61622625       0.38588075       0.44129346
       0.60469943       0.38515164       0.44474441
       0.59244273       0.38311010       0.44583173
       0.57965641       0.37993057       0.44483385
       0.56651869       0.37578510       0.44203723
       0.55318460       0.37083701       0.43772147
       0.53978620       0.36523692       0.43214933
       0.52643392       0.35912058       0.42556060
       0.51321831       0.35260810       0.41816918
       0.50021231       0.34580409       0.41016228
       0.48747343       0.33879851       0.40170127
       0.47504595       0.33166782       0.39292337
       0.46296301       0.32447637       0.38394391
       0.45124843       0.31727779       0.37485881
       0.43991834       0.31011639       0.36574706
       0.42898258       0.30302843       0.35667308
       0.41844597       0.29604332       0.34768889
       0.40830923       0.28918463       0.33883605
       0.39856991       0.28247101       0.33014734
       0.38922305       0.27591699       0.32164822
       0.38026178       0.26953362       0.31335813
       0.37167775       0.26332911       0.30529150
       0.36346157       0.25730924       0.29745864
       0.35560306       0.25147782       0.28986653
       0.34809152       0.24583701       0.28251938
       0.34091596       0.24038762       0.27541919
       0.33406519       0.23512933       0.26856615
       0.32752800       0.23006094       0.26195900
       0.32129320       0.22518046       0.25559531
       0.31534977       0.22048534       0.24947172
       0.30968685       0.21597251       0.24358415
       0.30429379       0.21163852       0.23792793
       0.29916023       0.20747964       0.23249799
       0.29427606       0.20349188       0.22728888
       0.28963148       0.19967106       0.22229497
       0.28521699       0.19601290       0.21751041
       0.28102339       0.19251301       0.21292928
       0.27704181       0.18916697       0.20854560
       0.27326366       0.18597030       0.20435337
       0.26968069       0.18291853       0.20034662
       0.26628491       0.18000723       0.19651941
       0.26306865       0.17723197       0.19286588
       0.26002453       0.17458839       0.18938025
       0.25714542       0.17207217       0.18605683
       0.25442449       0.16967908       0.18289007
       0.25185516       0.16740496       0.17987451
       0.24943109       0.16524570       0.17700483
       0.24714621       0.16319732       0.17427582
       0.24499467       0.16125590       0.17168243
       0.24297083       0.15941762       0.16921973
       0.24106931       0.15767876       0.16688291
       0.23928489       0.15603567       0.16466733
       0.23761259       0.15448483       0.16256846
       0.23604760       0.15302278       0.16058191
       0.23458530       0.15164617       0.15870342
       0.23322127       0.15035175       0.15692887
       0.23195121       0.14913634       0.15525425
       0.23077104       0.14799688       0.15367570
       0.22967680       0.14693037       0.15218945
       0.22866469       0.14593392       0.15079188
       0.22773106       0.14500471       0.14947947
       0.22687238       0.14414000       0.14824882
       0.22608527       0.14333715       0.14709663
       0.22536647       0.14259359       0.14601972
       0.22471283       0.14190682       0.14501500
       0.22412133       0.14127441       0.14407950
       0.22358905       0.14069403       0.14321033
       0.22311318       0.14016339       0.14240470
       0.22269101       0.13968029       0.14165991
       0.22231992       0.13924258       0.14097334
       0.22199739       0.13884818       0.14034248
       0.22172097       0.13849506       0.13976488
       0.22148833       0.13818127       0.13923816
       0.22129717       0.13790491       0.13876005
       0.22114530       0.13766412       0.13832832
       0.22103060       0.13745710       0.13794082
       0.22095100       0.13728212       0.13759548
       0.22090450       0.13713746       0.13729027
       0.22088919       0.13702148       0.13702325
       0.22090317       0.13693258       0.13679252
       0.22094465       0.13686918       0.13659623
       0.22101184       0.13682976       0.13643262
       0.22110305       0.13681284       0.13629993
       0.22121660       0.13681697       0.13619649
       0.22135087       0.13684074       0.13612065
       0.22150431       0.13688277       0.13607084
       0.22167536       0.13694172       0.13604548
       0.22186256       0.13701628       0.13604308
       0.22206443       0.13710515       0.13606216
       0.22227957       0.13720710       0.13610127
       0.22250661       0.13732089       0.13615903
       0.22274419       0.13744532       0.13623404
       0.22299102       0.13757923       0.13632498
       0.22324581       0.13772147       0.13643053
       0.22350733       0.13787091       0.13654941
       0.22377437       0.13802646       0.13668035
       0.22404575       0.13818705       0.13682213
       0.22432033       0.13835162       0.13697352
       0.22459700       0.13851914       0.13713335
       0.22487467       0.13868863       0.13730045
       0.22515230       0.13885909       0.13747368
       0.22542888       0.13902958       0.13765190
       0.22570342       0.13919915       0.13783402
       0.22597499       0.13936691       0.13801896
       0.22624267       0.13953198       0.13820565
       0.22650559       0.13969351       0.13839306
       0.22676293       0.13985066       0.13858015
       0.22701388       0.14000264       0.13876594
       0.22725769       0.14014869       0.13894945
       0.22749366       0.14028806       0.13912972
       0.22772112       0.14042006       0.13930582
       0.22793946       0.14054402       0.13947686
       0.22814809       0.14065931       0.13964194
       0.22834651       0.14076533       0.13980023
       0.22853423       0.14086154       0.13995091
       0.22871086       0.14094741       0.14009319
       0.22887603       0.14102249       0.14022632
       0.22902945       0.14108636       0.14034957
       0.22917086       0.14113865       0.14046229
       0.22930011       0.14117904       0.14056382
       0.22941708       0.14120727       0.14065359
       0.22952171       0.14122313       0.14073103
       0.22961405       0.14122649       0.14079567
       0.22969418       0.14121725       0.14084706
       0.22976228       0.14119540       0.14088481
       0.22981857       0.14116099       0.14090859
       0.22986340       0.14111414       0.14091815
       0.22989715       0.14105505       0.14091328
       0.22992029       0.14098398       0.14089385
       0.22993340       0.14090129       0.14085981
       0.22993710       0.14080740       0.14081117
       0.22993211       0.14070282       0.14074804
       0.22991925       0.14058816       0.14067059
       0.22989940       0.14046410       0.14057910
       0.22987353       0.14033142       0.14047392
       0.22984269       0.14019097       0.14035550
       0.22980803       0.14004373       0.14022438
       0.22977077       0.13989073       0.14008122
       0.22973220       0.13973314       0.13992675
       0.22969370       0.13957218       0.13976182
       0.22965675       0.13940920       0.13958739
       0.22962287       0.13924563       0.13940451
       0.22959366       0.13908300       0.13921436
       0.22957082       0.13892292       0.13901821
       0.22955607       0.13876711       0.13881746
       0.22955123       0.13861736       0.13861360
       0.22955816       0.13847558       0.13840825
       0.22957878       0.13834372       0.13820312
       0.22961505       0.13822384       0.13800004
       0.22966899       0.13811808       0.13780094
       0.22974264       0.13802863       0.13760785
       0.22983807       0.13795775       0.13742290
       0.22995738       0.13790778       0.13724833
       0.23010268       0.13788109       0.13708645
       0.23027611       0.13788011       0.13693966
       0.23047977       0.13790729       0.13681044
       0.23071580       0.13796513       0.13670132
       0.23098629       0.13805614       0.13661493
       0.23129332       0.13818283       0.13655391
       0.23163893       0.13834773       0.13652098
       0.23202513       0.13855335       0.13651887
       0.23245387       0.13880218       0.13655034
       0.23292705       0.13909666       0.13661816
       0.23344650       0.13943922       0.13672509
       0.23401397       0.13983221       0.13687390
       0.23463113       0.14027792       0.13706730
       0.23529956       0.14077855       0.13730798
       0.23602073       0.14133622       0.13759858
       0.23679603       0.14195294       0.13794166
       0.23762670       0.14263062       0.13833971
       0.23851389       0.14337102       0.13879512
