1.096456439999999e-8
-0.0003323274331033
-0.0017643958175205
-0.005363590434226499
-0.012133372355579
-0.02298340445406429
-0.03870184505934769
-0.059929966823112
-0.0871389223247134
-0.1206081821537965
-0.1604049940384937
-0.2063642145327601
-0.2580680971520388
-0.3148261138772749
-0.3756556472850624
-0.4392653922953735
-0.5040444811695804
-0.5680615705098557
-0.6290792181631492
-0.6845895770863279
-0.7318774314252061
-0.7681155634245235
-0.7904950764506757
-0.7963894565319407
-0.783545936495724
-0.7502916043471301
-0.6957355665636336
-0.6199436073436382
-0.5240596228548442
-0.4103499319059306
-0.2821530481796032
-0.1437283376420943
-0.0000107142750772
0.1437073057311228
0.2821331791868869
0.4103319141343204
0.5240440242087773
0.619930845584107
0.6957258943747087
0.7502851092118897
0.7835425535090199
0.7963889909722412
0.7904972323238999
0.7681199742442061
0.7318836900499236
0.6845972622852399
0.62908791651569
0.5680708931026593
0.5040540752317174
0.4392749483716066
0.3756649027926978
0.3148348539610084
0.2580761536913314
0.2063714640167194
0.1604113548463186
0.120613611597279
0.08714341364573489
0.0599335462074088
0.03870456863475949
0.02298535518823949
0.0121346567516941
0.0053643349375789
0.001764742882524799
0.0003324312495254
1.096456439999999e-8
-0.0003323274331033
-0.0017643958175205
-0.005363590434226499
-0.012133372355579
-0.02298340445406429
-0.03870184505934769
-0.059929966823112
-0.0871389223247134
-0.1206081821537965
-0.1604049940384937
-0.2063642145327601
-0.2580680971520388
-0.3148261138772749
-0.3756556472850624
-0.4392653922953735
-0.5040444811695804
-0.5680615705098557
-0.6290792181631492
-0.6845895770863279
-0.7318774314252061
-0.7681155634245235
-0.7904950764506757
-0.7963894565319407
-0.783545936495724
-0.7502916043471301
-0.6957355665636336
-0.6199436073436382
-0.5240596228548442
-0.4103499319059306
-0.2821530481796032
-0.1437283376420943
-0.0000107142750772
0.1437073057311228
0.2821331791868869
0.4103319141343204
0.5240440242087773
0.619930845584107
0.6957258943747087
0.7502851092118897
0.7835425535090199
0.7963889909722412
0.7904972323238999
0.7681199742442061
0.7318836900499236
0.6845972622852399
0.62908791651569
0.5680708931026593
0.5040540752317174
0.4392749483716066
0.3756649027926978
0.3148348539610084
0.2580761536913314
0.2063714640167194
0.1604113548463186
0.120613611597279
0.08714341364573489
0.0599335462074088
0.03870456863475949
0.02298535518823949
0.0121346567516941
0.0053643349375789
0.001764742882524799
0.0003324312495254