         -0.000000383869928917         -0.000001087208353576
         -0.000000000010545716          0.000000000007860041
          0.000009690880596696          0.000000000019907029
          0.000000000006012436         -0.000000000010967286
         -0.000005813144155486         -0.000000740729141197
         -0.000000000002113222          0.000000000002361315
          0.000002051424639025          0.000000135687484863
          0.000000000000385850         -0.000000000000587253
         -0.000000468741980400         -0.000000042875221366
         -0.000000000000043084          0.000000000000133134
          0.000000089975319275          0.000000007367004850
          0.000000000000010387         -0.000000000000002732
         -0.000000014906391771         -0.000000001273993808
         -0.000000000000006240         -0.000000000000004099
          0.000000002253597120          0.000000000189300311
         -0.000000000000002197         -0.000000000000013708
         -0.000000000316421217         -0.000000000026760388
          0.000000000000001851         -0.000000000000005395
          0.000000000042040946          0.000000000003546133
         -0.000000000000000779         -0.000000000000001423
         -0.000000000005340038         -0.000000000000450926
         -0.000000000000003234         -0.000000000000009686
          0.000000000000654029          0.000000000000055217
          0.000000000000001996          0.000000000000004014
         -0.000000000000077703         -0.000000000000006497
         -0.000000000000000531         -0.000000000000001531
          0.000000000000009002          0.000000000000000814
          0.000000000000000097          0.000000000000000186
         -0.000000000000001017         -0.000000000000000103
         -0.000000000000000516         -0.000000000000000771
          0.000000000000000106          0.000000000000000021
         -0.000000000000000628         -0.000000000000000515
         -0.000000000000000034         -0.000000000000000004
         -0.000000000000000260         -0.000000000000000068
          0.000000000000000033          0.000000000000000103
          0.000000000000000062         -0.000000000000000033
         -0.000000000000000011         -0.000000000000000050
          0.000000000000000086         -0.000000000000000066
          0.000000000000000109          0.000000000000000339
          0.000000000000000056          0.000000000000000066
          0.000000000000000000          0.000000000000000242
         -0.000000000000000207         -0.000000000000000630
         -0.000000000000000689         -0.000000000000001253
          0.000000000000000064          0.000000000000000157
         -0.000000000000000014          0.000000000000000043
          0.000000000000000119          0.000000000000000052
          0.000000000000000018          0.000000000000000005
         -0.000000000000000140         -0.000000000000000563
          0.000000000000000103          0.000000000000000069
          0.000000000000000029         -0.000000000000000200
         -0.000000000000000027         -0.000000000000000046
          0.000000000000000022          0.000000000000000046
         -0.000000000000000003         -0.000000000000000008
          0.000000000000000043          0.000000000000000102
         -0.000000000000000007          0.000000000000000004
         -0.000000000000000080         -0.000000000000000242
          0.000000000000000004         -0.000000000000000001
          0.000000000000000036         -0.000000000000000367
          0.000000000000000004          0.000000000000000011
         -0.000000000000000016          0.000000000000000007
          0.000000000000000000          0.000000000000000000
          0.000000000000000235          0.000000000000000291
         -0.000000000000000001          0.000000000000000000
         -0.000000000000000001          0.000000000000000018
         -0.105553036400925962         -0.298937570166382782
         -0.000000000000120921         -0.000000000000217005
          0.888204927029603519          0.000000000000000000
          0.000000000000110534          0.000000000000071758
         -0.319678028399601466         -0.040733967719742234
         -0.000000000000030726         -0.000000000000034182
          0.080580378391912927          0.005329767881076343
          0.000000000000006784          0.000000000000005619
         -0.014320665195279938         -0.001309884287599540
         -0.000000000000000754         -0.000000000000001534
          0.002249067961913055          0.000184148210251896
         -0.000000000000000349         -0.000000000000000884
         -0.000315283371911369         -0.000026945957427219
          0.000000000000000390         -0.000000000000000143
          0.000041310164648675          0.000003470004482208
          0.000000000000000480         -0.000000000000000018
         -0.000005117862153208         -0.000000432825792852
          0.000000000000000129          0.000000000000000568
          0.000000608402574598          0.000000051318980170
         -0.000000000000000103         -0.000000000000000036
         -0.000000069919399004         -0.000000005903868411
          0.000000000000000104          0.000000000000000110
          0.000000007818895696          0.000000000659948383
         -0.000000000000000042         -0.000000000000000253
         -0.000000000854594753         -0.000000000072142767
         -0.000000000000000116         -0.000000000000000331
          0.000000000091621973          0.000000000007733674
         -0.000000000000000048          0.000000000000000031
         -0.000000000009661445         -0.000000000000815601
          0.000000000000000167         -0.000000000000000024
          0.000000000001004090          0.000000000000084612
         -0.000000000000000070         -0.000000000000000049
         -0.000000000000103305         -0.000000000000008858
          0.000000000000000146          0.000000000000000229
          0.000000000000010497          0.000000000000000820
          0.000000000000000031          0.000000000000000098
         -0.000000000000000912          0.000000000000000367
          0.000000000000000052         -0.000000000000000025
         -0.000000000000000002         -0.000000000000000205
          0.000000000000000081          0.000000000000000142
          0.000000000000000085          0.000000000000000271
         -0.000000000000000071          0.000000000000000066
          0.000000000000000263          0.000000000000000478
         -0.000000000000000065          0.000000000000000263
          0.000000000000000004          0.000000000000000083
          0.000000000000000049         -0.000000000000000082
         -0.000000000000000015          0.000000000000000011
          0.000000000000000031          0.000000000000000175
         -0.000000000000000068         -0.000000000000000085
          0.000000000000000085          0.000000000000000118
         -0.000000000000000011         -0.000000000000000008
         -0.000000000000000076          0.000000000000000096
          0.000000000000000006          0.000000000000000010
         -0.000000000000000015         -0.000000000000000084
          0.000000000000000002          0.000000000000000000
          0.000000000000000223          0.000000000000000338
          0.000000000000000008          0.000000000000000001
         -0.000000000000000106         -0.000000000000000335
         -0.000000000000000004          0.000000000000000006
         -0.000000000000000024         -0.000000000000000051
          0.000000000000000013          0.000000000000000019
         -0.000000000000000008          0.000000000000000101
         -0.000000000000000001          0.000000000000000011
          0.000000000000000007          0.000000000000000001
         -0.000000383869929642          0.000001087208312597
         -0.000000000010545714         -0.000000000007860041
          0.000009690880587186         -0.000000000019922046
          0.000000000006012420          0.000000000010967289
         -0.000005813144153165          0.000000740729138560
         -0.000000000002113175         -0.000000000002361327
          0.000002051424638334         -0.000000135687485181
          0.000000000000385211          0.000000000000587611
         -0.000000468741980269          0.000000042875221365
         -0.000000000000043520         -0.000000000000133553
          0.000000089975319259         -0.000000007367004859
          0.000000000000009657          0.000000000000002610
         -0.000000014906391772          0.000000001273993807
         -0.000000000000006268          0.000000000000004086
          0.000000002253597119         -0.000000000189300311
         -0.000000000000001666          0.000000000000013735
         -0.000000000316421216          0.000000000026760388
          0.000000000000001853          0.000000000000005395
          0.000000000042040946         -0.000000000003546133
         -0.000000000000000778          0.000000000000001423
         -0.000000000005340038          0.000000000000450926
         -0.000000000000003234          0.000000000000009686
          0.000000000000654029         -0.000000000000055217
          0.000000000000001996         -0.000000000000004014
         -0.000000000000077703          0.000000000000006497
         -0.000000000000000531          0.000000000000001531
          0.000000000000009002         -0.000000000000000814
          0.000000000000000097         -0.000000000000000186
         -0.000000000000001017          0.000000000000000103
         -0.000000000000000516          0.000000000000000771
          0.000000000000000106         -0.000000000000000021
         -0.000000000000000628          0.000000000000000515
         -0.000000000000000034          0.000000000000000004
         -0.000000000000000260          0.000000000000000068
          0.000000000000000033         -0.000000000000000103
          0.000000000000000062          0.000000000000000033
         -0.000000000000000011          0.000000000000000050
          0.000000000000000086          0.000000000000000066
          0.000000000000000109         -0.000000000000000339
          0.000000000000000056         -0.000000000000000066
          0.000000000000000000         -0.000000000000000242
         -0.000000000000000207          0.000000000000000630
         -0.000000000000000689          0.000000000000001253
          0.000000000000000064         -0.000000000000000157
         -0.000000000000000014         -0.000000000000000043
          0.000000000000000119         -0.000000000000000052
          0.000000000000000018         -0.000000000000000005
         -0.000000000000000140          0.000000000000000563
          0.000000000000000103         -0.000000000000000069
          0.000000000000000029          0.000000000000000200
         -0.000000000000000027          0.000000000000000046
          0.000000000000000022         -0.000000000000000046
         -0.000000000000000003          0.000000000000000008
          0.000000000000000043         -0.000000000000000102
         -0.000000000000000007         -0.000000000000000004
         -0.000000000000000080          0.000000000000000242
          0.000000000000000004          0.000000000000000001
          0.000000000000000036          0.000000000000000367
          0.000000000000000004         -0.000000000000000011
         -0.000000000000000016         -0.000000000000000007
          0.000000000000000000          0.000000000000000000
          0.000000000000000235         -0.000000000000000291
         -0.000000000000000001          0.000000000000000000
         -0.000000000000000001         -0.000000000000000018
         -0.105553036400936759          0.298937570166354138
         -0.000000000000120922          0.000000000000217006
          0.888204927029610070          0.000000000000000000
          0.000000000000110517         -0.000000000000071769
         -0.319678028399607683          0.040733967719736558
         -0.000000000000030712          0.000000000000034211
          0.080580378391910484         -0.005329767881075587
          0.000000000000006094         -0.000000000000006030
         -0.014320665195280597          0.001309884287599541
         -0.000000000000001336          0.000000000000001289
          0.002249067961913082         -0.000184148210251999
         -0.000000000000000472          0.000000000000000450
         -0.000315283371911334          0.000026945957427226
         -0.000000000000000282         -0.000000000000000123
          0.000041310164648750         -0.000003470004482203
         -0.000000000000000234          0.000000000000000038
         -0.000005117862153206          0.000000432825792854
          0.000000000000000124         -0.000000000000000568
          0.000000608402574596         -0.000000051318980170
         -0.000000000000000103          0.000000000000000038
         -0.000000069919399004          0.000000005903868411
          0.000000000000000104         -0.000000000000000110
          0.000000007818895696         -0.000000000659948383
         -0.000000000000000042          0.000000000000000253
         -0.000000000854594753          0.000000000072142767
         -0.000000000000000116          0.000000000000000331
          0.000000000091621973         -0.000000000007733674
         -0.000000000000000048         -0.000000000000000031
         -0.000000000009661445          0.000000000000815601
          0.000000000000000167          0.000000000000000024
          0.000000000001004090         -0.000000000000084612
         -0.000000000000000070          0.000000000000000049
         -0.000000000000103305          0.000000000000008858
          0.000000000000000146         -0.000000000000000229
          0.000000000000010497         -0.000000000000000820
          0.000000000000000031         -0.000000000000000098
         -0.000000000000000912         -0.000000000000000367
          0.000000000000000052          0.000000000000000025
         -0.000000000000000002          0.000000000000000205
          0.000000000000000081         -0.000000000000000142
          0.000000000000000085         -0.000000000000000271
         -0.000000000000000071         -0.000000000000000066
          0.000000000000000263         -0.000000000000000478
         -0.000000000000000065         -0.000000000000000263
          0.000000000000000004         -0.000000000000000083
          0.000000000000000049          0.000000000000000082
         -0.000000000000000015         -0.000000000000000011
          0.000000000000000031         -0.000000000000000175
         -0.000000000000000068          0.000000000000000085
          0.000000000000000085         -0.000000000000000118
         -0.000000000000000011          0.000000000000000008
         -0.000000000000000076         -0.000000000000000096
          0.000000000000000006         -0.000000000000000010
         -0.000000000000000015          0.000000000000000084
          0.000000000000000002          0.000000000000000000
          0.000000000000000223         -0.000000000000000338
          0.000000000000000008         -0.000000000000000001
         -0.000000000000000106          0.000000000000000335
         -0.000000000000000004         -0.000000000000000006
         -0.000000000000000024          0.000000000000000051
          0.000000000000000013         -0.000000000000000019
         -0.000000000000000008         -0.000000000000000101
         -0.000000000000000001         -0.000000000000000011
          0.000000000000000007         -0.000000000000000001
          0.000000000028267080         -0.000000000000001181
         -0.614679036444750082         -0.000000000000021164
          0.000000000010338239         -0.000000000000001349
          0.764905404752131757          0.000000000000000000
          0.000000000002457887          0.000000000000000112
         -0.187862526006486869         -0.000000000000001096
          0.000000000000272898         -0.000000000000000080
          0.041839694805807577          0.000000000000000124
          0.000000000000042985          0.000000000000000009
         -0.006744246201733018         -0.000000000000000034
         -0.000000000000007668         -0.000000000000000002
          0.001005756072876977          0.000000000000000004
         -0.000000000000005085          0.000000000000000000
         -0.000135392892465078         -0.000000000000000001
         -0.000000000000003857          0.000000000000000000
          0.000017245961238226          0.000000000000000000
         -0.000000000000003629          0.000000000000000000
         -0.000002089066685056          0.000000000000000000
          0.000000000000000525          0.000000000000000000
          0.000000244019670627          0.000000000000000000
         -0.000000000000001508          0.000000000000000000
         -0.000000027642461829          0.000000000000000000
          0.000000000000001041          0.000000000000000000
          0.000000003054622524          0.000000000000000000
         -0.000000000000000028          0.000000000000000000
         -0.000000000330527871          0.000000000000000000
          0.000000000000000357          0.000000000000000000
          0.000000000035134268          0.000000000000000000
         -0.000000000000000044          0.000000000000000000
         -0.000000000003677592          0.000000000000000000
          0.000000000000000276          0.000000000000000000
          0.000000000000379820          0.000000000000000000
          0.000000000000000038          0.000000000000000000
         -0.000000000000038928          0.000000000000000000
         -0.000000000000000335          0.000000000000000000
          0.000000000000003837          0.000000000000000000
         -0.000000000000000093          0.000000000000000000
         -0.000000000000000107          0.000000000000000000
         -0.000000000000000017          0.000000000000000000
         -0.000000000000000066          0.000000000000000000
         -0.000000000000000038          0.000000000000000000
          0.000000000000000000          0.000000000000000000
         -0.000000000000000048          0.000000000000000000
          0.000000000000000108          0.000000000000000000
         -0.000000000000000045          0.000000000000000000
          0.000000000000000045          0.000000000000000000
          0.000000000000000030          0.000000000000000000
         -0.000000000000000019          0.000000000000000000
          0.000000000000000060          0.000000000000000000
         -0.000000000000000041          0.000000000000000000
         -0.000000000000000133          0.000000000000000000
          0.000000000000000044          0.000000000000000000
         -0.000000000000000141          0.000000000000000000
         -0.000000000000000134          0.000000000000000000
         -0.000000000000000017          0.000000000000000000
         -0.000000000000000029          0.000000000000000000
         -0.000000000000000001          0.000000000000000000
          0.000000000000000010          0.000000000000000000
          0.000000000000000034          0.000000000000000000
          0.000000000000000003          0.000000000000000000
         -0.000000000000000001          0.000000000000000000
         -0.000000000000000003          0.000000000000000000
          0.000000000000000098          0.000000000000000000
         -0.000000000000000047          0.000000000000000000
         -0.000000000000437306          0.000000000000000306
          0.000004471015271677          0.000000000000000000
          0.000000000001276444         -0.000000000000001675
         -0.000011127449849489         -0.000000000000000001
         -0.000000000000461348          0.000000000000000732
          0.000004099390950414         -0.000000000000000009
          0.000000000000112829         -0.000000000000000166
         -0.000001217324707106         -0.000000000000000027
         -0.000000000000041541          0.000000000000000031
          0.000000245279551670         -0.000000000000000310
          0.000000000000012856         -0.000000000000000005
         -0.000000043893677499          0.000000000000000066
         -0.000000000000000062          0.000000000000000001
          0.000000006893691303          0.000000000000000002
          0.000000000000000460          0.000000000000000000
         -0.000000001003542940          0.000000000000000001
          0.000000000000000241          0.000000000000000000
          0.000000000136757863          0.000000000000000000
          0.000000000000001293          0.000000000000000000
         -0.000000000017750866          0.000000000000000000
          0.000000000000000520          0.000000000000000000
          0.000000000002211502          0.000000000000000000
          0.000000000000000386          0.000000000000000000
         -0.000000000000266740          0.000000000000000000
         -0.000000000000000025          0.000000000000000000
          0.000000000000031108          0.000000000000000000
         -0.000000000000000017          0.000000000000000000
         -0.000000000000003452          0.000000000000000000
         -0.000000000000000016          0.000000000000000000
          0.000000000000000332          0.000000000000000000
          0.000000000000000063          0.000000000000000000
         -0.000000000000000162          0.000000000000000000
         -0.000000000000000102          0.000000000000000000
          0.000000000000000128          0.000000000000000000
          0.000000000000000225          0.000000000000000000
          0.000000000000000139          0.000000000000000000
          0.000000000000000034          0.000000000000000000
          0.000000000000000096          0.000000000000000000
         -0.000000000000000010          0.000000000000000000
         -0.000000000000000015          0.000000000000000000
         -0.000000000000000067          0.000000000000000000
          0.000000000000000038          0.000000000000000000
         -0.000000000000000058          0.000000000000000000
         -0.000000000000000040          0.000000000000000000
         -0.000000000000000054          0.000000000000000000
          0.000000000000000043          0.000000000000000000
         -0.000000000000000085          0.000000000000000000
          0.000000000000000015          0.000000000000000000
         -0.000000000000000082          0.000000000000000000
          0.000000000000000003          0.000000000000000000
         -0.000000000000000100          0.000000000000000000
          0.000000000000000026          0.000000000000000000
         -0.000000000000000018          0.000000000000000000
         -0.000000000000000040          0.000000000000000000
         -0.000000000000000108          0.000000000000000000
          0.000000000000000000          0.000000000000000000
         -0.000000000000000062          0.000000000000000000
          0.000000000000000021          0.000000000000000000
          0.000000000000000112          0.000000000000000000
         -0.000000000000000011          0.000000000000000000
         -0.000000000000000001          0.000000000000000000
         -0.000000000000000002          0.000000000000000000
          0.000000000000000003          0.000000000000000000
         -0.000000000000000033          0.000000000000000000
          0.861568568706946536          0.000000000000000000
          0.000000000010186787          0.000000000018132261
          0.063103443758603023          0.454226551287885583
         -0.000000000023981909         -0.000000000021381250
          0.131724781783761041         -0.167393489398777129
          0.000000000005361346          0.000000000005868162
         -0.014626036180228138          0.041679430041861067
         -0.000000000001260433         -0.000000000001261597
          0.003952817700216750         -0.007442496588833197
          0.000000000000200596          0.000000000000210649
         -0.000540273592203356          0.001166801310793660
         -0.000000000000031061         -0.000000000000033380
          0.000079974455707748         -0.000163677526885360
          0.000000000000004692          0.000000000000006153
         -0.000010252002351881          0.000021439986291111
         -0.000000000000000989         -0.000000000000001407
          0.000001281062548149         -0.000002656454926263
         -0.000000000000001778         -0.000000000000002040
         -0.000000151786937113          0.000000315781627874
         -0.000000000000000827          0.000000000000000268
          0.000000017466752722         -0.000000036291143722
          0.000000000000001531         -0.000000000000000575
         -0.000000001952269096          0.000000004058314473
         -0.000000000000000600         -0.000000000000000230
          0.000000000213423419         -0.000000000443569980
          0.000000000000000003         -0.000000000000000086
         -0.000000000022879531          0.000000000047555400
          0.000000000000000000          0.000000000000000361
          0.000000000002412620         -0.000000000005014970
         -0.000000000000000172          0.000000000000000398
         -0.000000000000250786          0.000000000000521264
          0.000000000000000411         -0.000000000000000043
          0.000000000000025753         -0.000000000000053472
         -0.000000000000000140         -0.000000000000000135
         -0.000000000000002629          0.000000000000005462
         -0.000000000000000057         -0.000000000000000004
          0.000000000000000229         -0.000000000000000630
          0.000000000000000274         -0.000000000000000109
          0.000000000000000007          0.000000000000000086
          0.000000000000000066         -0.000000000000000047
          0.000000000000000062          0.000000000000000004
          0.000000000000000087         -0.000000000000000020
          0.000000000000000131         -0.000000000000000052
         -0.000000000000000022          0.000000000000000005
          0.000000000000000107          0.000000000000000020
         -0.000000000000000006         -0.000000000000000050
         -0.000000000000000131         -0.000000000000000025
         -0.000000000000000022          0.000000000000000015
          0.000000000000000026         -0.000000000000000029
          0.000000000000000079         -0.000000000000000042
          0.000000000000000096          0.000000000000000046
          0.000000000000000087         -0.000000000000000028
         -0.000000000000000018         -0.000000000000000036
         -0.000000000000000013          0.000000000000000026
          0.000000000000000065         -0.000000000000000009
          0.000000000000000032         -0.000000000000000037
          0.000000000000000111          0.000000000000000019
          0.000000000000000111          0.000000000000000058
          0.000000000000000022          0.000000000000000007
          0.000000000000000038         -0.000000000000000094
          0.000000000000000034          0.000000000000000012
         -0.000000000000000028          0.000000000000000029
         -0.000000000000000033         -0.000000000000000050
         -0.000000000000000014         -0.000000000000000013
         -0.000003133414657307          0.000000000000012533
         -0.000000000000000112         -0.000000000000000173
         -0.000000688495198704         -0.000004955893151256
          0.000000000000000377          0.000000000000000309
         -0.000002395330951122          0.000003043944479425
         -0.000000000000000123         -0.000000000000000121
          0.000000372351274997         -0.000001061079421586
          0.000000000000000065          0.000000000000000086
         -0.000000129383039178          0.000000243606698005
          0.000000000000000084          0.000000000000000129
          0.000000021613967204         -0.000000046678581091
          0.000000000000000053         -0.000000000000000052
         -0.000000003781139478          0.000000007738565341
          0.000000000000000030         -0.000000000000000061
          0.000000000559278336         -0.000000001169617310
          0.000000000000000027          0.000000000000000012
         -0.000000000079204353          0.000000000164240103
          0.000000000000000032         -0.000000000000000175
          0.000000000010488993         -0.000000000021820384
         -0.000000000000000135          0.000000000000000069
         -0.000000000001334722          0.000000000002771437
          0.000000000000000196          0.000000000000000011
          0.000000000000163608         -0.000000000000339152
         -0.000000000000000021         -0.000000000000000081
         -0.000000000000019150          0.000000000000040337
         -0.000000000000000056          0.000000000000000052
          0.000000000000002124         -0.000000000000004654
          0.000000000000000002          0.000000000000000032
         -0.000000000000000397          0.000000000000000647
         -0.000000000000000064         -0.000000000000000099
          0.000000000000000058         -0.000000000000000069
          0.000000000000000045          0.000000000000000016
          0.000000000000000253         -0.000000000000000018
          0.000000000000000088         -0.000000000000000012
          0.000000000000000085          0.000000000000000016
          0.000000000000000298         -0.000000000000000021
          0.000000000000000262          0.000000000000000122
         -0.000000000000000046         -0.000000000000000064
         -0.000000000000000027          0.000000000000000036
         -0.000000000000000032         -0.000000000000000043
          0.000000000000000026         -0.000000000000000021
         -0.000000000000000025          0.000000000000000034
         -0.000000000000000029          0.000000000000000012
          0.000000000000000053         -0.000000000000000056
          0.000000000000000092         -0.000000000000000005
          0.000000000000000060         -0.000000000000000054
          0.000000000000000228          0.000000000000000073
          0.000000000000000026          0.000000000000000007
          0.000000000000000000          0.000000000000000013
         -0.000000000000000070          0.000000000000000049
          0.000000000000000026          0.000000000000000016
          0.000000000000000000          0.000000000000000005
         -0.000000000000000039          0.000000000000000003
         -0.000000000000000027         -0.000000000000000019
         -0.000000000000000009         -0.000000000000000004
         -0.000000000000000085          0.000000000000000039
         -0.000000000000000145         -0.000000000000000024
          0.000000000000000012          0.000000000000000002
         -0.000000000000000018         -0.000000000000000005
          0.000000000000000007          0.000000000000000017
         -0.000000000000000044          0.000000000000000001
         -0.000000000000000010          0.000000000000000018
          0.000000000000000012         -0.000000000000000001
          0.000000000000000060         -0.000000000000000042
          0.861568568706951088          0.000000000000000000
          0.000000000010186787         -0.000000000018132261
          0.063103443758523226         -0.454226551287874369
         -0.000000000023981910          0.000000000021381252
          0.131724781783791545          0.167393489398789980
          0.000000000005361341         -0.000000000005868166
         -0.014626036180235519         -0.041679430041861920
         -0.000000000001260536          0.000000000001261542
          0.003952817700217998          0.007442496588833509
          0.000000000000200454         -0.000000000000210223
         -0.000540273592203559         -0.001166801310793698
         -0.000000000000030955          0.000000000000033409
          0.000079974455707778          0.000163677526885368
          0.000000000000004787         -0.000000000000005884
         -0.000010252002351892         -0.000021439986291114
         -0.000000000000001068          0.000000000000001274
          0.000001281062548151          0.000002656454926264
         -0.000000000000001778          0.000000000000002039
         -0.000000151786937113         -0.000000315781627874
         -0.000000000000000827         -0.000000000000000268
          0.000000017466752722          0.000000036291143722
          0.000000000000001531          0.000000000000000575
         -0.000000001952269096         -0.000000004058314473
         -0.000000000000000600          0.000000000000000230
          0.000000000213423419          0.000000000443569980
          0.000000000000000003          0.000000000000000086
         -0.000000000022879531         -0.000000000047555400
          0.000000000000000000         -0.000000000000000361
          0.000000000002412620          0.000000000005014970
         -0.000000000000000172         -0.000000000000000398
         -0.000000000000250786         -0.000000000000521264
          0.000000000000000411          0.000000000000000043
          0.000000000000025753          0.000000000000053472
         -0.000000000000000140          0.000000000000000135
         -0.000000000000002629         -0.000000000000005462
         -0.000000000000000057          0.000000000000000004
          0.000000000000000229          0.000000000000000630
          0.000000000000000274          0.000000000000000110
          0.000000000000000007         -0.000000000000000086
          0.000000000000000066          0.000000000000000047
          0.000000000000000062         -0.000000000000000004
          0.000000000000000087          0.000000000000000020
          0.000000000000000131          0.000000000000000052
         -0.000000000000000022         -0.000000000000000005
          0.000000000000000107         -0.000000000000000020
         -0.000000000000000006          0.000000000000000050
         -0.000000000000000131          0.000000000000000025
         -0.000000000000000022         -0.000000000000000015
          0.000000000000000026          0.000000000000000029
          0.000000000000000079          0.000000000000000042
          0.000000000000000096         -0.000000000000000046
          0.000000000000000087          0.000000000000000028
         -0.000000000000000018          0.000000000000000036
         -0.000000000000000013         -0.000000000000000026
          0.000000000000000065          0.000000000000000009
          0.000000000000000032          0.000000000000000037
          0.000000000000000111         -0.000000000000000019
          0.000000000000000111         -0.000000000000000058
          0.000000000000000022         -0.000000000000000007
          0.000000000000000038          0.000000000000000094
          0.000000000000000034         -0.000000000000000012
         -0.000000000000000028         -0.000000000000000029
         -0.000000000000000033          0.000000000000000050
         -0.000000000000000014          0.000000000000000013
         -0.000003133414656866         -0.000000000000012247
         -0.000000000000000112          0.000000000000000173
         -0.000000688495199358          0.000004955893150680
          0.000000000000000378         -0.000000000000000311
         -0.000002395330950722         -0.000003043944480121
         -0.000000000000000121          0.000000000000000120
          0.000000372351274716          0.000001061079421551
          0.000000000000000095         -0.000000000000000021
         -0.000000129383039107         -0.000000243606697557
          0.000000000000000033          0.000000000000000110
          0.000000021613967078          0.000000046678581342
          0.000000000000000065         -0.000000000000000072
         -0.000000003781139414         -0.000000007738565382
         -0.000000000000000097          0.000000000000000013
          0.000000000559278290          0.000000001169617431
          0.000000000000000043         -0.000000000000000007
         -0.000000000079204409         -0.000000000164239716
          0.000000000000000022          0.000000000000000168
          0.000000000010488993          0.000000000021820385
         -0.000000000000000135         -0.000000000000000069
         -0.000000000001334722         -0.000000000002771438
          0.000000000000000196         -0.000000000000000011
          0.000000000000163608          0.000000000000339152
         -0.000000000000000021          0.000000000000000081
         -0.000000000000019150         -0.000000000000040337
         -0.000000000000000056         -0.000000000000000052
          0.000000000000002124          0.000000000000004654
          0.000000000000000002         -0.000000000000000032
         -0.000000000000000397         -0.000000000000000647
         -0.000000000000000064          0.000000000000000099
          0.000000000000000058          0.000000000000000069
          0.000000000000000045         -0.000000000000000016
          0.000000000000000253          0.000000000000000018
          0.000000000000000088          0.000000000000000012
          0.000000000000000085         -0.000000000000000016
          0.000000000000000298          0.000000000000000021
          0.000000000000000262         -0.000000000000000122
         -0.000000000000000046          0.000000000000000064
         -0.000000000000000027         -0.000000000000000036
         -0.000000000000000032          0.000000000000000043
          0.000000000000000026          0.000000000000000021
         -0.000000000000000025         -0.000000000000000034
         -0.000000000000000029         -0.000000000000000012
          0.000000000000000053          0.000000000000000056
          0.000000000000000092          0.000000000000000005
          0.000000000000000060          0.000000000000000054
          0.000000000000000228         -0.000000000000000073
          0.000000000000000026         -0.000000000000000007
          0.000000000000000000         -0.000000000000000013
         -0.000000000000000070         -0.000000000000000049
          0.000000000000000026         -0.000000000000000016
          0.000000000000000000         -0.000000000000000005
         -0.000000000000000039         -0.000000000000000003
         -0.000000000000000027          0.000000000000000019
         -0.000000000000000009          0.000000000000000004
         -0.000000000000000085         -0.000000000000000039
         -0.000000000000000145          0.000000000000000024
          0.000000000000000012         -0.000000000000000002
         -0.000000000000000018          0.000000000000000005
          0.000000000000000007         -0.000000000000000017
         -0.000000000000000044         -0.000000000000000001
         -0.000000000000000010         -0.000000000000000018
          0.000000000000000012          0.000000000000000001
          0.000000000000000060          0.000000000000000042
          0.000000000032992164         -0.000000000000002879
         -0.516515886195932250          0.000000000000032002
         -0.000000000000979565         -0.000000000000000871
          0.833173214144583341          0.000000000000000000
          0.000000000007465104         -0.000000000000000387
         -0.192430220404486513          0.000000000000003164
         -0.000000000000886226          0.000000000000000006
          0.044199510642305748         -0.000000000000000342
          0.000000000000252485         -0.000000000000000010
         -0.007043760312431202          0.000000000000000072
         -0.000000000000041180          0.000000000000000001
          0.001054941716736814         -0.000000000000000011
         -0.000000000000000492          0.000000000000000000
         -0.000141774859179733          0.000000000000000001
         -0.000000000000004895          0.000000000000000000
          0.000018071205945063          0.000000000000000000
         -0.000000000000003636          0.000000000000000000
         -0.000002188460903223          0.000000000000000000
          0.000000000000000957          0.000000000000000000
          0.000000255656070027          0.000000000000000000
         -0.000000000000001411          0.000000000000000000
         -0.000000028959465159          0.000000000000000000
          0.000000000000001037          0.000000000000000000
          0.000000003200207832          0.000000000000000000
          0.000000000000000063          0.000000000000000000
         -0.000000000346279009          0.000000000000000000
          0.000000000000000331          0.000000000000000000
          0.000000000036808661          0.000000000000000000
         -0.000000000000000023          0.000000000000000000
         -0.000000000003852843          0.000000000000000000
          0.000000000000000282          0.000000000000000000
          0.000000000000397913          0.000000000000000000
          0.000000000000000055          0.000000000000000000
         -0.000000000000040743          0.000000000000000000
         -0.000000000000000331          0.000000000000000000
          0.000000000000004041          0.000000000000000000
         -0.000000000000000090          0.000000000000000000
         -0.000000000000000094          0.000000000000000000
          0.000000000000000020          0.000000000000000000
         -0.000000000000000060          0.000000000000000000
         -0.000000000000000023          0.000000000000000000
          0.000000000000000013          0.000000000000000000
         -0.000000000000000043          0.000000000000000000
          0.000000000000000103          0.000000000000000000
         -0.000000000000000036          0.000000000000000000
          0.000000000000000044          0.000000000000000000
          0.000000000000000020          0.000000000000000000
         -0.000000000000000015          0.000000000000000000
          0.000000000000000069          0.000000000000000000
         -0.000000000000000052          0.000000000000000000
         -0.000000000000000114          0.000000000000000000
          0.000000000000000064          0.000000000000000000
         -0.000000000000000129          0.000000000000000000
         -0.000000000000000132          0.000000000000000000
         -0.000000000000000015          0.000000000000000000
         -0.000000000000000034          0.000000000000000000
          0.000000000000000002          0.000000000000000000
          0.000000000000000011          0.000000000000000000
          0.000000000000000039          0.000000000000000000
          0.000000000000000004          0.000000000000000000
         -0.000000000000000018          0.000000000000000000
         -0.000000000000000004          0.000000000000000000
          0.000000000000000074          0.000000000000000000
         -0.000000000000000045          0.000000000000000000
         -0.000000000000211345          0.000000000000000141
          0.000003757001260506          0.000000000000000000
          0.000000000001058583         -0.000000000000001422
         -0.000012120573821370         -0.000000000000000001
         -0.000000000000349230          0.000000000000000651
          0.000004199063455450         -0.000000000000000010
          0.000000000000097297         -0.000000000000000143
         -0.000001285983431749         -0.000000000000000009
         -0.000000000000036376          0.000000000000000027
          0.000000256172489601         -0.000000000000000291
          0.000000000000010083         -0.000000000000000004
         -0.000000046040258233          0.000000000000000076
         -0.000000000000000058          0.000000000000000001
          0.000000007218636702          0.000000000000000002
          0.000000000000000266          0.000000000000000000
         -0.000000001051563757          0.000000000000000001
          0.000000000000000349          0.000000000000000000
          0.000000000143264555          0.000000000000000000
          0.000000000000001061          0.000000000000000000
         -0.000000000018597147          0.000000000000000000
          0.000000000000000537          0.000000000000000000
          0.000000000002316865          0.000000000000000000
          0.000000000000000353          0.000000000000000000
         -0.000000000000279444          0.000000000000000000
         -0.000000000000000022          0.000000000000000000
          0.000000000000032583          0.000000000000000000
         -0.000000000000000016          0.000000000000000000
         -0.000000000000003612          0.000000000000000000
         -0.000000000000000017          0.000000000000000000
          0.000000000000000349          0.000000000000000000
          0.000000000000000056          0.000000000000000000
         -0.000000000000000166          0.000000000000000000
         -0.000000000000000099          0.000000000000000000
          0.000000000000000107          0.000000000000000000
          0.000000000000000216          0.000000000000000000
          0.000000000000000137          0.000000000000000000
          0.000000000000000007          0.000000000000000000
          0.000000000000000097          0.000000000000000000
         -0.000000000000000057          0.000000000000000000
         -0.000000000000000015          0.000000000000000000
         -0.000000000000000058          0.000000000000000000
          0.000000000000000032          0.000000000000000000
         -0.000000000000000056          0.000000000000000000
         -0.000000000000000036          0.000000000000000000
         -0.000000000000000061          0.000000000000000000
          0.000000000000000045          0.000000000000000000
         -0.000000000000000088          0.000000000000000000
          0.000000000000000021          0.000000000000000000
         -0.000000000000000082          0.000000000000000000
          0.000000000000000009          0.000000000000000000
         -0.000000000000000065          0.000000000000000000
          0.000000000000000020          0.000000000000000000
         -0.000000000000000010          0.000000000000000000
         -0.000000000000000041          0.000000000000000000
         -0.000000000000000102          0.000000000000000000
          0.000000000000000008          0.000000000000000000
         -0.000000000000000055          0.000000000000000000
          0.000000000000000020          0.000000000000000000
          0.000000000000000115          0.000000000000000000
         -0.000000000000000011          0.000000000000000000
          0.000000000000000020          0.000000000000000000
          0.000000000000000003          0.000000000000000000
          0.000000000000000000          0.000000000000000000
         -0.000000000000000032          0.000000000000000000
         -0.000000000000000808         -0.000000000000000374
         -0.000002867346988150          0.000003721324276008
          0.000000000000000002          0.000000000000000429
          0.000010798364754037          0.000000000001169471
         -0.000000000000000120         -0.000000000000000272
         -0.000003680850186193          0.000000933607381525
          0.000000000000000020          0.000000000000000053
          0.000001135982131451         -0.000000139837335248
         -0.000000000000000003         -0.000000000000000010
         -0.000000225614275433          0.000000038488887162
          0.000000000000000001          0.000000000000000001
          0.000000040595411022         -0.000000006196784116
          0.000000000000000000          0.000000000000000000
         -0.000000006362143492          0.000000001015990055
          0.000000000000000000          0.000000000000000000
          0.000000000926960113         -0.000000000145386669
          0.000000000000000000          0.000000000000000000
         -0.000000000126280208          0.000000000019943203
          0.000000000000000000          0.000000000000000000
          0.000000000016393566         -0.000000000002583519
          0.000000000000000000          0.000000000000000000
         -0.000000000002042550          0.000000000000322251
          0.000000000000000000          0.000000000000000000
          0.000000000000246572         -0.000000000000038859
          0.000000000000000000          0.000000000000000000
         -0.000000000000028572          0.000000000000004303
          0.000000000000000000          0.000000000000000000
          0.000000000000003656         -0.000000000000000717
          0.000000000000000000          0.000000000000000000
         -0.000000000000000233          0.000000000000000187
          0.000000000000000000          0.000000000000000000
          0.000000000000000128         -0.000000000000000143
          0.000000000000000010          0.000000000000000003
         -0.000000000000000010          0.000000000000000062
          0.000000000000000002         -0.000000000000000005
         -0.000000000000000032         -0.000000000000000027
          0.000000000000000000          0.000000000000000000
          0.000000000000000026         -0.000000000000000057
          0.000000000000000000          0.000000000000000000
          0.000000000000000003          0.000000000000000019
          0.000000000000000000          0.000000000000000000
          0.000000000000000049         -0.000000000000000030
          0.000000000000000000          0.000000000000000000
          0.000000000000000179         -0.000000000000000057
          0.000000000000000000          0.000000000000000000
         -0.000000000000000113          0.000000000000000026
          0.000000000000000000          0.000000000000000000
         -0.000000000000000017         -0.000000000000000002
          0.000000000000000000          0.000000000000000000
         -0.000000000000000010         -0.000000000000000018
          0.000000000000000000          0.000000000000000000
          0.000000000000000000          0.000000000000000011
          0.000000000000000000          0.000000000000000000
         -0.000000000000000002          0.000000000000000002
          0.000000000000000000          0.000000000000000000
          0.000000000000000006         -0.000000000000000001
          0.000000000000000000          0.000000000000000000
         -0.000000000000000001         -0.000000000000000006
          0.000000000000000000          0.000000000000000000
          0.000000000000000010         -0.000000000000000014
          0.000000000000000000          0.000000000000000000
          0.000000000000000000          0.000000000000000000
          0.000000000000000000          0.000000000000000000
          0.000000000000000000          0.000000000000000000
         -0.000000000000010984          0.000000000000178461
         -0.394204914810132645          0.511610525223081924
          0.000000000000474714         -0.000000000000750615
          0.742283634502355127          0.000000000000000000
         -0.000000000000398713          0.000000000000444242
         -0.168682026477922270          0.042784367872262169
          0.000000000000225429         -0.000000000000093106
          0.039043922650830995         -0.004806239916026425
         -0.000000000000015261          0.000000000000021047
         -0.006203524877407886          0.001058296784842379
         -0.000000000000018883         -0.000000000000002054
          0.000930181469081768         -0.000141989850855758
          0.000000000000000467         -0.000000000000000147
         -0.000124953123721432          0.000019954077440920
          0.000000000000001295         -0.000000000000001239
          0.000015929882825236         -0.000002498445461407
          0.000000000000001016          0.000000000000000321
         -0.000001929008718208          0.000000304646807926
         -0.000000000000000144         -0.000000000000000372
          0.000000225352950059         -0.000000035492707235
         -0.000000000000000066          0.000000000000000343
         -0.000000025526605413          0.000000004024681973
         -0.000000000000000016         -0.000000000000000169
          0.000000002820865481         -0.000000000444569503
          0.000000000000000020          0.000000000000000015
         -0.000000000305233159          0.000000000048112781
          0.000000000000000001          0.000000000000000012
          0.000000000032445214         -0.000000000005113871
          0.000000000000000000          0.000000000000000016
         -0.000000000003396153          0.000000000000535283
          0.000000000000000034          0.000000000000000000
          0.000000000000350715         -0.000000000000055305
          0.000000000000000132          0.000000000000000035
         -0.000000000000035759          0.000000000000005585
         -0.000000000000000002          0.000000000000000005
          0.000000000000003735         -0.000000000000000542
          0.000000000000000000          0.000000000000000001
         -0.000000000000000413          0.000000000000000051
          0.000000000000000000          0.000000000000000000
          0.000000000000000053         -0.000000000000000003
          0.000000000000000000          0.000000000000000000
          0.000000000000000007         -0.000000000000000016
          0.000000000000000000          0.000000000000000000
         -0.000000000000000050          0.000000000000000012
          0.000000000000000000          0.000000000000000000
         -0.000000000000000037          0.000000000000000007
          0.000000000000000000          0.000000000000000000
         -0.000000000000000022          0.000000000000000011
          0.000000000000000000          0.000000000000000000
          0.000000000000000002          0.000000000000000004
          0.000000000000000000          0.000000000000000000
          0.000000000000000000          0.000000000000000003
          0.000000000000000000          0.000000000000000000
          0.000000000000000007         -0.000000000000000007
          0.000000000000000000          0.000000000000000000
         -0.000000000000000006          0.000000000000000001
          0.000000000000000000          0.000000000000000000
         -0.000000000000000002         -0.000000000000000014
          0.000000000000000000          0.000000000000000000
         -0.000000000000000026          0.000000000000000036
          0.000000000000000000          0.000000000000000000
          0.000000000000000000          0.000000000000000000
          0.000000000000000000          0.000000000000000000
          0.000000000000000000          0.000000000000000000
          0.000000000000000421          0.000000000000000271
         -0.000002867346988715         -0.000003721324274644
         -0.000000000000000267         -0.000000000000000103
          0.000010798364753369         -0.000000000001171060
          0.000000000000000205          0.000000000000000051
         -0.000003680850186108         -0.000000933607381135
         -0.000000000000000034         -0.000000000000000010
          0.000001135982131424          0.000000139837335158
          0.000000000000000008          0.000000000000000002
         -0.000000225614275429         -0.000000038488887148
         -0.000000000000000001          0.000000000000000000
          0.000000040595411021          0.000000006196784113
          0.000000000000000001          0.000000000000000000
         -0.000000006362143492         -0.000000001015990054
          0.000000000000000000          0.000000000000000000
          0.000000000926960113          0.000000000145386669
          0.000000000000000000          0.000000000000000000
         -0.000000000126280208         -0.000000000019943203
          0.000000000000000000          0.000000000000000000
          0.000000000016393566          0.000000000002583519
          0.000000000000000000          0.000000000000000000
         -0.000000000002042550         -0.000000000000322251
          0.000000000000000000          0.000000000000000000
          0.000000000000246572          0.000000000000038859
          0.000000000000000000          0.000000000000000000
         -0.000000000000028572         -0.000000000000004303
          0.000000000000000000          0.000000000000000000
          0.000000000000003656          0.000000000000000717
          0.000000000000000000          0.000000000000000000
         -0.000000000000000233         -0.000000000000000187
          0.000000000000000000          0.000000000000000000
          0.000000000000000128          0.000000000000000143
          0.000000000000000010         -0.000000000000000003
         -0.000000000000000010         -0.000000000000000062
          0.000000000000000002          0.000000000000000005
         -0.000000000000000032          0.000000000000000027
          0.000000000000000000          0.000000000000000000
          0.000000000000000026          0.000000000000000057
          0.000000000000000000          0.000000000000000000
          0.000000000000000003         -0.000000000000000019
          0.000000000000000000          0.000000000000000000
          0.000000000000000049          0.000000000000000030
          0.000000000000000000          0.000000000000000000
          0.000000000000000179          0.000000000000000057
          0.000000000000000000          0.000000000000000000
         -0.000000000000000113         -0.000000000000000026
          0.000000000000000000          0.000000000000000000
         -0.000000000000000017          0.000000000000000002
          0.000000000000000000          0.000000000000000000
         -0.000000000000000010          0.000000000000000018
          0.000000000000000000          0.000000000000000000
          0.000000000000000000         -0.000000000000000011
          0.000000000000000000          0.000000000000000000
         -0.000000000000000002         -0.000000000000000002
          0.000000000000000000          0.000000000000000000
          0.000000000000000006          0.000000000000000001
          0.000000000000000000          0.000000000000000000
         -0.000000000000000001          0.000000000000000006
          0.000000000000000000          0.000000000000000000
          0.000000000000000010          0.000000000000000014
          0.000000000000000000          0.000000000000000000
          0.000000000000000000          0.000000000000000000
          0.000000000000000000          0.000000000000000000
          0.000000000000000000          0.000000000000000000
         -0.000000000000010861         -0.000000000000178441
         -0.394204914810133145         -0.511610525223081813
          0.000000000000473830          0.000000000000751374
          0.742283634502355238          0.000000000000000000
         -0.000000000000398366         -0.000000000000444425
         -0.168682026477922187         -0.042784367872262238
          0.000000000000225345          0.000000000000093172
          0.039043922650831023          0.004806239916026420
         -0.000000000000015246         -0.000000000000021056
         -0.006203524877407890         -0.001058296784842378
         -0.000000000000018885          0.000000000000002056
          0.000930181469081769          0.000141989850855757
          0.000000000000000467          0.000000000000000146
         -0.000124953123721431         -0.000019954077440920
          0.000000000000001295          0.000000000000001239
          0.000015929882825236          0.000002498445461407
          0.000000000000001016         -0.000000000000000321
         -0.000001929008718208         -0.000000304646807926
         -0.000000000000000144          0.000000000000000372
          0.000000225352950059          0.000000035492707235
         -0.000000000000000066         -0.000000000000000343
         -0.000000025526605413         -0.000000004024681973
         -0.000000000000000016          0.000000000000000169
          0.000000002820865481          0.000000000444569503
          0.000000000000000020         -0.000000000000000015
         -0.000000000305233159         -0.000000000048112781
          0.000000000000000001         -0.000000000000000012
          0.000000000032445214          0.000000000005113871
          0.000000000000000000         -0.000000000000000016
         -0.000000000003396153         -0.000000000000535283
          0.000000000000000034          0.000000000000000000
          0.000000000000350715          0.000000000000055305
          0.000000000000000132         -0.000000000000000035
         -0.000000000000035759         -0.000000000000005585
         -0.000000000000000002         -0.000000000000000005
          0.000000000000003735          0.000000000000000542
          0.000000000000000000         -0.000000000000000001
         -0.000000000000000413         -0.000000000000000051
          0.000000000000000000          0.000000000000000000
          0.000000000000000053          0.000000000000000003
          0.000000000000000000          0.000000000000000000
          0.000000000000000007          0.000000000000000016
          0.000000000000000000          0.000000000000000000
         -0.000000000000000050         -0.000000000000000012
          0.000000000000000000          0.000000000000000000
         -0.000000000000000037         -0.000000000000000007
          0.000000000000000000          0.000000000000000000
         -0.000000000000000022         -0.000000000000000011
          0.000000000000000000          0.000000000000000000
          0.000000000000000002         -0.000000000000000004
          0.000000000000000000          0.000000000000000000
          0.000000000000000000         -0.000000000000000003
          0.000000000000000000          0.000000000000000000
          0.000000000000000007          0.000000000000000007
          0.000000000000000000          0.000000000000000000
         -0.000000000000000006         -0.000000000000000001
          0.000000000000000000          0.000000000000000000
         -0.000000000000000002          0.000000000000000014
          0.000000000000000000          0.000000000000000000
         -0.000000000000000026         -0.000000000000000036
          0.000000000000000000          0.000000000000000000
          0.000000000000000000          0.000000000000000000
          0.000000000000000000          0.000000000000000000
          0.000000000000000000          0.000000000000000000
          0.089560162967642312          0.000000000000003379
          0.000000000000023679          0.000000000000000000
         -0.227232378302776816         -0.000000000000001416
          0.000000000000537659          0.000000000000000000
          0.961651622708919795          0.000000000000000000
          0.000000000000398760          0.000000000000000006
         -0.120956108325133566         -0.000000000000000396
         -0.000000000000048659         -0.000000000000000028
          0.030359377449908923          0.000000000000000212
          0.000000000000012750         -0.000000000000000018
         -0.004255859771905407         -0.000000000000000015
         -0.000000000000002934         -0.000000000000000119
          0.000623583249620873         -0.000000000000000001
          0.000000000000000836         -0.000000000000000039
         -0.000080239666188768          0.000000000000000014
         -0.000000000000000360         -0.000000000000000027
          0.000010011022010686          0.000000000000000000
         -0.000000000000000469          0.000000000000000000
         -0.000001186863676428          0.000000000000000000
         -0.000000000000000883          0.000000000000000000
          0.000000136545405218          0.000000000000000000
          0.000000000000001523          0.000000000000000000
         -0.000000015263157130          0.000000000000000000
         -0.000000000000000181          0.000000000000000000
          0.000000001668521733          0.000000000000000000
          0.000000000000000107          0.000000000000000000
         -0.000000000178872492          0.000000000000000000
         -0.000000000000000262          0.000000000000000000
          0.000000000018863122          0.000000000000000000
         -0.000000000000000504          0.000000000000000000
         -0.000000000001960814          0.000000000000000000
          0.000000000000000161          0.000000000000000000
          0.000000000000201264          0.000000000000000000
          0.000000000000000402          0.000000000000000000
         -0.000000000000020334          0.000000000000000000
          0.000000000000000032          0.000000000000000000
          0.000000000000002021          0.000000000000000000
          0.000000000000000121          0.000000000000000000
         -0.000000000000000199          0.000000000000000000
          0.000000000000000009          0.000000000000000000
          0.000000000000000041          0.000000000000000000
          0.000000000000000112          0.000000000000000000
         -0.000000000000000073          0.000000000000000000
          0.000000000000000028          0.000000000000000000
          0.000000000000000004          0.000000000000000000
          0.000000000000000020          0.000000000000000000
         -0.000000000000000007          0.000000000000000000
          0.000000000000000057          0.000000000000000000
          0.000000000000000091          0.000000000000000000
          0.000000000000000102          0.000000000000000000
          0.000000000000000019          0.000000000000000000
          0.000000000000000075          0.000000000000000000
         -0.000000000000000034          0.000000000000000000
         -0.000000000000000082          0.000000000000000000
          0.000000000000000051          0.000000000000000000
         -0.000000000000000031          0.000000000000000000
          0.000000000000000013          0.000000000000000000
         -0.000000000000000103          0.000000000000000000
          0.000000000000000001          0.000000000000000000
          0.000000000000000023          0.000000000000000000
          0.000000000000000055          0.000000000000000000
         -0.000000000000000007          0.000000000000000000
         -0.000000000000000029          0.000000000000000000
          0.000000000000000082          0.000000000000000000
         -0.000000325718726084         -0.000000000000000001
         -0.000000000000000001          0.000000000000000000
          0.000002479244917689          0.000000000000000012
         -0.000000000000000003          0.000000000000000000
         -0.000017487017298619         -0.000000000000000032
          0.000000000000000001         -0.000000000000000001
          0.000003079312881079          0.000000000000000312
          0.000000000000000008          0.000000000000000010
         -0.000000993718436751          0.000000000000000050
          0.000000000000000030          0.000000000000000106
          0.000000170258175381          0.000000000000000224
         -0.000000000000000107         -0.000000000000000137
         -0.000000029482599760         -0.000000000000000120
          0.000000000000000029          0.000000000000000023
          0.000000004377320856          0.000000000000000180
          0.000000000000000076          0.000000000000000035
         -0.000000000618949714         -0.000000000000000037
          0.000000000000000300          0.000000000000000023
          0.000000000082012677          0.000000000000000000
         -0.000000000000000178          0.000000000000000000
         -0.000000000010429280          0.000000000000000000
          0.000000000000000166          0.000000000000000000
          0.000000000001276979          0.000000000000000000
         -0.000000000000000027          0.000000000000000000
         -0.000000000000151487          0.000000000000000000
         -0.000000000000000136          0.000000000000000000
          0.000000000000017567          0.000000000000000000
         -0.000000000000000007          0.000000000000000000
         -0.000000000000002198          0.000000000000000000
         -0.000000000000000114          0.000000000000000000
          0.000000000000000211          0.000000000000000000
          0.000000000000000021          0.000000000000000000
         -0.000000000000000125          0.000000000000000000
          0.000000000000000137          0.000000000000000000
         -0.000000000000000164          0.000000000000000000
          0.000000000000000123          0.000000000000000000
         -0.000000000000000198          0.000000000000000000
         -0.000000000000000027          0.000000000000000000
          0.000000000000000015          0.000000000000000000
          0.000000000000000112          0.000000000000000000
          0.000000000000000043          0.000000000000000000
         -0.000000000000000138          0.000000000000000000
          0.000000000000000072          0.000000000000000000
         -0.000000000000000004          0.000000000000000000
          0.000000000000000018          0.000000000000000000
          0.000000000000000081          0.000000000000000000
          0.000000000000000007          0.000000000000000000
         -0.000000000000000048          0.000000000000000000
          0.000000000000000016          0.000000000000000000
         -0.000000000000000089          0.000000000000000000
          0.000000000000000014          0.000000000000000000
         -0.000000000000000022          0.000000000000000000
         -0.000000000000000053          0.000000000000000000
          0.000000000000000003          0.000000000000000000
         -0.000000000000000086          0.000000000000000000
         -0.000000000000000028          0.000000000000000000
          0.000000000000000073          0.000000000000000000
          0.000000000000000000          0.000000000000000000
         -0.000000000000000086          0.000000000000000000
          0.000000000000000033          0.000000000000000000
         -0.000000000000000019          0.000000000000000000
         -0.000000000000000036          0.000000000000000000
          0.000000000000000002          0.000000000000000000
          0.000000000000000135          0.000000000000000000
          0.000000151538977127         -0.000000000000003810
         -0.000000000000218176          0.000000000000000000
         -0.000002211446597034          0.000000000000003656
          0.000000000000329889         -0.000000000000000001
          0.000017646737146475         -0.000000000000021273
         -0.000000000000511414          0.000000000000000001
         -0.000003064711613143          0.000000000000002611
          0.000000000000048327          0.000000000000000047
          0.000000997161183240         -0.000000000000000666
         -0.000000000000017105          0.000000000000000166
         -0.000000170451532590          0.000000000000000093
          0.000000000000003913          0.000000000000000028
          0.000000029543546504         -0.000000000000000014
          0.000000000000006430          0.000000000000000004
         -0.000000004384694079          0.000000000000000002
         -0.000000000000007407          0.000000000000000011
          0.000000000620084405          0.000000000000000000
         -0.000000000000001950          0.000000000000000000
         -0.000000000082158555          0.000000000000000000
          0.000000000000000479          0.000000000000000000
          0.000000000010447397          0.000000000000000000
         -0.000000000000000442          0.000000000000000000
         -0.000000000001278929          0.000000000000000000
         -0.000000000000001051          0.000000000000000000
          0.000000000000152033          0.000000000000000000
          0.000000000000000991          0.000000000000000000
         -0.000000000000017586          0.000000000000000000
          0.000000000000000526          0.000000000000000000
          0.000000000000001992          0.000000000000000000
         -0.000000000000000460          0.000000000000000000
         -0.000000000000000238          0.000000000000000000
         -0.000000000000000169          0.000000000000000000
          0.000000000000000010          0.000000000000000000
          0.000000000000000651          0.000000000000000000
         -0.000000000000000103          0.000000000000000000
         -0.000000000000000039          0.000000000000000000
         -0.000000000000000011          0.000000000000000000
         -0.000000000000000039          0.000000000000000000
         -0.000000000000000140          0.000000000000000000
         -0.000000000000000019          0.000000000000000000
          0.000000000000000057          0.000000000000000000
          0.000000000000000195          0.000000000000000000
          0.000000000000000384          0.000000000000000000
         -0.000000000000000227          0.000000000000000000
         -0.000000000000000010          0.000000000000000000
          0.000000000000000215          0.000000000000000000
         -0.000000000000000019          0.000000000000000000
         -0.000000000000000127          0.000000000000000000
         -0.000000000000000077          0.000000000000000000
         -0.000000000000000091          0.000000000000000000
         -0.000000000000000049          0.000000000000000000
          0.000000000000000001          0.000000000000000000
         -0.000000000000000021          0.000000000000000000
          0.000000000000000010          0.000000000000000000
          0.000000000000000018          0.000000000000000000
         -0.000000000000000004          0.000000000000000000
          0.000000000000000004          0.000000000000000000
         -0.000000000000000074          0.000000000000000000
          0.000000000000000003          0.000000000000000000
          0.000000000000000039          0.000000000000000000
          0.000000000000000001          0.000000000000000000
         -0.000000000000000126          0.000000000000000000
          0.000000000000000002          0.000000000000000000
          0.000000000000000060          0.000000000000000000
          0.041667138658783305          0.000000000000000458
          0.000000000000289011          0.000000000000000000
         -0.202687436421398803         -0.000000000000004774
          0.000000000000339611          0.000000000000000007
          0.970434469907372366          0.000000000000000000
         -0.000000000000083592         -0.000000000000000028
         -0.120382526408198243         -0.000000000000000611
          0.000000000000019248          0.000000000000000326
          0.030464549445599301         -0.000000000000000059
         -0.000000000000005261         -0.000000000000000119
         -0.004260692081558885          0.000000000000000038
          0.000000000000002803          0.000000000000000246
          0.000624872211962532          0.000000000000000001
          0.000000000000000026         -0.000000000000000061
         -0.000080374814588152          0.000000000000000002
          0.000000000000000341         -0.000000000000000061
          0.000010029374302357          0.000000000000000000
          0.000000000000000175          0.000000000000000000
         -0.000001188971568127          0.000000000000000000
          0.000000000000000073          0.000000000000000000
          0.000000136791032611          0.000000000000000000
          0.000000000000000087          0.000000000000000000
         -0.000000015290480826          0.000000000000000000
         -0.000000000000000020          0.000000000000000000
          0.000000001671513657          0.000000000000000000
         -0.000000000000000034          0.000000000000000000
         -0.000000000179193264          0.000000000000000000
          0.000000000000000002          0.000000000000000000
          0.000000000018896171          0.000000000000000000
         -0.000000000000000104          0.000000000000000000
         -0.000000000001964013          0.000000000000000000
          0.000000000000000096          0.000000000000000000
          0.000000000000201681          0.000000000000000000
         -0.000000000000000038          0.000000000000000000
         -0.000000000000020472          0.000000000000000000
         -0.000000000000000004          0.000000000000000000
          0.000000000000001980          0.000000000000000000
         -0.000000000000000061          0.000000000000000000
         -0.000000000000000124          0.000000000000000000
          0.000000000000000023          0.000000000000000000
          0.000000000000000065          0.000000000000000000
          0.000000000000000001          0.000000000000000000
         -0.000000000000000155          0.000000000000000000
          0.000000000000000130          0.000000000000000000
          0.000000000000000002          0.000000000000000000
         -0.000000000000000077          0.000000000000000000
          0.000000000000000005          0.000000000000000000
          0.000000000000000099          0.000000000000000000
          0.000000000000000041          0.000000000000000000
         -0.000000000000000056          0.000000000000000000
         -0.000000000000000050          0.000000000000000000
          0.000000000000000081          0.000000000000000000
         -0.000000000000000015          0.000000000000000000
          0.000000000000000009          0.000000000000000000
         -0.000000000000000005          0.000000000000000000
         -0.000000000000000026          0.000000000000000000
         -0.000000000000000013          0.000000000000000000
          0.000000000000000035          0.000000000000000000
          0.000000000000000015          0.000000000000000000
         -0.000000000000000010          0.000000000000000000
         -0.000000000000000009          0.000000000000000000
          0.000000000000000190          0.000000000000000000
          0.000000000000000007          0.000000000000000000
          0.000000000000000005          0.000000000000000000
          0.000000000000000035          0.000000000000000059
          0.000000319093319201         -0.000000000000001245
          0.000000000000000043         -0.000000000000000081
         -0.000001787278516682          0.000000000000003520
          0.000000000000000006         -0.000000000000000051
          0.000021556439471398         -0.000000000000028826
         -0.000000000000000010         -0.000000000000000004
         -0.000002372914384013          0.000000000000002381
         -0.000000000000000002         -0.000000000000000001
          0.000000778914714567         -0.000000000000000625
          0.000000000000000000          0.000000000000000000
         -0.000000121227664758          0.000000000000000081
          0.000000000000000000          0.000000000000000000
          0.000000020193423917         -0.000000000000000012
          0.000000000000000000          0.000000000000000000
         -0.000000002868642656          0.000000000000000001
          0.000000000000000000          0.000000000000000000
          0.000000000394484259          0.000000000000000000
          0.000000000000000000          0.000000000000000000
         -0.000000000051013281          0.000000000000000000
          0.000000000000000000          0.000000000000000000
          0.000000000006365043          0.000000000000000000
          0.000000000000000000          0.000000000000000000
         -0.000000000000766820          0.000000000000000000
          0.000000000000000000          0.000000000000000000
          0.000000000000089986          0.000000000000000000
          0.000000000000000000          0.000000000000000000
         -0.000000000000010188          0.000000000000000000
          0.000000000000000000          0.000000000000000000
          0.000000000000001287          0.000000000000000000
          0.000000000000000000          0.000000000000000000
         -0.000000000000000148          0.000000000000000000
          0.000000000000000008          0.000000000000000000
          0.000000000000000053          0.000000000000000000
         -0.000000000000000003          0.000000000000000000
          0.000000000000000126          0.000000000000000000
          0.000000000000000000          0.000000000000000000
         -0.000000000000000010          0.000000000000000000
          0.000000000000000000          0.000000000000000000
          0.000000000000000043          0.000000000000000000
          0.000000000000000000          0.000000000000000000
         -0.000000000000000146          0.000000000000000000
          0.000000000000000000          0.000000000000000000
         -0.000000000000000156          0.000000000000000000
          0.000000000000000000          0.000000000000000000
          0.000000000000000010          0.000000000000000000
          0.000000000000000000          0.000000000000000000
         -0.000000000000000050          0.000000000000000000
          0.000000000000000000          0.000000000000000000
          0.000000000000000080          0.000000000000000000
          0.000000000000000000          0.000000000000000000
         -0.000000000000000051          0.000000000000000000
          0.000000000000000000          0.000000000000000000
          0.000000000000000007          0.000000000000000000
          0.000000000000000000          0.000000000000000000
          0.000000000000000018          0.000000000000000000
          0.000000000000000000          0.000000000000000000
         -0.000000000000000038          0.000000000000000000
          0.000000000000000000          0.000000000000000000
         -0.000000000000000002          0.000000000000000000
          0.000000000000000000          0.000000000000000000
          0.000000000000000000          0.000000000000000000
          0.000000000000000000          0.000000000000000000
          0.000000000000000000          0.000000000000000000
          0.000000000000003596         -0.000000000000000010
          0.043868362946095085          0.000000000000000002
         -0.000000000000075712         -0.000000000000000143
         -0.122856887224232339         -0.000000000000000021
          0.000000000000089161          0.000000000000000012
          0.987858100951669593          0.000000000000000000
         -0.000000000000475366         -0.000000000000000016
         -0.081557081891211136         -0.000000000000000024
          0.000000000000047024          0.000000000000000001
          0.021417066181283986         -0.000000000000000005
          0.000000000000013437          0.000000000000000000
         -0.002777735596417351          0.000000000000000000
         -0.000000000000002366          0.000000000000000000
          0.000396599789015764          0.000000000000000000
          0.000000000000002512          0.000000000000000000
         -0.000049297709591520          0.000000000000000000
         -0.000000000000002649          0.000000000000000000
          0.000006025935014814          0.000000000000000000
         -0.000000000000000380          0.000000000000000000
         -0.000000701323306695          0.000000000000000000
          0.000000000000001105          0.000000000000000000
          0.000000079557575391          0.000000000000000000
          0.000000000000000009          0.000000000000000000
         -0.000000008786635917          0.000000000000000000
         -0.000000000000000018          0.000000000000000000
          0.000000000950978845          0.000000000000000000
         -0.000000000000000017          0.000000000000000000
         -0.000000000101076823          0.000000000000000000
         -0.000000000000000036          0.000000000000000000
          0.000000000010580485          0.000000000000000000
         -0.000000000000000052          0.000000000000000000
         -0.000000000001092877          0.000000000000000000
          0.000000000000000103          0.000000000000000000
          0.000000000000111586          0.000000000000000000
          0.000000000000000004          0.000000000000000000
         -0.000000000000011365          0.000000000000000000
          0.000000000000000000          0.000000000000000000
          0.000000000000001185          0.000000000000000000
          0.000000000000000000          0.000000000000000000
         -0.000000000000000190          0.000000000000000000
          0.000000000000000000          0.000000000000000000
          0.000000000000000009          0.000000000000000000
          0.000000000000000000          0.000000000000000000
          0.000000000000000104          0.000000000000000000
          0.000000000000000000          0.000000000000000000
          0.000000000000000058          0.000000000000000000
          0.000000000000000000          0.000000000000000000
         -0.000000000000000087          0.000000000000000000
          0.000000000000000000          0.000000000000000000
         -0.000000000000000020          0.000000000000000000
          0.000000000000000000          0.000000000000000000
         -0.000000000000000013          0.000000000000000000
          0.000000000000000000          0.000000000000000000
         -0.000000000000000030          0.000000000000000000
          0.000000000000000000          0.000000000000000000
         -0.000000000000000018          0.000000000000000000
          0.000000000000000000          0.000000000000000000
         -0.000000000000000092          0.000000000000000000
          0.000000000000000000          0.000000000000000000
          0.000000000000000006          0.000000000000000000
          0.000000000000000000          0.000000000000000000
          0.000000000000000000          0.000000000000000000
          0.000000000000000000          0.000000000000000000
          0.000000000000000000          0.000000000000000000
