   2.9300000000000002   0.3003379165811158
   2.9310000000000000   0.3012629994403615
   2.9319999999999999   0.3021795883170378
   2.9329999999999998   0.3030890200730666
   2.9339999999999997   0.3039913218083392
   2.9349999999999996   0.3048865290667735
   2.9359999999999995   0.3057746769618390
   2.9369999999999994   0.3066558002475900
   2.9379999999999993   0.3075299333285688
   2.9389999999999992   0.3083971102689749
   2.9399999999999991   0.3092573648023093
   2.9409999999999989   0.3101107303403107
   2.9419999999999988   0.3109572399815022
   2.9429999999999987   0.3117969265196552
   2.9439999999999986   0.3126298224518165
   2.9449999999999985   0.3134559599859208
   2.9459999999999984   0.3142753710488052
   2.9469999999999983   0.3150880872930175
   2.9479999999999982   0.3158941401040952
   2.9489999999999981   0.3166935606071514
   2.9499999999999980   0.3174863796737646
   2.9509999999999978   0.3182726279281490
   2.9519999999999977   0.3190523357532121
   2.9529999999999976   0.3198255332967103
   2.9539999999999975   0.3205922504771040
   2.9549999999999974   0.3213525169886853
   2.9559999999999973   0.3221063623076393
   2.9569999999999972   0.3228538156965642
   2.9579999999999971   0.3235949062102829
   2.9589999999999970   0.3243296627001075
   2.9599999999999969   0.3250581138190066
   2.9609999999999967   0.3257802880262677
   2.9619999999999966   0.3264962135916241
   2.9629999999999965   0.3272059185998959
   2.9639999999999964   0.3279094309552683
   2.9649999999999963   0.3286067783849919
   2.9659999999999962   0.3292979884438954
   2.9669999999999961   0.3299830885178077
   2.9679999999999960   0.3306621058274417
   2.9689999999999959   0.3313350674321600
   2.9699999999999958   0.3320020002334403
   2.9709999999999956   0.3326629309779979
   2.9719999999999955   0.3333178862616847
   2.9729999999999954   0.3339668925323341
   2.9739999999999953   0.3346099760928520
   2.9749999999999952   0.3352471631045897
   2.9759999999999951   0.3358784795901268
   2.9769999999999950   0.3365039514361757
   2.9779999999999949   0.3371236043964078
   2.9789999999999948   0.3377374640942111
   2.9799999999999947   0.3383455560251952
   2.9809999999999945   0.3389479055601279
   2.9819999999999944   0.3395445379469791
   2.9829999999999943   0.3401354783138801
   2.9839999999999942   0.3407207516709927
   2.9849999999999941   0.3413003829132524
   2.9859999999999940   0.3418743968224163
   2.9869999999999939   0.3424428180693044
   2.9879999999999938   0.3430056712158565
   2.9889999999999937   0.3435629807173598
   2.9899999999999936   0.3441147709243059
   2.9909999999999934   0.3446610660846555
   2.9919999999999933   0.3452018903454098
   2.9929999999999932   0.3457372677546200
   2.9939999999999931   0.3462672222633829
   2.9949999999999930   0.3467917777272331
   2.9959999999999929   0.3473109579083699
   2.9969999999999928   0.3478247864768486
   2.9979999999999927   0.3483332870124643
   2.9989999999999926   0.3488364830065161
   2.9999999999999925   0.3493343978629626
   3.0009999999999923   0.3498270549003375
   3.0019999999999922   0.3503144773528588
   3.0029999999999921   0.3507966883720890
   3.0039999999999920   0.3512737110284483
   3.0049999999999919   0.3517455683122446
   3.0059999999999918   0.3522122831353487
   3.0069999999999917   0.3526738783323327
   3.0079999999999916   0.3531303766616098
   3.0089999999999915   0.3535818008066938
   3.0099999999999913   0.3540281733779573
   3.0109999999999912   0.3544695169126875
   3.0119999999999911   0.3549058538774750
   3.0129999999999910   0.3553372066683717
   3.0139999999999909   0.3557635976123553
   3.0149999999999908   0.3561850489684246
   3.0159999999999907   0.3566015829285024
   3.0169999999999906   0.3570132216185401
   3.0179999999999905   0.3574199870993130
   3.0189999999999904   0.3578219013673978
   3.0199999999999902   0.3582189863564434
   3.0209999999999901   0.3586112639375569
   3.0219999999999900   0.3589987559204699
   3.0229999999999899   0.3593814840543612
   3.0239999999999898   0.3597594700287577
   3.0249999999999897   0.3601327354737313
   3.0259999999999896   0.3605013019619898
   3.0269999999999895   0.3608651910080188
   3.0279999999999894   0.3612244240701689
   3.0289999999999893   0.3615790225505121
   3.0299999999999891   0.3619290077961445
   3.0309999999999890   0.3622744010993648
   3.0319999999999889   0.3626152236985805
   3.0329999999999888   0.3629514967790801
   3.0339999999999887   0.3632832414732564
   3.0349999999999886   0.3636104788616911
   3.0359999999999885   0.3639332299733794
   3.0369999999999884   0.3642515157864514
   3.0379999999999883   0.3645653572286728
   3.0389999999999882   0.3648747751780073
   3.0399999999999880   0.3651797904634316
   3.0409999999999879   0.3654804238645842
   3.0419999999999878   0.3657766961133732
   3.0429999999999877   0.3660686278935911
   3.0439999999999876   0.3663562398418838
   3.0449999999999875   0.3666395525477901
   3.0459999999999874   0.3669185865545590
   3.0469999999999873   0.3671933623592669
   3.0479999999999872   0.3674639004135529
   3.0489999999999871   0.3677302211236311
   3.0499999999999869   0.3679923448507855
   3.0509999999999868   0.3682502919119954
   3.0519999999999867   0.3685040825799597
   3.0529999999999866   0.3687537370835146
   3.0539999999999865   0.3689992756082282
   3.0549999999999864   0.3692407182961912
   3.0559999999999863   0.3694780852468830
   3.0569999999999862   0.3697113965171805
   3.0579999999999861   0.3699406721213960
   3.0589999999999860   0.3701659320321616
   3.0599999999999858   0.3703871961803637
   3.0609999999999857   0.3706044844549157
   3.0619999999999856   0.3708178167040090
   3.0629999999999855   0.3710272127345473
   3.0639999999999854   0.3712326923125967
   3.0649999999999853   0.3714342751636012
   3.0659999999999852   0.3716319809727338
   3.0669999999999851   0.3718258293848209
   3.0679999999999850   0.3720158400047474
   3.0689999999999849   0.3722020323974394
   3.0699999999999847   0.3723844260883773
   3.0709999999999846   0.3725630405630077
   3.0719999999999845   0.3727378952680718
   3.0729999999999844   0.3729090096104155
   3.0739999999999843   0.3730764029581397
   3.0749999999999842   0.3732400946403306
   3.0759999999999841   0.3734001039470863
   3.0769999999999840   0.3735564501298911
   3.0779999999999839   0.3737091524014586
   3.0789999999999837   0.3738582299359454
   3.0799999999999836   0.3740037018691531
   3.0809999999999835   0.3741455872982976
   3.0819999999999834   0.3742839052825926
   3.0829999999999833   0.3744186748427276
   3.0839999999999832   0.3745499149613051
   3.0849999999999831   0.3746776445829704
   3.0859999999999830   0.3748018826139426
   3.0869999999999829   0.3749226479227986
   3.0879999999999828   0.3750399593399762
   3.0889999999999826   0.3751538356579510
   3.0899999999999825   0.3752642956312120
   3.0909999999999824   0.3753713579766524
   3.0919999999999823   0.3754750413730477
   3.0929999999999822   0.3755753644611701
   3.0939999999999821   0.3756723458444822
   3.0949999999999820   0.3757660040881340
   3.0959999999999819   0.3758563577194166
   3.0969999999999818   0.3759434252282663
   3.0979999999999817   0.3760272250662531
   3.0989999999999815   0.3761077756474069
   3.0999999999999814   0.3761850953477313
   3.1009999999999813   0.3762592025053089
   3.1019999999999812   0.3763301154205071
   3.1029999999999811   0.3763978523555245
   3.1039999999999810   0.3764624315347666
   3.1049999999999809   0.3765238711445020
   3.1059999999999808   0.3765821893329966
   3.1069999999999807   0.3766374042105212
   3.1079999999999806   0.3766895338490754
   3.1089999999999804   0.3767385962826433
   3.1099999999999803   0.3767846095068475
   3.1109999999999802   0.3768275914791864
   3.1119999999999801   0.3768675601187108
   3.1129999999999800   0.3769045333062163
   3.1139999999999799   0.3769385288840248
   3.1149999999999798   0.3769695646559197
   3.1159999999999797   0.3769976583871124
   3.1169999999999796   0.3770228278042311
   3.1179999999999795   0.3770450905954372
   3.1189999999999793   0.3770644644097588
   3.1199999999999792   0.3770809668576187
   3.1209999999999791   0.3770946155104826
   3.1219999999999790   0.3771054279010910
   3.1229999999999789   0.3771134215227540
   3.1239999999999788   0.3771186138299876
   3.1249999999999787   0.3771210222378234
   3.1259999999999786   0.3771206641225158
   3.1269999999999785   0.3771175568203653
   3.1279999999999784   0.3771117176286790
   3.1289999999999782   0.3771031638051756
   3.1299999999999781   0.3770919125679910
   3.1309999999999780   0.3770779810954153
   3.1319999999999779   0.3770613865263614
   3.1329999999999778   0.3770421459594662
   3.1339999999999777   0.3770202764539217
   3.1349999999999776   0.3769957950287151
   3.1359999999999775   0.3769687186624993
   3.1369999999999774   0.3769390642942382
   3.1379999999999773   0.3769068488223537
   3.1389999999999771   0.3768720891050741
   3.1399999999999770   0.3768348019601779
   3.1409999999999769   0.3767950041649057
   3.1419999999999768   0.3767527124559915
   3.1429999999999767   0.3767079435294387
   3.1439999999999766   0.3766607140407853
   3.1449999999999765   0.3766110406041518
   3.1459999999999764   0.3765589397934526
   3.1469999999999763   0.3765044281411775
   3.1479999999999762   0.3764475221388915
   3.1489999999999760   0.3763882382368846
   3.1499999999999759   0.3763265928445201
   3.1509999999999758   0.3762626023296168
   3.1519999999999757   0.3761962830186527
   3.1529999999999756   0.3761276511965118
   3.1539999999999755   0.3760567231070961
   3.1549999999999754   0.3759835149519196
   3.1559999999999753   0.3759080428914924
   3.1569999999999752   0.3758303230442013
   3.1579999999999750   0.3757503714866586
   3.1589999999999749   0.3756682042536703
   3.1599999999999748   0.3755838373380179
   3.1609999999999747   0.3754972866905059
   3.1619999999999746   0.3754085682199104
   3.1629999999999745   0.3753176977926467
   3.1639999999999744   0.3752246912329945
   3.1649999999999743   0.3751295643231054
   3.1659999999999742   0.3750323328024421
   3.1669999999999741   0.3749330123685867
   3.1679999999999739   0.3748316186761149
   3.1689999999999738   0.3747281673374626
   3.1699999999999737   0.3746226739222506
   3.1709999999999736   0.3745151539576269
   3.1719999999999735   0.3744056229280833
   3.1729999999999734   0.3742940962753284
   3.1739999999999733   0.3741805893982890
   3.1749999999999732   0.3740651176531182
   3.1759999999999731   0.3739476963530577
   3.1769999999999730   0.3738283407687180
   3.1779999999999728   0.3737070661272773
   3.1789999999999727   0.3735838876133964
   3.1799999999999726   0.3734588203686338
   3.1809999999999725   0.3733318794912454
   3.1819999999999724   0.3732030800367176
   3.1829999999999723   0.3730724370173688
   3.1839999999999722   0.3729399654024081
   3.1849999999999721   0.3728056801176021
   3.1859999999999720   0.3726695960460251
   3.1869999999999719   0.3725317280271823
   3.1879999999999717   0.3723920908575237
   3.1889999999999716   0.3722506992903374
   3.1899999999999715   0.3721075680355613
   3.1909999999999714   0.3719627117599393
   3.1919999999999713   0.3718161450867116
   3.1929999999999712   0.3716678825962485
   3.1939999999999711   0.3715179388254063
   3.1949999999999710   0.3713663282677515
   3.1959999999999709   0.3712130653737122
   3.1969999999999708   0.3710581645502646
   3.1979999999999706   0.3709016401613692
   3.1989999999999705   0.3707435065274251
   3.1999999999999704   0.3705837779256268
   3.2009999999999703   0.3704224685901828
   3.2019999999999702   0.3702595927118223
   3.2029999999999701   0.3700951644379931
   3.2039999999999700   0.3699291978733849
   3.2049999999999699   0.3697617070788928
   3.2059999999999698   0.3695927060726538
   3.2069999999999697   0.3694222088296281
   3.2079999999999695   0.3692502292815154
   3.2089999999999694   0.3690767813171946
   3.2099999999999693   0.3689018787823893
   3.2109999999999692   0.3687255354795007
   3.2119999999999691   0.3685477651686420
   3.2129999999999690   0.3683685815662839
   3.2139999999999689   0.3681879983464771
   3.2149999999999688   0.3680060291401527
   3.2159999999999687   0.3678226875357251
   3.2169999999999686   0.3676379870786382
   3.2179999999999684   0.3674519412715928
   3.2189999999999683   0.3672645635747497
   3.2199999999999682   0.3670758674057446
   3.2209999999999681   0.3668858661397396
   3.2219999999999680   0.3666945731089486
   3.2229999999999679   0.3665020016036574
   3.2239999999999678   0.3663081648716348
   3.2249999999999677   0.3661130761185282
   3.2259999999999676   0.3659167485074621
   3.2269999999999675   0.3657191951595312
   3.2279999999999673   0.3655204291539574
   3.2289999999999672   0.3653204635278128
   3.2299999999999671   0.3651193112760907
   3.2309999999999670   0.3649169853524057
   3.2319999999999669   0.3647134986679919
   3.2329999999999668   0.3645088640930963
   3.2339999999999667   0.3643030944557439
   3.2349999999999666   0.3640962025430766
   3.2359999999999665   0.3638882011002242
   3.2369999999999663   0.3636791028315027
   3.2379999999999662   0.3634689203996426
   3.2389999999999661   0.3632576664265740
   3.2399999999999660   0.3630453534929393
   3.2409999999999659   0.3628319941386681
   3.2419999999999658   0.3626176008627306
   3.2429999999999657   0.3624021861233705
   3.2439999999999656   0.3621857623383184
   3.2449999999999655   0.3619683418848281
   3.2459999999999654   0.3617499370997052
   3.2469999999999652   0.3615305602793986
   3.2479999999999651   0.3613102236803138
   3.2489999999999650   0.3610889395188339
   3.2499999999999649   0.3608667199713611
   3.2509999999999648   0.3606435771744627
   3.2519999999999647   0.3604195232250781
   3.2529999999999646   0.3601945701804789
   3.2539999999999645   0.3599687300586719
   3.2549999999999644   0.3597420148382063
   3.2559999999999643   0.3595144364585783
   3.2569999999999641   0.3592860068200745
   3.2579999999999640   0.3590567377841523
   3.2589999999999639   0.3588266411736361
   3.2599999999999638   0.3585957287723229
   3.2609999999999637   0.3583640123258050
   3.2619999999999636   0.3581315035412101
   3.2629999999999635   0.3578982140875791
   3.2639999999999634   0.3576641555954705
   3.2649999999999633   0.3574293396577294
   3.2659999999999632   0.3571937778294828
   3.2669999999999630   0.3569574816281374
   3.2679999999999629   0.3567204625334422
   3.2689999999999628   0.3564827319879256
   3.2699999999999627   0.3562443013969362
   3.2709999999999626   0.3560051821285384
   3.2719999999999625   0.3557653855139522
   3.2729999999999624   0.3555249228477804
   3.2739999999999623   0.3552838053878994
   3.2749999999999622   0.3550420443557871
   3.2759999999999621   0.3547996509364763
   3.2769999999999619   0.3545566362791579
   3.2779999999999618   0.3543130114967211
   3.2789999999999617   0.3540687876662743
   3.2799999999999616   0.3538239758294702
   3.2809999999999615   0.3535785869923678
   3.2819999999999614   0.3533326321256747
   3.2829999999999613   0.3530861221647772
   3.2839999999999612   0.3528390680103154
   3.2849999999999611   0.3525914805279928
   3.2859999999999610   0.3523433705486518
   3.2869999999999608   0.3520947488689394
   3.2879999999999607   0.3518456262507986
   3.2889999999999606   0.3515960134223605
   3.2899999999999605   0.3513459210775151
   3.2909999999999604   0.3510953598764074
   3.2919999999999603   0.3508443404455004
   3.2929999999999602   0.3505928733776975
   3.2939999999999601   0.3503409692326808
   3.2949999999999600   0.3500886385369394
   3.2959999999999599   0.3498358917840539
   3.2969999999999597   0.3495827394344218
   3.2979999999999596   0.3493291919164554
   3.2989999999999595   0.3490752596254815
   3.2999999999999594   0.3488209529250438
   3.3009999999999593   0.3485662821461528
   3.3019999999999592   0.3483112575881655
   3.3029999999999591   0.3480558895185626
   3.3039999999999590   0.3478001881731764
   3.3049999999999589   0.3475441637566243
   3.3059999999999587   0.3472878264420695
   3.3069999999999586   0.3470311863716419
   3.3079999999999585   0.3467742536567464
   3.3089999999999584   0.3465170383779348
   3.3099999999999583   0.3462595505852412
   3.3109999999999582   0.3460018002983016
   3.3119999999999581   0.3457437975065864
   3.3129999999999580   0.3454855521695060
   3.3139999999999579   0.3452270742166927
   3.3149999999999578   0.3449683735482432
   3.3159999999999576   0.3447094600343711
   3.3169999999999575   0.3444503435164538
   3.3179999999999574   0.3441910338061418
   3.3189999999999573   0.3439315406866376
   3.3199999999999572   0.3436718739121081
   3.3209999999999571   0.3434120432079973
   3.3219999999999570   0.3431520582714500
   3.3229999999999569   0.3428919287711156
   3.3239999999999568   0.3426316643479111
   3.3249999999999567   0.3423712746143123
   3.3259999999999565   0.3421107691553369
   3.3269999999999564   0.3418501575281380
   3.3279999999999563   0.3415894492625881
   3.3289999999999562   0.3413286538612156
   3.3299999999999561   0.3410677807993333
   3.3309999999999560   0.3408068395255482
   3.3319999999999559   0.3405458394613481
   3.3329999999999558   0.3402847900017466
   3.3339999999999557   0.3400237005151581
   3.3349999999999556   0.3397625803438404
   3.3359999999999554   0.3395014388038232
   3.3369999999999553   0.3392402851849249
   3.3379999999999552   0.3389791287514342
   3.3389999999999551   0.3387179787417521
   3.3399999999999550   0.3384568443687144
   3.3409999999999549   0.3381957348197899
   3.3419999999999548   0.3379346592571199
   3.3429999999999547   0.3376736268179979
   3.3439999999999546   0.3374126466144555
   3.3449999999999545   0.3371517277337421
   3.3459999999999543   0.3368908792387201
   3.3469999999999542   0.3366301101673160
   3.3479999999999541   0.3363694295333323
   3.3489999999999540   0.3361088463262980
   3.3499999999999539   0.3358483695113851
   3.3509999999999538   0.3355880080301088
   3.3519999999999537   0.3353277707998046
   3.3529999999999536   0.3350676667143445
   3.3539999999999535   0.3348077046436313
   3.3549999999999534   0.3345478934346534
   3.3559999999999532   0.3342882419103824
   3.3569999999999531   0.3340287588709567
   3.3579999999999530   0.3337694530933129
   3.3589999999999529   0.3335103333311993
   3.3599999999999528   0.3332514083157547
   3.3609999999999527   0.3329926867550246
   3.3619999999999526   0.3327341773345521
   3.3629999999999525   0.3324758887172001
   3.3639999999999524   0.3322178295433336
   3.3649999999999523   0.3319600084309707
   3.3659999999999521   0.3317024339759633
   3.3669999999999520   0.3314451147516503
   3.3679999999999519   0.3311880593095194
   3.3689999999999518   0.3309312761788147
   3.3699999999999517   0.3306747738670343
   3.3709999999999516   0.3304185608596560
   3.3719999999999515   0.3301626456204801
   3.3729999999999514   0.3299070365913322
   3.3739999999999513   0.3296517421927185
   3.3749999999999512   0.3293967708232093
   3.3759999999999510   0.3291421308603253
   3.3769999999999509   0.3288878306595764
   3.3779999999999508   0.3286338785553101
   3.3789999999999507   0.3283802828604364
   3.3799999999999506   0.3281270518667272
   3.3809999999999505   0.3278741938444381
   3.3819999999999504   0.3276217170425740
   3.3829999999999503   0.3273696296891554
   3.3839999999999502   0.3271179399906485
   3.3849999999999500   0.3268666561328554
   3.3859999999999499   0.3266157862800233
   3.3869999999999498   0.3263653385754637
   3.3879999999999497   0.3261153211414074
   3.3889999999999496   0.3258657420787758
   3.3899999999999495   0.3256166094677208
   3.3909999999999494   0.3253679313669635
   3.3919999999999493   0.3251197158142484
   3.3929999999999492   0.3248719708263265
   3.3939999999999491   0.3246247043986893
   3.3949999999999489   0.3243779245057272
   3.3959999999999488   0.3241316391005002
   3.3969999999999487   0.3238858561150286
   3.3979999999999486   0.3236405834600439
   3.3989999999999485   0.3233958290249702
   3.3999999999999484   0.3231516006779003
   3.4009999999999483   0.3229079062653498
   3.4019999999999482   0.3226647536127377
   3.4029999999999481   0.3224221505238100
   3.4039999999999480   0.3221801047805478
   3.4049999999999478   0.3219386241435114
   3.4059999999999477   0.3216977163514930
   3.4069999999999476   0.3214573891212808
   3.4079999999999475   0.3212176501480063
   3.4089999999999474   0.3209785071044263
   3.4099999999999473   0.3207399676416501
   3.4109999999999472   0.3205020393879749
   3.4119999999999471   0.3202647299499840
   3.4129999999999470   0.3200280469111630
   3.4139999999999469   0.3197919978329494
   3.4149999999999467   0.3195565902533924
   3.4159999999999466   0.3193218316884398
   3.4169999999999465   0.3190877296303239
   3.4179999999999464   0.3188542915484404
   3.4189999999999463   0.3186215248887407
   3.4199999999999462   0.3183894370734121
   3.4209999999999461   0.3181580355015473
   3.4219999999999460   0.3179273275475675
   3.4229999999999459   0.3176973205625864
   3.4239999999999458   0.3174680218727615
   3.4249999999999456   0.3172394387800601
   3.4259999999999455   0.3170115785619363
   3.4269999999999454   0.3167844484706587
   3.4279999999999453   0.3165580557333869
   3.4289999999999452   0.3163324075519101
   3.4299999999999451   0.3161075111025567
   3.4309999999999450   0.3158833735355672
   3.4319999999999449   0.3156600019751248
   3.4329999999999448   0.3154374035190624
   3.4339999999999447   0.3152155852385193
   3.4349999999999445   0.3149945541776355
   3.4359999999999444   0.3147743173534043
   3.4369999999999443   0.3145548817551992
   3.4379999999999442   0.3143362543446886
   3.4389999999999441   0.3141184420551446
   3.4399999999999440   0.3139014517916581
   3.4409999999999439   0.3136852904301694
   3.4419999999999438   0.3134699648179949
   3.4429999999999437   0.3132554817725672
   3.4439999999999436   0.3130418480814854
   3.4449999999999434   0.3128290705024325
   3.4459999999999433   0.3126171557623149
   3.4469999999999432   0.3124061105570966
   3.4479999999999431   0.3121959415513897
   3.4489999999999430   0.3119866553784387
   3.4499999999999429   0.3117782586389687
   3.4509999999999428   0.3115707579011940
   3.4519999999999427   0.3113641597006572
   3.4529999999999426   0.3111584705393622
   3.4539999999999424   0.3109536968852932
   3.4549999999999423   0.3107498451727185
   3.4559999999999422   0.3105469218005261
   3.4569999999999421   0.3103449331331409
   3.4579999999999420   0.3101438854986190
   3.4589999999999419   0.3099437851893910
   3.4599999999999418   0.3097446384613627
   3.4609999999999417   0.3095464515328311
   3.4619999999999416   0.3093492305850667
   3.4629999999999415   0.3091529817608696
   3.4639999999999413   0.3089577111644883
   3.4649999999999412   0.3087634248609747
   3.4659999999999411   0.3085701288759919
   3.4669999999999410   0.3083778291944887
   3.4679999999999409   0.3081865317610119
   3.4689999999999408   0.3079962424786435
   3.4699999999999407   0.3078069672084085
   3.4709999999999406   0.3076187117690289
   3.4719999999999405   0.3074314819361876
   3.4729999999999404   0.3072452834416496
   3.4739999999999402   0.3070601219731701
   3.4749999999999401   0.3068760031734438
   3.4759999999999400   0.3066929326398000
   3.4769999999999399   0.3065109159234910
   3.4779999999999398   0.3063299585289168
   3.4789999999999397   0.3061500659131540
   3.4799999999999396   0.3059712434851908
   3.4809999999999395   0.3057934966054887
   3.4819999999999394   0.3056168305850009
   3.4829999999999393   0.3054412506849108
   3.4839999999999391   0.3052667621155262
   3.4849999999999390   0.3050933700359250
   3.4859999999999389   0.3049210795530790
   3.4869999999999388   0.3047498957213203
   3.4879999999999387   0.3045798235414745
   3.4889999999999386   0.3044108679603127
   3.4899999999999385   0.3042430338697607
   3.4909999999999384   0.3040763261061956
   3.4919999999999383   0.3039107494497759
   3.4929999999999382   0.3037463086234183
   3.4939999999999380   0.3035830082926960
   3.4949999999999379   0.3034208530644019
   3.4959999999999378   0.3032598474863306
   3.4969999999999377   0.3030999960461539
   3.4979999999999376   0.3029413031710405
   3.4989999999999375   0.3027837732266136
   3.4999999999999374   0.3026274105161889
   3.5009999999999373   0.3024722192802429
   3.5019999999999372   0.3023182036954867
   3.5029999999999371   0.3021653678741211
   3.5039999999999369   0.3020137158629780
   3.5049999999999368   0.3018632516431544
   3.5059999999999367   0.3017139791283751
   3.5069999999999366   0.3015659021653543
   3.5079999999999365   0.3014190245319315
   3.5089999999999364   0.3012733499372076
   3.5099999999999363   0.3011288820199246
   3.5109999999999362   0.3009856243484628
   3.5119999999999361   0.3008435804194101
   3.5129999999999360   0.3007027536571627
   3.5139999999999358   0.3005631474130492
   3.5149999999999357   0.3004247649646067
   3.5159999999999356   0.3002876095143588
   3.5169999999999355   0.3001516841898059
   3.5179999999999354   0.3000169920420882
   3.5189999999999353   0.2998835360450761
   3.5199999999999352   0.2997513190954781
   3.5209999999999351   0.2996203440107875
   3.5219999999999350   0.2994906135294984
   3.5229999999999349   0.2993621303099543
   3.5239999999999347   0.2992348969295938
   3.5249999999999346   0.2991089158843491
   3.5259999999999345   0.2989841895875830
   3.5269999999999344   0.2988607203696317
   3.5279999999999343   0.2987385104768223
   3.5289999999999342   0.2986175620710014
