   0.2500000000000000
  -0.0532941667445782
   0.2500000000000000
  -0.0535010586798688
   0.2500000000000000
  -0.0537059293473707
   0.2500000000000000
  -0.0539090849831303
   0.2500000000000000
  -0.0541105469075657
   0.2500000000000000
  -0.0543103379091013
   0.2500000000000000
  -0.0545084802377064
   0.2500000000000000
  -0.0547049956360127
   0.2500000000000000
  -0.0548999053557696
   0.2500000000000000
  -0.0550932301736784
   0.2500000000000000
  -0.0552849904065598
   0.2500000000000000
  -0.0554752059259763
   0.2500000000000000
  -0.0556638961721636
   0.2500000000000000
  -0.0558510801674935
   0.2500000000000000
  -0.0560367765293409
   0.2500000000000000
  -0.0562210034824473
   0.2500000000000000
  -0.0564037788708815
   0.2500000000000000
  -0.0565851201694096
   0.2500000000000000
  -0.0567650444945354
   0.2500000000000000
  -0.0569435686150604
   0.2500000000000000
  -0.0571207089622815
   0.2500000000000000
  -0.0572964816397972
   0.2500000000000000
  -0.0574709024329193
   0.2500000000000000
  -0.0576439868177869
   0.2500000000000000
  -0.0578157499701539
   0.2500000000000000
  -0.0579862067737492
   0.2500000000000000
  -0.0581553718285218
   0.2500000000000000
  -0.0583232594584114
   0.2500000000000000
  -0.0584898837189770
   0.2500000000000000
  -0.0586552584046537
   0.2500000000000000
  -0.0588193970558653
   0.2500000000000000
  -0.0589823129658137
   0.2500000000000000
  -0.0591440191870332
   0.2500000000000000
  -0.0593045285377905
   0.2500000000000000
  -0.0594638536081987
   0.2500000000000000
  -0.0596220067661674
   0.2500000000000000
  -0.0597790001631404
   0.2500000000000000
  -0.0599348457396487
   0.2500000000000000
  -0.0600895552306785
   0.2500000000000000
  -0.0602431401708718
   0.2500000000000000
  -0.0603956118995610
   0.2500000000000000
  -0.0605469815656193
   0.2500000000000000
  -0.0606972601321970
   0.2500000000000000
  -0.0608464583812726
   0.2500000000000000
  -0.0609945869180873
   0.2500000000000000
  -0.0611416561754132
   0.2500000000000000
  -0.0612876764177402
   0.2500000000000000
  -0.0614326577452759
   0.2500000000000000
  -0.0615766100978575
   0.2500000000000000
  -0.0617195432587340
   0.2500000000000000
  -0.0618614668582449
   0.2500000000000000
  -0.0620023903774028
   0.2500000000000000
  -0.0621423231513122
   0.2500000000000000
  -0.0622812743725694
   0.2500000000000000
  -0.0624192530944825
   0.2500000000000000
  -0.0625562682342775
   0.2500000000000000
  -0.0626923285761328
   0.2500000000000000
  -0.0628274427741902
   0.2500000000000000
  -0.0629616193554561
   0.2500000000000000
  -0.0630948667226134
   0.2500000000000000
  -0.0632271931567444
   0.2500000000000000
  -0.0633586068200498
   0.2500000000000000
  -0.0634891157583786
   0.2500000000000000
  -0.0636187279037822
   0.2500000000000000
  -0.0637474510769512
   0.2500000000000000
  -0.0638752929896043
   0.2500000000000000
  -0.0640022612468171
   0.2500000000000000
  -0.0641283633492584
   0.2500000000000000
  -0.0642536066954030
   0.2500000000000000
  -0.0643779985836673
   0.2500000000000000
  -0.0645015462144963
   0.2500000000000000
  -0.0646242566923857
   0.2500000000000000
  -0.0647461370278439
   0.2500000000000000
  -0.0648671941393513
   0.2500000000000000
  -0.0649874348552135
   0.2500000000000000
  -0.0651068659153741
   0.2500000000000000
  -0.0652254939732316
   0.2500000000000000
  -0.0653433255973537
   0.2500000000000000
  -0.0654603672731540
   0.2500000000000000
  -0.0655766254045590
   0.2500000000000000
  -0.0656921063156493
   0.2500000000000000
  -0.0658068162521353
   0.2500000000000000
  -0.0659207613830193
   0.2500000000000000
  -0.0660339478019590
   0.2500000000000000
  -0.0661463815288147
   0.2500000000000000
  -0.0662580685110299
   0.2500000000000000
  -0.0663690146250174
   0.2500000000000000
  -0.0664792256775520
   0.2500000000000000
  -0.0665887074070427
   0.2500000000000000
  -0.0666974654848297
   0.2500000000000000
  -0.0668055055165066
   0.2500000000000000
  -0.0669128330430705
   0.2500000000000000
  -0.0670194535421734
   0.2500000000000000
  -0.0671253724292803
   0.2500000000000000
  -0.0672305950588328
   0.2500000000000000
  -0.0673351267253117
   0.2500000000000000
  -0.0674389726644502
   0.2500000000000000
  -0.0675421380541659
   0.2500000000000000
  -0.0676446280157209
   0.2500000000000000
  -0.0677464476146594
   0.2500000000000000
  -0.0678476018618882
   0.2500000000000000
  -0.0679480957145907
   0.2500000000000000
  -0.0680479340771930
   0.2500000000000000
  -0.0681471218023520
   0.2500000000000000
  -0.0682456636917850
   0.2500000000000000
  -0.0683435644972410
   0.2500000000000000
  -0.0684408289213473
   0.2500000000000000
  -0.0685374616184394
   0.2500000000000000
  -0.0686334671954393
   0.2500000000000000
  -0.0687288502126513
   0.2500000000000000
  -0.0688236151846099
   0.2500000000000000
  -0.0689177665807593
   0.2500000000000000
  -0.0690113088263582
   0.2500000000000000
  -0.0691042463031306
   0.2500000000000000
  -0.0691965833500589
   0.2500000000000000
  -0.0692883242640616
   0.2500000000000000
  -0.0693794733007406
   0.2500000000000000
  -0.0694700346750461
   0.2500000000000000
  -0.0695600125619797
   0.2500000000000000
  -0.0696494110972441
   0.2500000000000000
  -0.0697382343778560
   0.2500000000000000
  -0.0698264864628713
   0.2500000000000000
  -0.0699141713739219
   0.2500000000000000
  -0.0700012930958737
   0.2500000000000000
  -0.0700878555774295
   0.2500000000000000
  -0.0701738627316812
   0.2500000000000000
  -0.0702593184367179
   0.2500000000000000
  -0.0703442265361912
   0.2500000000000000
  -0.0704285908398187
   0.2500000000000000
  -0.0705124151240020
   0.2500000000000000
  -0.0705957031323283
   0.2500000000000000
  -0.0706784585760266
   0.2500000000000000
  -0.0707606851345947
   0.2500000000000000
  -0.0708423864562182
   0.2500000000000000
  -0.0709235661582799
   0.2500000000000000
  -0.0710042278278532
   0.2500000000000000
  -0.0710843750221760
   0.2500000000000000
  -0.0711640112690937
   0.2500000000000000
  -0.0712431400675475
   0.2500000000000000
  -0.0713217648879774
   0.2500000000000000
  -0.0713998891728113
   0.2500000000000000
  -0.0714775163368335
   0.2500000000000000
  -0.0715546497676859
   0.2500000000000000
  -0.0716312928261797
   0.2500000000000000
  -0.0717074488468004
   0.2500000000000000
  -0.0717831211380584
   0.2500000000000000
  -0.0718583129828638
   0.2500000000000000
  -0.0719330276389559
   0.2500000000000000
  -0.0720072683392363
   0.2500000000000000
  -0.0720810382921683
   0.2500000000000000
  -0.0721543406821455
   0.2500000000000000
  -0.0722271786697884
   0.2500000000000000
  -0.0722995553923992
   0.2500000000000000
  -0.0723714739641951
   0.2500000000000000
  -0.0724429374767132
   0.2500000000000000
  -0.0725139489991545
   0.2500000000000000
  -0.0725845115786239
   0.2500000000000000
  -0.0726546282405520
   0.2500000000000000
  -0.0727243019889517
   0.2500000000000000
  -0.0727935358067291
   0.2500000000000000
  -0.0728623326559950
   0.2500000000000000
  -0.0729306954783977
   0.2500000000000000
  -0.0729986271953429
   0.2500000000000000
  -0.0730661307083151
   0.2500000000000000
  -0.0731332088992215
   0.2500000000000000
  -0.0731998646305567
   0.2500000000000000
  -0.0732661007457339
   0.2500000000000000
  -0.0733319200694023
   0.2500000000000000
  -0.0733973254075971
   0.2500000000000000
  -0.0734623195481112
   0.2500000000000000
  -0.0735269052606611
   0.2500000000000000
  -0.0735910852971857
   0.2500000000000000
  -0.0736548623921024
   0.2500000000000000
  -0.0737182392625018
   0.2500000000000000
  -0.0737812186084151
   0.2500000000000000
  -0.0738438031130618
   0.2500000000000000
  -0.0739059954430382
   0.2500000000000000
  -0.0739677982485839
   0.2500000000000000
  -0.0740292141637684
   0.2500000000000000
  -0.0740902458067594
   0.2500000000000000
  -0.0741508957799592
   0.2500000000000000
  -0.0742111666703134
   0.2500000000000000
  -0.0742710610494302
   0.2500000000000000
  -0.0743305814738357
   0.2500000000000000
  -0.0743897304851756
   0.2500000000000000
  -0.0744485106103652
   0.2500000000000000
  -0.0745069243618447
   0.2500000000000000
  -0.0745649742377338
   0.2500000000000000
  -0.0746226627220412
   0.2500000000000000
  -0.0746799922848281
   0.2500000000000000
  -0.0747369653823905
   0.2500000000000000
  -0.0747935844574603
   0.2500000000000000
  -0.0748498519393945
   0.2500000000000000
  -0.0749057702442777
   0.2500000000000000
  -0.0749613417751724
   0.2500000000000000
  -0.0750165689222356
   0.2500000000000000
  -0.0750714540629377
   0.2500000000000000
  -0.0751259995621397
   0.2500000000000000
  -0.0751802077723460
   0.2500000000000000
  -0.0752340810338191
   0.2500000000000000
  -0.0752876216747312
   0.2500000000000000
  -0.0753408320112999
   0.2500000000000000
  -0.0753937143480090
   0.2500000000000000
  -0.0754462709776704
   0.2500000000000000
  -0.0754985041816485
   0.2500000000000000
  -0.0755504162299428
   0.2500000000000000
  -0.0756020093813472
   0.2500000000000000
  -0.0756532858836226
   0.2500000000000000
  -0.0757042479735942
   0.2500000000000000
  -0.0757548978772929
   0.2500000000000000
  -0.0758052378101173
   0.2500000000000000
  -0.0758552699769249
   0.2500000000000000
  -0.0759049965721910
   0.2500000000000000
  -0.0759544197801328
   0.2500000000000000
  -0.0760035417748324
   0.2500000000000000
  -0.0760523647203237
   0.2500000000000000
  -0.0761008907707951
   0.2500000000000000
  -0.0761491220706533
   0.2500000000000000
  -0.0761970607546177
   0.2500000000000000
  -0.0762447089479085
   0.2500000000000000
  -0.0762920687663255
   0.2500000000000000
  -0.0763391423163386
   0.2500000000000000
  -0.0763859316952426
   0.2500000000000000
  -0.0764324389912234
   0.2500000000000000
  -0.0764786662835434
   0.2500000000000000
  -0.0765246156425387
   0.2500000000000000
  -0.0765702891298177
   0.2500000000000000
  -0.0766156887983219
   0.2500000000000000
  -0.0766608166924376
   0.2500000000000000
  -0.0767056748480983
   0.2500000000000000
  -0.0767502652928907
   0.2500000000000000
  -0.0767945900461423
   0.2500000000000000
  -0.0768386511190366
   0.2500000000000000
  -0.0768824505146797
   0.2500000000000000
  -0.0769259902282229
   0.2500000000000000
  -0.0769692722469425
   0.2500000000000000
  -0.0770122985503309
   0.2500000000000000
  -0.0770550711102281
   0.2500000000000000
  -0.0770975918908247
   0.2500000000000000
  -0.0771398628488406
   0.2500000000000000
  -0.0771818859335563
   0.2500000000000000
  -0.0772236630869237
   0.2500000000000000
  -0.0772651962436635
   0.2500000000000000
  -0.0773064873313103
   0.2500000000000000
  -0.0773475382703161
   0.2500000000000000
  -0.0773883509741537
   0.2500000000000000
  -0.0774289273493647
   0.2500000000000000
  -0.0774692692956752
   0.2500000000000000
  -0.0775093787060112
   0.2500000000000000
  -0.0775492574666698
   0.2500000000000000
  -0.0775889074573297
   0.2500000000000000
  -0.0776283305511156
   0.2500000000000000
  -0.0776675286147502
   0.2500000000000000
  -0.0777065035085537
   0.2500000000000000
  -0.0777452570865608
   0.2500000000000000
  -0.0777837911965431
   0.2500000000000000
  -0.0778221076801685
   0.2500000000000000
  -0.0778602083729880
   0.2500000000000000
  -0.0778980951045478
   0.2500000000000000
  -0.0779357696984519
   0.2500000000000000
  -0.0779732339724304
   0.2500000000000000
  -0.0780104897383989
   0.2500000000000000
  -0.0780475388025189
   0.2500000000000000
  -0.0780843829653294
   0.2500000000000000
  -0.0781210240217088
   0.2500000000000000
  -0.0781574637610131
   0.2500000000000000
  -0.0781937039671385
   0.2500000000000000
  -0.0782297464185302
   0.2500000000000000
  -0.0782655928883278
   0.2500000000000000
  -0.0783012451443354
   0.2500000000000000
  -0.0783367049491576
   0.2500000000000000
  -0.0783719740602429
   0.2500000000000000
  -0.0784070542299110
   0.2500000000000000
  -0.0784419472054352
   0.2500000000000000
  -0.0784766547291408
   0.2500000000000000
  -0.0785111785383759
   0.2500000000000000
  -0.0785455203656410
   0.2500000000000000
  -0.0785796819386346
   0.2500000000000000
  -0.0786136649802816
   0.2500000000000000
  -0.0786474712088291
   0.2500000000000000
  -0.0786811023378731
   0.2500000000000000
  -0.0787145600763923
   0.2500000000000000
  -0.0787478461288953
   0.2500000000000000
  -0.0787809621953446
   0.2500000000000000
  -0.0788139099713171
   0.2500000000000000
  -0.0788466911480101
   0.2500000000000000
  -0.0788793074123091
   0.2500000000000000
  -0.0789117604468142
   0.2500000000000000
  -0.0789440519299264
   0.2500000000000000
  -0.0789761835358531
   0.2500000000000000
  -0.0790081569347393
   0.2500000000000000
  -0.0790399737926452
   0.2500000000000000
  -0.0790716357715763
   0.2500000000000000
  -0.0791031445296280
   0.2500000000000000
  -0.0791345017209594
   0.2500000000000000
  -0.0791657089958808
   0.2500000000000000
  -0.0791967680008484
   0.2500000000000000
  -0.0792276803785792
   0.2500000000000000
  -0.0792584477680511
   0.2500000000000000
  -0.0792890718045797
   0.2500000000000000
  -0.0793195541198277
   0.2500000000000000
  -0.0793498963419131
   0.2500000000000000
  -0.0793801000953576
   0.2500000000000000
  -0.0794101670012610
   0.2500000000000000
  -0.0794400986772065
   0.2500000000000000
  -0.0794698967374345
   0.2500000000000000
  -0.0794995627927675
   0.2500000000000000
  -0.0795290984507676
   0.2500000000000000
  -0.0795585053156876
   0.2500000000000000
  -0.0795877849885617
   0.2500000000000000
  -0.0796169390672475
   0.2500000000000000
  -0.0796459691464476
   0.2500000000000000
  -0.0796748768177748
   0.2500000000000000
  -0.0797036636697611
   0.2500000000000000
  -0.0797323312879476
   0.2500000000000000
  -0.0797608812548795
   0.2500000000000000
  -0.0797893151501666
   0.2500000000000000
  -0.0798176345505232
   0.2500000000000000
  -0.0798458410298164
   0.2500000000000000
  -0.0798739361590902
   0.2500000000000000
  -0.0799019215066127
   0.2500000000000000
  -0.0799297986379150
   0.2500000000000000
  -0.0799575691158187
   0.2500000000000000
  -0.0799852345004875
   0.2500000000000000
  -0.0800127963494871
   0.2500000000000000
  -0.0800402562177604
   0.2500000000000000
  -0.0800676156577350
   0.2500000000000000
  -0.0800948762193119
   0.2500000000000000
  -0.0801220394499193
   0.2500000000000000
  -0.0801491068945603
   0.2500000000000000
  -0.0801760800958214
   0.2500000000000000
  -0.0802029605939320
   0.2500000000000000
  -0.0802297499267971
   0.2500000000000000
  -0.0802564496300463
   0.2500000000000000
  -0.0802830612370062
   0.2500000000000000
  -0.0803095862788025
   0.2500000000000000
  -0.0803360262843857
   0.2500000000000000
  -0.0803623827805486
   0.2500000000000000
  -0.0803886572919553
   0.2500000000000000
  -0.0804148513411728
   0.2500000000000000
  -0.0804409664487495
   0.2500000000000000
  -0.0804670041331741
   0.2500000000000000
  -0.0804929659109598
   0.2500000000000000
  -0.0805188532966780
   0.2500000000000000
  -0.0805446678029662
   0.2500000000000000
  -0.0805704109405906
   0.2500000000000000
  -0.0805960842184119
   0.2500000000000000
  -0.0806216891435169
   0.2500000000000000
  -0.0806472272211616
   0.2500000000000000
  -0.0806726999548305
   0.2500000000000000
  -0.0806981088462955
   0.2500000000000000
  -0.0807234553956136
   0.2500000000000000
  -0.0807487411011724
   0.2500000000000000
  -0.0807739674596771
   0.2500000000000000
  -0.0807991359662536
   0.2500000000000000
  -0.0808242481144437
   0.2500000000000000
  -0.0808493053961765
   0.2500000000000000
  -0.0808743093019001
   0.2500000000000000
  -0.0808992613205366
   0.2500000000000000
  -0.0809241629395286
   0.2500000000000000
  -0.0809490156448882
   0.2500000000000000
  -0.0809738209211697
   0.2500000000000000
  -0.0809985802515655
   0.2500000000000000
  -0.0810232951178714
   0.2500000000000000
  -0.0810479670005526
   0.2500000000000000
  -0.0810725973787550
   0.2500000000000000
  -0.0810971877303295
   0.2500000000000000
  -0.0811217395318234
   0.2500000000000000
  -0.0811462542586056
   0.2500000000000000
  -0.0811707333847676
   0.2500000000000000
  -0.0811951783832409
   0.2500000000000000
  -0.0812195907257448
   0.2500000000000000
  -0.0812439718828789
   0.2500000000000000
  -0.0812683233241158
   0.2500000000000000
  -0.0812926465177890
   0.2500000000000000
  -0.0813169429311852
   0.2500000000000000
  -0.0813412140305123
   0.2500000000000000
  -0.0813654612809237
   0.2500000000000000
  -0.0813896861465758
   0.2500000000000000
  -0.0814138900906169
   0.2500000000000000
  -0.0814380745752076
   0.2500000000000000
  -0.0814622410615469
   0.2500000000000000
  -0.0814863910098976
   0.2500000000000000
  -0.0815105258795854
   0.2500000000000000
  -0.0815346471290520
   0.2500000000000000
  -0.0815587562158508
   0.2500000000000000
  -0.0815828545966287
   0.2500000000000000
  -0.0816069437272361
   0.2500000000000000
  -0.0816310250626238
   0.2500000000000000
  -0.0816551000569630
   0.2500000000000000
  -0.0816791701636140
   0.2500000000000000
  -0.0817032368351285
   0.2500000000000000
  -0.0817273015232974
   0.2500000000000000
  -0.0817513656791364
   0.2500000000000000
  -0.0817754307529499
   0.2500000000000000
  -0.0817994981942401
   0.2500000000000000
  -0.0818235694518537
   0.2500000000000000
  -0.0818476459738703
   0.2500000000000000
  -0.0818717292077069
   0.2500000000000000
  -0.0818958206000729
   0.2500000000000000
  -0.0819199215969960
   0.2500000000000000
  -0.0819440336438712
   0.2500000000000000
  -0.0819681581853842
   0.2500000000000000
  -0.0819922966656016
   0.2500000000000000
  -0.0820164505279303
   0.2500000000000000
  -0.0820406212151512
   0.2500000000000000
  -0.0820648101694243
   0.2500000000000000
  -0.0820890188322687
   0.2500000000000000
  -0.0821132486445903
   0.2500000000000000
  -0.0821375010467146
   0.2500000000000000
  -0.0821617774783204
   0.2500000000000000
  -0.0821860793784970
   0.2500000000000000
  -0.0822104081857331
   0.2500000000000000
  -0.0822347653379480
   0.2500000000000000
  -0.0822591522724280
   0.2500000000000000
  -0.0822835704258662
   0.2500000000000000
  -0.0823080212344042
   0.2500000000000000
  -0.0823325061335307
   0.2500000000000000
  -0.0823570265581962
   0.2500000000000000
  -0.0823815839427181
   0.2500000000000000
  -0.0824061797208188
   0.2500000000000000
  -0.0824308153256411
   0.2500000000000000
  -0.0824554921897025
   0.2500000000000000
  -0.0824802117449141
   0.2500000000000000
  -0.0825049754225653
   0.2500000000000000
  -0.0825297846533543
   0.2500000000000000
  -0.0825546408673098
   0.2500000000000000
  -0.0825795454938375
   0.2500000000000000
  -0.0826044999617173
   0.2500000000000000
  -0.0826295056990402
   0.2500000000000000
  -0.0826545641332731
   0.2500000000000000
  -0.0826796766911696
   0.2500000000000000
  -0.0827048447988198
   0.2500000000000000
  -0.0827300698815973
   0.2500000000000000
  -0.0827553533641572
   0.2500000000000000
  -0.0827806966704517
   0.2500000000000000
  -0.0828061012236780
   0.2500000000000000
  -0.0828315684462434
   0.2500000000000000
  -0.0828570997598042
   0.2500000000000000
  -0.0828826965852201
   0.2500000000000000
  -0.0829083603425143
   0.2500000000000000
  -0.0829340924508928
   0.2500000000000000
  -0.0829598943286954
   0.2500000000000000
  -0.0829857673933602
   0.2500000000000000
  -0.0830117130614570
   0.2500000000000000
  -0.0830377327485827
   0.2500000000000000
  -0.0830638278694484
   0.2500000000000000
  -0.0830899998377031
   0.2500000000000000
  -0.0831162500660351
   0.2500000000000000
  -0.0831425799660755
   0.2500000000000000
  -0.0831689909484114
   0.2500000000000000
  -0.0831954844225005
   0.2500000000000000
  -0.0832220617966818
   0.2500000000000000
  -0.0832487244781369
   0.2500000000000000
  -0.0832754738728273
   0.2500000000000000
  -0.0833023113855165
   0.2500000000000000
  -0.0833292384196698
   0.2500000000000000
  -0.0833562563774392
   0.2500000000000000
  -0.0833833666596545
   0.2500000000000000
  -0.0834105706657165
   0.2500000000000000
  -0.0834378697936448
   0.2500000000000000
  -0.0834652654399427
   0.2500000000000000
  -0.0834927589996035
   0.2500000000000000
  -0.0835203518660770
   0.2500000000000000
  -0.0835480454311924
   0.2500000000000000
  -0.0835758410851183
   0.2500000000000000
  -0.0836037402163114
   0.2500000000000000
  -0.0836317442114665
   0.2500000000000000
  -0.0836598544554857
   0.2500000000000000
  -0.0836880723313897
   0.2500000000000000
  -0.0837163992202931
   0.2500000000000000
  -0.0837448365013008
   0.2500000000000000
  -0.0837733855515321
   0.2500000000000000
  -0.0838020477459932
   0.2500000000000000
  -0.0838308244575209
   0.2500000000000000
  -0.0838597170567366
   0.2500000000000000
  -0.0838887269120196
   0.2500000000000000
  -0.0839178553893719
   0.2500000000000000
  -0.0839471038523958
   0.2500000000000000
  -0.0839764736621935
   0.2500000000000000
  -0.0840059661773580
   0.2500000000000000
  -0.0840355827538153
   0.2500000000000000
  -0.0840653247448618
   0.2500000000000000
  -0.0840951935009555
   0.2500000000000000
  -0.0841251903697845
   0.2500000000000000
  -0.0841553166960286
   0.2500000000000000
  -0.0841855738214779
   0.2500000000000000
  -0.0842159630847525
   0.2500000000000000
  -0.0842464858213520
   0.2500000000000000
  -0.0842771433635302
   0.2500000000000000
  -0.0843079370401896
   0.2500000000000000
  -0.0843388681768645
   0.2500000000000000
  -0.0843699380955128
   0.2500000000000000
  -0.0844011481145793
   0.2500000000000000
  -0.0844324995487289
   0.2500000000000000
  -0.0844639937089070
   0.2500000000000000
  -0.0844956319021850
   0.2500000000000000
  -0.0845274154316258
   0.2500000000000000
  -0.0845593455962299
   0.2500000000000000
  -0.0845914236908358
   0.2500000000000000
  -0.0846236510060119
   0.2500000000000000
  -0.0846560288279163
   0.2500000000000000
  -0.0846885584382592
   0.2500000000000000
  -0.0847212411141254
   0.2500000000000000
  -0.0847540781279274
   0.2500000000000000
  -0.0847870707472522
   0.2500000000000000
  -0.0848202202347536
   0.2500000000000000
  -0.0848535278480534
   0.2500000000000000
  -0.0848869948396439
   0.2500000000000000
  -0.0849206224566963
   0.2500000000000000
  -0.0849544119410277
   0.2500000000000000
  -0.0849883645289085
   0.2500000000000000
  -0.0850224814510308
   0.2500000000000000
  -0.0850567639322652
   0.2500000000000000
  -0.0850912131916139
   0.2500000000000000
  -0.0851258304420829
   0.2500000000000000
  -0.0851606168905143
   0.2500000000000000
  -0.0851955737374681
   0.2500000000000000
  -0.0852307021770846
   0.2500000000000000
  -0.0852660033970176
   0.2500000000000000
  -0.0853014785781711
   0.2500000000000000
  -0.0853371288946430
   0.2500000000000000
  -0.0853729555135866
   0.2500000000000000
  -0.0854089595950665
   0.2500000000000000
  -0.0854451422918308
   0.2500000000000000
  -0.0854815047493352
   0.2500000000000000
  -0.0855180481054007
   0.2500000000000000
  -0.0855547734902430
   0.2500000000000000
  -0.0855916820261543
   0.2500000000000000
  -0.0856287748275021
   0.2500000000000000
  -0.0856660530005146
   0.2500000000000000
  -0.0857035176430618
   0.2500000000000000
  -0.0857411698446260
   0.2500000000000000
  -0.0857790106860289
   0.2500000000000000
  -0.0858170412393394
   0.2500000000000000
  -0.0858552625676745
   0.2500000000000000
  -0.0858936757251097
   0.2500000000000000
  -0.0859322817563816
   0.2500000000000000
  -0.0859710816968661
   0.2500000000000000
  -0.0860100765723163
   0.2500000000000000
  -0.0860492673987072
   0.2500000000000000
  -0.0860886551821317
   0.2500000000000000
  -0.0861282409185550
   0.2500000000000000
  -0.0861680255936492
   0.2500000000000000
  -0.0862080101826684
   0.2500000000000000
  -0.0862481956502331
   0.2500000000000000
  -0.0862885829501613
   0.2500000000000000
  -0.0863291730253179
   0.2500000000000000
  -0.0863699668073882
   0.2500000000000000
  -0.0864109652167464
   0.2500000000000000
  -0.0864521691622244
   0.2500000000000000
  -0.0864935795410003
   0.2500000000000000
  -0.0865351972383352
   0.2500000000000000
  -0.0865770231274790
   0.2500000000000000
  -0.0866190580693971
   0.2500000000000000
  -0.0866613029126450
   0.2500000000000000
  -0.0867037584931535
   0.2500000000000000
  -0.0867464256340816
   0.2500000000000000
  -0.0867893051455645
   0.2500000000000000
  -0.0868323978245897
   0.2500000000000000
  -0.0868757044547824
   0.2500000000000000
  -0.0869192258062050
   0.2500000000000000
  -0.0869629626351968
   0.2500000000000000
  -0.0870069156841376
   0.2500000000000000
  -0.0870510856813160
   0.2500000000000000
  -0.0870954733407078
   0.2500000000000000
  -0.0871400793617904
   0.2500000000000000
  -0.0871849044293301
   0.2500000000000000
  -0.0872299492132567
   0.2500000000000000
  -0.0872752143684019
   0.2500000000000000
  -0.0873207005343290
   0.2500000000000000
  -0.0873664083351747
   0.2500000000000000
  -0.0874123383794203
   0.2500000000000000
  -0.0874584912597244
   0.2500000000000000
  -0.0875048675527025
   0.2500000000000000
  -0.0875514678188311
   0.2500000000000000
  -0.0875982926020897
   0.2500000000000000
  -0.0876453424299598
   0.2500000000000000
  -0.0876926178130923
   0.2500000000000000
  -0.0877401192452369
   0.2500000000000000
  -0.0877878472029376
   0.2500000000000000
  -0.0878358021454541
   0.2500000000000000
  -0.0878839845145257
   0.2500000000000000
  -0.0879323947341725
   0.2500000000000000
  -0.0879810332105781
   0.2500000000000000
  -0.0880299003318500
   0.2500000000000000
  -0.0880789964678317
   0.2500000000000000
  -0.0881283219700084
   0.2500000000000000
  -0.0881778771712394
   0.2500000000000000
  -0.0882276623856072
   0.2500000000000000
  -0.0882776779083240
   0.2500000000000000
  -0.0883279240154311
   0.2500000000000000
  -0.0883784009637058
   0.2500000000000000
  -0.0884291089904963
   0.2500000000000000
  -0.0884800483135330
   0.2500000000000000
  -0.0885312191307848
   0.2500000000000000
  -0.0885826216202756
   0.2500000000000000
  -0.0886342559399389
   0.2500000000000000
  -0.0886861222274670
   0.2500000000000000
  -0.0887382206001628
