   0.2235015775893325   0.1394158093158335   0.1395852745323657
   0.2234651520292425   0.1394132114061059   0.1395836344246780
   0.2234285100262427   0.1394074842353896   0.1395789804307793
   0.2233916199099166   0.1393985810874292   0.1395713291514940
   0.2233544370739092   0.1393864457552057   0.1395606824909691
   0.2233169049315588   0.1393710130929074   0.1395470288843596
   0.2232789559472572   0.1393522094609023   0.1395303431773134
   0.2232405127894658   0.1393299532920327   0.1395105866262684
   0.2232014896039642   0.1393041557846203   0.1394877070373317
   0.2231617934038106   0.1392747217240779   0.1394616390540551
   0.2231213255711419   0.1392415504323828   0.1394323045976705
   0.2230799834652755   0.1392045368433897   0.1393996134601000
   0.2230376621311533   0.1391635727013171   0.1393634640487287
   0.2229942561018439   0.1391185478792874   0.1393237442812704
   0.2229496612885145   0.1390693518144258   0.1392803326286200
   0.2229037769509873   0.1390158750556576   0.1392330993032158
   0.2228565077416997   0.1389580109199859   0.1391819075900943
   0.2228077658155794   0.1388956572526674   0.1391266153174875
   0.2227574729980397   0.1388287182863325   0.1390670764634809
   0.2227055630029761   0.1387571065937163   0.1390031428949178
   0.2226519836923148   0.1386807451282701   0.1389346662343936
   0.2225966993683219   0.1385995693465117   0.1388614998508348
   0.2225396930895202   0.1385135294055420   0.1387835009687923
   0.2224809690006933   0.1384225924287053   0.1387005328911942
   0.2224205546670651   0.1383267448318909   0.1386124673299003
   0.2223585034023449   0.1382259947024698   0.1385191868379644
   0.2222948965799061   0.1381203742223288   0.1384205873370451
   0.2222298459159392   0.1380099421258929   0.1383165807329038
   0.2221634957129736   0.1378947861834315   0.1382070976113770
   0.2220960250517095   0.1377750256992993   0.1380920900066168
   0.2220276499186388   0.1376508140140987   0.1379715342327454
   0.2219586252564723   0.1375223409990289   0.1378454337693551
   0.2218892469239241   0.1373898355299479   0.1377138221905206
   0.2218198535509564   0.1372535679278842   0.1375767661261482
   0.2217508282751428   0.1371138523519262   0.1374343682435830
   0.2216826003444011   0.1369710491295694   0.1372867702364150
   0.2216156465709611   0.1368255670087402   0.1371341558063795
   0.2215504926211016   0.1366778653148365   0.1369767536231326
   0.2214877141249104   0.1365284559952378   0.1368148402454972
   0.2214279375901156   0.1363779055328619   0.1366487429865390
   0.2213718411039105   0.1362268367094836   0.1364788427035430
   0.2213201548066759   0.1360759301987078   0.1363055764926270
   0.2212736611215919   0.1359259259677146   0.1361294402663841
   0.2212331947243605   0.1357776244661923   0.1359509911915801
   0.2211996422376339   0.1356318875802709   0.1357708499625944
   0.2211739416352829   0.1354896393287677   0.1355897028849830
   0.2211570813423659   0.1353518662787209   0.1354083037423116
   0.2211500990175775   0.1352196176569970   0.1352274754182703
   0.2211540800060884   0.1350940051347819   0.1350481112450779
   0.2211701554520465   0.1349762022620078   0.1348711760483622
   0.2211995000615970   0.1348674435292685   0.1346977068580904
   0.2212433295091143   0.1347690230355552   0.1345288132547669
   0.2213028974814110   0.1346822927412402   0.1343656773200690
   0.2213794923570115   0.1346086602871618   0.1342095531613872
   0.2214744335201381   0.1345495863624485   0.1340617659804211
   0.2215890673118414   0.1345065816058820   0.1339237106571120
   0.2217247626237156   0.1344812030281478   0.1337968498217844
   0.2218829061428272   0.1344750499452685   0.1336827113904788
   0.2220648972598517   0.1344897594168601   0.1335828855411028
   0.2222721426558996   0.1345270011865861   0.1334990211112292
   0.2225060505871073   0.1345884721262988   0.1334328214021473
   0.2227680248896945   0.1346758901898183   0.1333860393781177
   0.2230594587318334   0.1347909878870869   0.1333604722546889
   0.2233817281422513   0.1349355052944906   0.1333579554753725
   0.2237361853489626   0.1351111826224273   0.1333803560819136
   0.2241241519648233   0.1353197523666380   0.1334295654897668
   0.2245469120596731   0.1355629310753526   0.1335074916871389
   0.2250057051616094   0.1358424107698450   0.1336160508829944
   0.2255017192323679   0.1361598500614643   0.1337571586366481
   0.2260360836638126   0.1365168650135152   0.1339327205088708
   0.2266098623441163   0.1369150198014209   0.1341446222817143
   0.2272240468432927   0.1373558172293097   0.1343947198013563
   0.2278795497682932   0.1378406891654441   0.1346848285050942
   0.2285771983378797   0.1383709869626695   0.1350167127000057
   0.2293177282269044   0.1389479719332158   0.1353920746666514
   0.2301017777284768   0.1395728059496781   0.1358125436663913
   0.2309298822807581   0.1402465422457684   0.1362796649353196
   0.2318024694028343   0.1409701164914218   0.1367948887514075
   0.2327198540812696   0.1417443382170286   0.1373595596641120
   0.2336822346455917   0.1425698826609271   0.1379749059774038
   0.2346896891671104   0.1434472831128213   0.1386420295778725
   0.2357421724111940   0.1443769238234962   0.1393618961992638
   0.2368395133684229   0.1453590335481005   0.1401353262135142
   0.2379814133849822   0.1463936797863821   0.1409629860360925
   0.2391674449072597   0.1474807637786325   0.1418453802302841
   0.2403970508499248   0.1486200163107468   0.1427828443910099
   0.2416695445908104   0.1498109943757911   0.1437755388839086
   0.2429841105897361   0.1510530787328127   0.1448234435097874
   0.2443398056220151   0.1523454723963766   0.1459263531581914
   0.2457355606108123   0.1536872000824908   0.1470838745068067
   0.2471701830357968   0.1550771086282249   0.1482954238156924
   0.2486423598886831   0.1565138683934618   0.1495602258569523
   0.2501506611393252   0.1579959756438704   0.1508773140113752
   0.2516935436690712   0.1595217559043821   0.1522455315537745
   0.2532693556211569   0.1610893682622297   0.1536635341382003
   0.2548763411111092   0.1626968105880080   0.1551297934828333
   0.2565126452335326   0.1643419256322922   0.1566426022421766
   0.2581763192954045   0.1660224079442010   0.1582000800410995
   0.2598653262002247   0.1677358115469893   0.1598001806313806
   0.2615775459022436   0.1694795582944474   0.1614407001166671
   0.2633107808456874   0.1712509468207188   0.1631192861763127
   0.2650627613006188   0.1730471619853010   0.1648334482025028
   0.2668311505049953   0.1748652847046797   0.1665805682486210
   0.2686135495218426   0.1767023020524976   0.1683579126701988
   0.2704075017214067   0.1785551175016153   0.1701626443233376
   0.2722104968008869   0.1804205611741591   0.1719918351695422
   0.2740199742590114   0.1822953999599100   0.1738424791208699
   0.2758333262494300   0.1841763473594564   0.1757115049456018
   0.2776478997457289   0.1860600729066151   0.1775957890427269
   0.2794609979618536   0.1879432110249684   0.1794921678838445
   0.2812698809848411   0.1898223691761237   0.1813974499140532
   0.2830717655919218   0.1916941351626265   0.1833084266993983
   0.2848638242411438   0.1935550834564222   0.1852218831078308
   0.2866431832435015   0.1954017804344099   0.1871346063136491
   0.2884069201448854   0.1972307884159156   0.1890433934222510
   0.2901520603677540   0.1990386684127715   0.1909450575228064
   0.2918755731849218   0.2008219815209561   0.1928364319911876
   0.2935743671209521   0.2025772889032524   0.1947143728840712
   0.2952452848999628   0.2043011503348671   0.1965757592873820
   0.2968850980818394   0.2059901213081460   0.1984174915079100
   0.2984905015515433   0.2076407487181116   0.2002364870256714
   0.3000581080480490   0.2092495651772016   0.2020296741559751
   0.3015844429401087   0.2108130820349678   0.2037939834037510
   0.3030659394752404   0.2123277812062477   0.2055263365279826
   0.3044989347457857   0.2137901059391172   0.2072236333705349
   0.3058796666313826   0.2151964506814563   0.2088827365407415
   0.3072042719905779   0.2165431502319068   0.2105004540842617
   0.3084687863854507   0.2178264683871327   0.2120735203014235
   0.3096691456319783   0.2190425863223898   0.2135985749160381
   0.3108011894754742   0.2201875909663253   0.2150721408300470
   0.3118606676948240   0.2212574636535627   0.2164906007319784
   0.3128432489415836   0.2222480693599821   0.2178501728577236
   0.3137445326204830   0.2231551468457303   0.2191468862303974
   0.3145600641167547   0.2239743000500728   0.2203765557319418
   0.3152853536732757   0.2247009911004895   0.2215347573827237
   0.3159158992171196   0.2253305353163051   0.2226168042269143
   0.3164472134311367   0.2258580986051461   0.2236177232413721
   0.3168748553619471   0.2262786976692761   0.2245322337047726
   0.3171944668516245   0.2265872034591506   0.2253547274828297
   0.3174018140766071   0.2267783483342795   0.2260792517059375
   0.3174928344741805   0.2268467374177466   0.2266994943391173
   0.3174636893342332   0.2267868646616562   0.2272087731728733
   0.3173108223316478   0.2265931341776463   0.2276000287999987
   0.3170310242721016   0.2262598874307018   0.2278658221905799
   0.3166215043202231   0.2257814369471378   0.2279983375389855
   0.3160799679724333   0.2251521072499651   0.2279893911365807
   0.3154047020251622   0.2243662838078658   0.2278304471269060
   0.3145946667693458   0.2234184708682580   0.2275126411311497
   0.3136495956099876   0.2223033591403523   0.2270268128963652
   0.3125701022596571   0.2210159043997327   0.2263635493226400
   0.3113577955800619   0.2195514181995936   0.2255132394737757
   0.3100154020375031   0.2179056719913219   0.2244661434739386
   0.3085468955852623   0.2160750160722766   0.2232124775438707
   0.3069576345756990   0.2140565148819604   0.2217425178362008
   0.3052545050215144   0.2118481002458945   0.2200467261883162
   0.3034460691513076   0.2094487442010092   0.2181159014161359
   0.3015427177188589   0.2068586530026825   0.2159413603084385
   0.2995568239063726   0.2040794837797010   0.2135151530241577
   0.2975028958860625   0.2011145850286660   0.2108303181049147
   0.2953977241494311   0.1979692616732101   0.2078811827337904
   0.2932605185599175   0.1946510646947801   0.2046637141163596
   0.2911130287193930   0.1911701042992550   0.2011759278185075
   0.2889796396610646   0.1875393841369663   0.1974183584185329
   0.2868874331078857   0.1837751521571046   0.1933945967284221
   0.2848662026107855   0.1798972611667782   0.1891118958774290
   0.2829484088866682   0.1759295290081694   0.1845818454558282
   0.2811690597436159   0.1719000844210765   0.1798211083837336
   0.2795654973036323   0.1678416801310787   0.1748522088887563
   0.2781770740788898   0.1637919495859097   0.1697043516720117
   0.2770446991740446   0.1597935782633994   0.1644142418395904
   0.2762102369030296   0.1558943549624637   0.1590268624931598
   0.2757157429172650   0.1521470635332757   0.1535961523377795
   0.2756025280667267   0.1486091719035668   0.1481855100597795
   0.2759100481465061   0.1453422740515691   0.1428680369352052
   0.2766746287832311   0.1424112430004879   0.1377264162518361
   0.2779280490981474   0.1398830603061883   0.1328523205291297
   0.2796960251521852   0.1378253011450218   0.1283452387263998
   0.2819966536774240   0.1363042749031719   0.1243106295122430
   0.2848388966862414   0.1353828493484493   0.1208573368555061
   0.2882212059452858   0.1351180211724915   0.1180942531931811
   0.2921304000767689   0.1355583346369646   0.1161262835109477
   0.2965409128935109   0.1367412893312615   0.1150497477549159
   0.3014145262715633   0.1386909122226066   0.1149474517830928
   0.3067006819541076   0.1414156918194097   0.1158837468874645
   0.3123374332000613   0.1449070769087949   0.1178999696252491
   0.3182530503407910   0.1491387238161695   0.1210106908621759
   0.3243682378266217   0.1540666321102472   0.1252011911742387
   0.3305988603942586   0.1596302408165347   0.1304265106243790
   0.3368590204417083   0.1657544717796993   0.1366122952982421
   0.3430642858778020   0.1723526142536057   0.1436574927957980
   0.3491348447862378   0.1793298581126244   0.1514387563377603
   0.3549983646759519   0.1865872154565617   0.1598162310846248
   0.3605923605640171   0.1940255324633248   0.1686402463526254
   0.3658659242622362   0.2015492909231801   0.1777583477139735
   0.3707807301577164   0.2090699316926387   0.1870220866664897
   0.3753113015347773   0.2165084941779939   0.1962930423238033
   0.3794445867808620   0.2237974463663416   0.2054476663080792
   0.3831789487036513   0.2308816663173182   0.2143806965112781
   0.3865227072986590   0.2377186163857913   0.2230070516695676
   0.3894923944257099   0.2442778163399894   0.2312622725210757
   0.3921108787569426   0.2505397653547650   0.2391016983377604
   0.3944055041492923   0.2564944840147849   0.2464986495324082
   0.3964063587425705   0.2621398478233871   0.2534419256487728
   0.3981447604638688   0.2674798675133754   0.2599329277458151
   0.3996520117130863   0.2725230440784557   0.2659826836266738
   0.4009584453887767   0.2772808933412093   0.2716090039714814
   0.4020927585268881   0.2817667007922838   0.2768339374043024
   0.4030816099746501   0.2859945359862782   0.2816816314558209
   0.4039494450471757   0.2899785293102937   0.2861766506082379
   0.4047185026281131   0.2937323936294217   0.2903427560890167
   0.4054089578202860   0.2972691593871519   0.2942021166710310
   0.4060391549289959   0.3006010837410841   0.2977748956416622
   0.4066258901112784   0.3037396913625604   0.3010791453768251
   0.4071847093596248   0.3066959055330575   0.3041309359653379
   0.4077301946678655   0.3094802320011021   0.3069446461320183
   0.4082762184977032   0.3121029636682814   0.3095333513308294
   0.4088361534725574   0.3145743806461013   0.3119092535051341
   0.4094230302039326   0.3169049268434944   0.3140841080909788
   0.4100496411012912   0.3191053504740762   0.3160696151408219
   0.4107285918597938   0.3211868013583207   0.3178777520664670
   0.4114723050930627   0.3231608824408408   0.3195210348447085
   0.4122929823824492   0.3250396564769503   0.3210127022673763
   0.4132025319947575   0.3268356113926821   0.3223668238356887
   0.4142124698409584   0.3285615894827128   0.3235983362474909
   0.4153338010742924   0.3302306865160153   0.3247230162684702
   0.4165768892106743   0.3318561271227327   0.3257573993459135
   0.4179513189306744   0.3334511226919999   0.3267186538773313
   0.4194657578992610   0.3350287175623030   0.3276244208487518
   0.4211278220998782   0.3366016286574028   0.3284926278516016
   0.4229439483816244   0.3381820830126485   0.3293412854832503
   0.4249192771986459   0.3397816569251718   0.3301882730056389
   0.4270575478973032   0.3414111198002359   0.3310511190091477
   0.4293610083826208   0.3430802851873331   0.3319467817959149
   0.4318303405637952   0.3447978710183496   0.3328914333139505
   0.4344646026248722   0.3465713706770583   0.3339002497664011
   0.4372611888730332   0.3484069362347321   0.3349872114908030
   0.4402158076640489   0.3503092749640452   0.3361649143342785
   0.4433224776741429   0.3522815600718232   0.3374443945125009
   0.4465735425642756   0.3543253564483000   0.3388349687948539
   0.4499597038550646   0.3564405620948687   0.3403440917638763
   0.4534700715912316   0.3586253657449420   0.3419772318122140
   0.4570922321215440   0.3608762210186434   0.3437377674268742
   0.4608123320565564   0.3631878372418448   0.3456269051367250
   0.4646151771993281   0.3655531868094329   0.3476436202415552
   0.4684843449847216   0.3679635286834113   0.3497846210861646
   0.4724023087245856   0.3704084472959114   0.3520443371882461
   0.4763505717543738   0.3728759057877584   0.3544149309824021
   0.4803098094270645   0.3753523121713499   0.3568863323226513
   0.4842600168171619   0.3778225966812720   0.3594462942188153
   0.4881806599934458   0.3802702982877221   0.3620804676010263
   0.4920508288032643   0.3826776581164376   0.3647724922475242
   0.4958493892890982   0.3850257173629230   0.3675041004106551
   0.4995551341313860   0.3872944172238451   0.3702552291688374
   0.5031469298778746   0.3894626984064782   0.3730041371474737
   0.5066038601732470   0.3915085979259704   0.3757275210115630
   0.5099053647351389   0.3934093411640860   0.3784006270512427
   0.5130313744238859   0.3951414275430816   0.3809973532646127
   0.5159624434129855   0.3966807086636206   0.3834903375887306
   0.5186798801754962   0.3980024583651443   0.3858510283334246
   0.5211658797500824   0.3990814348914399   0.3880497334252978
   0.5234036605329738   0.3998919361876705   0.3900556457648099
   0.5253776096547609   0.4004078503280231   0.3918368428379843
   0.5270734418414910   0.4006027041934760   0.3933602597183379
   0.5284783775261832   0.4004497148145707   0.3945916357738368
   0.5295813468661832   0.3999218493030888   0.3954954368116450
   0.5303732272250469   0.3989919010692103   0.3960347561344006
   0.5308471225762285   0.3976325921184458   0.3961712001680999
   0.5309986941441602   0.3958167137160506   0.3958647671220147
   0.5308265523548472   0.3935173206717431   0.3950737307788365
   0.5303327207229239   0.3907079980077316   0.3937545462746947
   0.5295231825010498   0.3873632228860228   0.3918618009691384
   0.5284085205315099   0.3834588494071747   0.3893482416494551
   0.5270046594397044   0.3789727492019730   0.3861649198459229
   0.5253337166353893   0.3738856464487730   0.3822615104666951
   0.5234249639175133   0.3681821916967332   0.3775868757656634
   0.5213158939949163   0.3618523239948993   0.3720899671409689
   0.5190533749045200   0.3548929742170862   0.3657211813502882
   0.5166948588857690   0.3473101624143306   0.3584343146119565
   0.5143095893548890   0.3391215359757005   0.3501892856592413
   0.5119797188095141   0.3303593797489742   0.3409558230128220
   0.5098012106719932   0.3210740992811059   0.3307183253631180
   0.5078843489536171   0.3113381280185635   0.3194820955731855
   0.5063536225388798   0.3012501319018374   0.3072811015405158
   0.5053466900185042   0.2909392738078663   0.2941873080207960
   0.5050120748482758   0.2805691516370156   0.2803214243222641
   0.5055052036592824   0.2703408393628878   0.2658645939972411
   0.5069824044945617   0.2604942530921597   0.2510700923730473
   0.5095925553850211   0.2513068647724684   0.2362734976500773
   0.5134662498819975   0.2430886489981949   0.2218991101381937
   0.5187026542799350   0.2361721537138443   0.2084597355690375
   0.5253546835703087   0.2308968327278122   0.1965465418443874
   0.5334136961159950   0.2275873622362731   0.1868058543897335
   0.5427955218114225   0.2265266344231571   0.1799008168017407
   0.5533301507636452   0.2279254251549888   0.1764580567207355
   0.5647576221914337   0.2318921614385757   0.1770028183600297
   0.5767323640231318   0.2384073924718468   0.1818899329591580
   0.5888373166415484   0.2473080206396209   0.1912414444511618
   0.6006076711471344   0.2582856606009678   0.2049033151201068
   0.6115622273841206   0.2709015236067810   0.2224322184904914
   0.6212386841124564   0.2846172658971546   0.2431186334064311
   0.6292281221989846   0.2988380248957228   0.2660452014628600
   0.6352038987066839   0.3129613363589034   0.2901716537392559
   0.6389411957835758   0.3264245621699103   0.3144319820230524
   0.6403252763824008   0.3387441541322333   0.3378276850836437
   0.6393485668014476   0.3495422239389220   0.3595032017249321
   0.6360984635174582   0.3585587357248015   0.3787949241538684
   0.6307388663085401   0.3656503346607806   0.3952515109482121
   0.6234887532864646   0.3707787392568718   0.4086286916482428
   0.6146007585987923   0.3739925013652312   0.4188652034219700
   0.6043419493824456   0.3754058748394589   0.4260476728211126
   0.5929781030518005   0.3751778400777836   0.4303716054613193
   0.5807619730566538   0.3734933622949487   0.4321039407852436
   0.5679254187583811   0.3705480024740853   0.4315506048640031
   0.5546748939773154   0.3665362223215518   0.4290306677490450
   0.5411896120712874   0.3616431907599892   0.4248573397934784
   0.5276216793226153   0.3560395973584393   0.4193251741490941
   0.5140975556293870   0.3498788575843230   0.4127024086644377
   0.5007203141910777   0.3432960962142723   0.4052272597484443
   0.4875722962782917   0.3364083657941747   0.3971070536560785
   0.4747178729338474   0.3293156572536450   0.3885192510572737
   0.4622061226634899   0.3221023640934254   0.3796136225416483
   0.4500733099410713   0.3148389557723826   0.3705150264488005
   0.4383451048403976   0.3075836938420647   0.3613264065861034
   0.4270385224101030   0.3003842848228535   0.3521317595205327
   0.4161635851981134   0.2932794082946867   0.3429989201944701
   0.4057247270960053   0.2863000898541718   0.3339820851881053
   0.3957219643707977   0.2794709093756405   0.3251240407711283
   0.3861518627165349   0.2728110480729055   0.3164580935295934
   0.3770083291324098   0.2663351854163110   0.3080097196185168
   0.3682832556595130   0.2600542607596812   0.2997979584082392
   0.3599670393317577   0.2539761158768477   0.2918365803621006
   0.3520489996706701   0.2481060344335577   0.2841350595063645
   0.3445177120198932   0.2424471933762773   0.2766993792978963
   0.3373612721690666   0.2370010397380667   0.2695326980480537
   0.3305675051570032   0.2317676047213019   0.2626358969609851
   0.3241241289078357   0.2267457652868768   0.2560080306842132
   0.3180188814407930   0.2219334619554021   0.2496466972753970
   0.3122396187832678   0.2173278801552388   0.2435483417779861
   0.3067743893764077   0.2129256012519807   0.2377085052168928
   0.3016114896575278   0.2087227283629191   0.2321220287779305
   0.2967395045994637   0.2047149911866509   0.2267832212024046
   0.2921473362513707   0.2008978333459456   0.2216859959798054
   0.2878242227296759   0.1972664851332139   0.2168239837213959
   0.2837597496270906   0.1938160240446264   0.2121906241098874
   0.2799438554206292   0.1905414250745950   0.2077792410119004
   0.2763668321488399   0.1874376024022456   0.2035831036806064
   0.2730193223792992   0.1844994438228831   0.1995954764397689
   0.2698923132878907   0.1817218390494127   0.1958096588051944
   0.2669771285117333   0.1790997028220688   0.1922190176467210
   0.2642654183099309   0.1766279936120464   0.1888170127079170
   0.2617491484642172   0.1743017285794428   0.1855972165689005
   0.2594205882699476   0.1721159953431924   0.1825533299497996
   0.2572722979025975   0.1700659610362101   0.1796791930999038
   0.2552971153926992   0.1681468790493600   0.1769687938937094
   0.2534881434003186   0.1663540938103691   0.1744162731543311
   0.2518387359466256   0.1646830438961624   0.1720159276426965
   0.2503424852331653   0.1631292637375079   0.1697622110840057
   0.2489932086577111   0.1616883841418305   0.1676497335482295
   0.2477849361180071   0.1603561318324045   0.1656732594566372
   0.2467118976803920   0.1591283281788741   0.1638277044496076
   0.2457685116785496   0.1580008872743942   0.1621081313207773
   0.2449493732978762   0.1569698134979648   0.1605097451976874
   0.2442492436927464   0.1560311986862228   0.1590278881285149
   0.2436630396769175   0.1551812190266043   0.1576580332173797
   0.2431858240211539   0.1544161317730322   0.1563957784364651
   0.2428127963866346   0.1537322718758160   0.1552368402311887
   0.2425392849176450   0.1531260486090056   0.1541770470244841
   0.2423607385122887   0.1525939422708200   0.1532123327175039
   0.2422727197853882   0.1521325010257866   0.1523387302764147
   0.2422708987332707   0.1517383379507324   0.1515523654881640
   0.2423510471056968   0.1514081283406409   0.1508494509619319
   0.2425090334857422   0.1511386073245301   0.1502262804472496
   0.2427408190739565   0.1509265678358282   0.1496792235343196
   0.2430424541685782   0.1507688589761708   0.1492047207967896
   0.2434100753289885   0.1506623848060517   0.1487992794319994
   0.2438399032049306   0.1506041035903032   0.1484594694484686
   0.2443282410093437   0.1505910275209285   0.1481819204450630
   0.2448714736079513   0.1506202229343406   0.1479633190208134
   0.2454660671940623   0.1506888110345708   0.1478004068487492
   0.2461085695123961   0.1507939691284931   0.1476899794413264
   0.2467956105911634   0.1509329323735683   0.1476288856290702
   0.2475239039371752   0.1511029960330495   0.1476140277679251
   0.2482902481444140   0.1513015182280106   0.1476423626845107
   0.2490915288623421   0.1515259231699769   0.1477109033620385
   0.2499247210662589   0.1517737048523483   0.1478167213630634
   0.2507868915682804   0.1520424311732183   0.1479569499785324
   0.2516752017040352   0.1523297484566081   0.1481287880857624
   0.2525869101269667   0.1526333863335492   0.1483295046910235
   0.2535193756392351   0.1529511629388561   0.1485564441253242
   0.2544700599856533   0.1532809903738230   0.1488070318547652
   0.2554365305348895   0.1536208803794473   0.1490787808594243
   0.2564164627703662   0.1539689501591129   0.1493692985271281
   0.2574076425119243   0.1543234282839576   0.1496762940006003
   0.2584079677884432   0.1546826606083874   0.1499975859083137
   0.2594154502812773   0.1550451161174017   0.1503311104008511
   0.2604282162586686   0.1554093926215707   0.1506749294056704
   0.2614445069222897   0.1557742222096880   0.1510272390037996
   0.2624626780888994   0.1561384763633829   0.1513863778221777
   0.2634811991328415   0.1565011706323737   0.1517508353250719
   0.2644986511189539   0.1568614687637225   0.1521192598773018
   0.2655137240605173   0.1572186861735385   0.1524904664409674
   0.2665252132433368   0.1575722926452837   0.1528634437561372
   0.2675320145650900   0.1579219141353832   0.1532373608447344
   0.2685331188488718   0.1582673335645310   0.1536115726659232
   0.2695276051015971   0.1586084904722205   0.1539856247410438
   0.2705146327017420   0.1589454794129973   0.1543592565570110
   0.2714934325169502   0.1592785469761341   0.1547324035496642
   0.2724632969703965   0.1596080873162853   0.1551051974634810
   0.2734235690955046   0.1599346360916495   0.1554779648820985
   0.2743736306416480   0.1602588627186758   0.1558512237260509
   0.2753128893186533   0.1605815608688259   0.1562256775209118
   0.2762407652950695   0.1609036371536811   0.1566022072515405
   0.2771566770938654   0.1612260979700722   0.1569818606372652
   0.2780600270589858   0.1615500345070338   0.1573658386894345
   0.2789501865963598   0.1618766059512825   0.1577554794475603
   0.2798264814227183   0.1622070209673878   0.1581522388337759
   0.2806881770839615   0.1625425175724612   0.1585576686178556
   0.2815344650307372   0.1628843415723687   0.1589733915465081
   0.2823644495611149   0.1632337237762595   0.1594010737606346
   0.2831771359574891   0.1635918562573968   0.1598423947018194
   0.2839714201557484   0.1639598679793668   0.1602990147930381
   0.2847460802880282   0.1643388001560103   0.1607725412664653
   0.2854997704347528   0.1647295817588633   0.1612644926007737
   0.2862310169061226   0.1651330056254015   0.1617762621183724
   0.2869382173468759   0.1655497056527059   0.1623090813760980
   0.2876196429205443   0.1659801355821259   0.1628639840570581
   0.2882734437804199   0.1664245498890222   0.1634417711325391
   0.2888976579744064   0.1668829872859045   0.1640429781070476
   0.2894902238607051   0.1673552573258350   0.1646678451827557
   0.2900489960322753   0.1678409305549252   0.1653162911784921
   0.2905717646621430   0.1683393326078467   0.1659878920102352
   0.2910562780913111   0.1688495425689619   0.1666818644831434
   0.2915002683891206   0.1693703958351935   0.1673970560589433
   0.2919014795255637   0.1699004916171021   0.1681319411478094
   0.2922576977096242   0.1704382051046480   0.1688846243329689
   0.2925667833706085   0.1709817042071996   0.1696528507728443
   0.2928267041938700   0.1715289706575584   0.1704340238446681
   0.2930355685712620   0.1720778251514317   0.1712252299014124
   0.2931916587925300   0.1726259560814292   0.1720232698176858
   0.2932934632884912   0.1731709513227195   0.1728246968076583
   0.2933397072413219   0.1737103324400408   0.1736258598168748
   0.2933293809018178   0.1742415906163818   0.1744229516275186
   0.2932617649975157   0.1747622235551149   0.1752120606800692
   0.2931364526776008   0.1752697725815637   0.1759892255089958
   0.2929533675183912   0.1757618591677684   0.1767504906203358
   0.2927127772040012   0.1762362201254251   0.1774919626072449
   0.2924153025972255   0.1766907407553643   0.1782098653065532
   0.2920619220220470   0.1771234853053905   0.1789005928439399
   0.2916539706876873   0.1775327241688479   0.1795607594947210
   0.2911931352910411   0.1779169573503808   0.1801872453971622
   0.2906814439361682   0.1782749338290212   0.1807772372901907
   0.2901212516031865   0.1786056665578587   0.1813282636011060
   0.2895152214818096   0.1789084429500053   0.1818382233746140
   0.2888663025549539   0.1791828308084968   0.1823054087054293
   0.2881777038739649   0.1794286797597389   0.1827285205062954
   0.2874528660084090   0.1796461183431812   0.1831066776056337
   0.2866954301799965   0.1798355469917983   0.1834394193190950
   0.2859092056025574   0.1799976272070793   0.1837267017729772
   0.2850981355490657   0.1801332672876014   0.1839688883718377
   0.2842662626538952   0.1802436050116161   0.1841667348958320
   0.2834176939354041   0.1803299877016523   0.1843213697845812
   0.2825565659924365   0.1803939501137086   0.1844342702139127
   0.2816870107902700   0.1804371905963018   0.1845072346006784
   0.2808131224087783   0.1804615459568859   0.1845423521807245
   0.2799389250799293   0.1804689654565646   0.1845419702981735
   0.2790683427947700   0.1804614843302604   0.1845086600229987
   0.2782051707132190   0.1804411972002769   0.1844451806810947
   0.2773530485644687   0.1804102317180837   0.1843544438393666
   0.2765154361825615   0.1803707227336664   0.1842394772403554
   0.2756955912814764   0.1803247872552037   0.1841033891289672
   0.2748965495373416   0.1802745004253048   0.1839493333601026
   0.2741211070124898   0.1802218727044493   0.1837804756221752
   0.2733718049271046   0.1801688284183473   0.1835999610591615
   0.2726509167591636   0.1801171857941898   0.1834108835240562
   0.2719604376321023   0.1800686385815213   0.1832162566502591
   0.2713020759318920   0.1800247393269358   0.1830189868850188
   0.2706772470807323   0.1799868843480080   0.1828218485908800
   0.2700870693829843   0.1799563004307894   0.1826274612871936
   0.2695323618499702   0.1799340332566788   0.1824382690740315
   0.2690136439034920   0.1799209375483385   0.1822565222550536
   0.2685311368530720   0.1799176689103484   0.1820842611536743
   0.2680847670386819   0.1799246773282375   0.1819233020978516
   0.2676741705288743   0.1799422022791780   0.1817752255325709
   0.2672986992635444   0.1799702693987506   0.1816413662051911
   0.2669574285308610   0.1800086886406120   0.1815228053568699
   0.2666491656691097   0.1800570538594552   0.1814203648429431
   0.2663724598861925   0.1801147437422364   0.1813346030961047
   0.2661256130922826   0.1801809240081731   0.1812658128383022
   0.2659066916446307   0.1802545507944441   0.1812140204402533
   0.2657135389077580   0.1803343751418592   0.1811789868213337
   0.2655437885372585   0.1804189484930077   0.1811602097772421
   0.2653948784012186   0.1805066291146233   0.1811569276183616
   0.2652640650598371   0.1805955893561472   0.1811681239981859
   0.2651484387312374   0.1806838236578391   0.1811925338086919
   0.2650449386796887   0.1807691572243314   0.1812286500182591
   0.2649503689714919   0.1808492552833337   0.1812747313278431
   0.2648614145535950   0.1809216328543239   0.1813288105227525
   0.2647746576205245   0.1809836649585689   0.1813887034007475
   0.2646865942463690   0.1810325972097117   0.1814520181623907
   0.2645936512702103   0.1810655567334562   0.1815161651567657
   0.2644922034354473   0.1810795633755391   0.1815783668849288
   0.2643785907957116   0.1810715411691514   0.1816356681747967
   0.2642491364123866   0.1810383300461745   0.1816849464546194
   0.2641001643808932   0.1809766977909117   0.1817229220676939
   0.2639280182347010   0.1808833522503067   0.1817461685884636
   0.2637290797872320   0.1807549538307628   0.1817511231195018
   0.2634997884822434   0.1805881283284669   0.1817340965699503
   0.2632366613326395   0.1803794801573628   0.1816912839386012
   0.2629363135357768   0.1801256060564281   0.1816187746487807
   0.2625954798599276   0.1798231093754666   0.1815125630073277
   0.2622110369014184   0.1794686150560270   0.1813685588860432
   0.2617800263148479   0.1790587854410701   0.1811825987508466
   0.2612996791194123   0.1785903370634097   0.1809504571913134
   0.2607674411825109   0.1780600585785141   0.1806678591311349
   0.2601809999771563   0.1774648300217182   0.1803304929281882
   0.2595383127019758   0.1768016435830043   0.1799340246011978
   0.2588376358414204   0.1760676261039651   0.1794741134483087
   0.2580775562288078   0.1752600635110134   0.1789464293511444
   0.2572570236555740   0.1743764274059740   0.1783466720859768
   0.2563753850461040   0.1734144040393988   0.1776705929913150
   0.2554324201881683   0.1723719258927149   0.1769140193683129
   0.2544283789736799   0.1712472060919717   0.1760728820165529
   0.2533640200624682   0.1700387758676334   0.1751432463325399
   0.2522406508322417   0.1687455252605733   0.1741213474209374
   0.2510601684200143   0.1673667472529189   0.1730036296882690
   0.2498251015930761   0.1659021854722328   0.1717867914042142
   0.2485386531101464   0.1643520855769545   0.1704678347250373
   0.2472047421447576   0.1627172503780907   0.1690441216748656
   0.2458280462423117   0.1609990986845349   0.1675134365706441
   0.2444140421689904   0.1591997277745604   0.1658740553520367
   0.2429690448843675   0.1573219792911671   0.1641248222339360
   0.2415002437302170   0.1553695082310789   0.1622652340312611
   0.2400157347762269   0.1533468545432354   0.1602955324070987
   0.2385245481005592   0.1512595166696165   0.1582168041587432
   0.2370366686118692   0.1491140261465443   0.1560310894736773
   0.2355630488433128   0.1469180221361586   0.1537414978501690
   0.2341156119735883   0.1446803244745848   0.1513523310757033
   0.2327072431624942   0.1424110035058890   0.1488692122817891
   0.2313517671383271   0.1401214446219088   0.1462992196375726
   0.2300639098536418   0.1378244050529433   0.1436510227007859
   0.2288592419489682   0.1355340600621808   0.1409350188098356
   0.2277541017481267   0.1332660353012019   0.1381634661771839
   0.2267654955732255   0.1310374217036733   0.1353506095404959
   0.2259109733334721   0.1288667689541091   0.1325127933624865
   0.2252084776316552   0.1267740532992060   0.1296685566727981
   0.2246761650670496   0.1247806153078519   0.1268387027592930
   0.2243321990126348   0.1229090631750195   0.1240463361012699
   0.2241945139219774   0.1211831373508381   0.1213168582692384
   0.2242805521831925   0.1196275327068892   0.1186779140868343
   0.2246069756791892   0.1182676751722965   0.1161592792650784
   0.2251893555155859   0.1171294508198270   0.1137926810897429
   0.2260418448034625   0.1162388867804047   0.1116115446799801
   0.2271768408770445   0.1156217851155929   0.1096506589377371
   0.2286046448096678   0.1153033128561379   0.1079457586409309
   0.2303331274691576   0.1153075537607175   0.1065330222204665
   0.2323674125152959   0.1156570298643688   0.1054484885594125
   0.2347095875687088   0.1163722034333759   0.1047274005402253
   0.2373584551558194   0.1174709723504469   0.1044034878326413
   0.2403093348567936   0.1189681740234638   0.1045082062624637
   0.2435539272796816   0.1208751144363338   0.1050699556566202
   0.2470802490235566   0.1231991397467652   0.1061133019017603
   0.2508726456990639   0.1259432677246963   0.1076582316557545
   0.2549118874286941   0.1291058952192083   0.1097194693340277
   0.2591753481924134   0.1326805957255799   0.1123058853796348
   0.2636372671081870   0.1366560180770710   0.1154200222970228
   0.2682690864656031   0.1410158934834106   0.1190577605567416
   0.2730398582978328   0.1457391538385430   0.1232081405388372
   0.2779167086983933   0.1508001597397445   0.1278533496389952
   0.2828653471362351   0.1561690323347669   0.1329688761115842
   0.2878506068015947   0.1618120792574299   0.1385238238240295
   0.2928370015543935   0.1676923017775493   0.1444813754720049
   0.2977892852974168   0.1737699680383953   0.1507993864592667
   0.3026730004428139   0.1800032359363386   0.1574310878953478
   0.3074550034231498   0.1863488087601564   0.1643258751002105
   0.3121039567413094   0.1927626070136999   0.1714301574992442
   0.3165907786925502   0.1992004407050969   0.1786882465404772
   0.3208890434973888   0.2056186675947195   0.1860432598605258
   0.3249753260754578   0.2119748242721406   0.1934380219396674
   0.3288294870402452   0.2182282183487651   0.2008159435532438
   0.3324348947202441   0.2243404714405969   0.2081218641991155
   0.3357785821608681   0.2302760039687823   0.2153028432577480
   0.3388513381913448   0.2360024541643439   0.2223088869606206
   0.3416477328009266   0.2414910250908306   0.2290935994458901
   0.3441660782850661   0.2467167550545967   0.2356147474608229
   0.3464083288894279   0.2516587084924872   0.2418347298159094
   0.3483799229609748   0.2563000863074583   0.2477209446388620
   0.3500895728490540   0.2606282566177707   0.2532460498650569
   0.3515490089096990   0.2646347089110539   0.2583881151855402
   0.3527726848766215   0.2683149365421730   0.2631306667196383
   0.3537774525075080   0.2716682542669008   0.2674626287912570
   0.3545822137501696   0.2746975589544002   0.2713781701441195
   0.3552075586823205   0.2774090426863833   0.2748764645174164
   0.3556753971715534   0.2798118680785345   0.2779613775427417
   0.3560085916137226   0.2819178158363942   0.2806410932959758
   0.3562305972933330   0.2837409143052532   0.2829276944905020
   0.3563651159359367   0.2852970601438424   0.2848367102425425
   0.3564357669622191   0.2866036383189650   0.2863866446433063
   0.3564657798768007   0.2876791484697363   0.2875984981458714
   0.3564777101948048   0.2885428434165272   0.2884952921526137
   0.3564931803777943   0.2892143842778340   0.2891016053167475
   0.3565326464563040   0.2897135153849781   0.2894431280904788
   0.3566151903835474   0.2900597610130127   0.2895462400897463
   0.3567583377053699   0.2902721449241448   0.2894376130081563
   0.3569778998447601   0.2903689328793915   0.2891438401831876
   0.3572878401750038   0.2903673976323066   0.2886910925542124
   0.3577001630759823   0.2902836054798286   0.2881047996894411
   0.3582248253097374   0.2901322232031700   0.2874093538122159
   0.3588696692872676   0.2899263441713251   0.2866278343235906
   0.3596403780997711   0.2896773324799705   0.2857817501812847
   0.3605404525251669   0.2893946842336815   0.2848907976273319
   0.3615712105666468   0.2890859054211551   0.2839726311219884
   0.3627318104084888   0.2887564062520529   0.2830426458974098
   0.3640192979628051   0.2884094122908695   0.2821137712444693
   0.3654286804109913   0.2880458932101004   0.2811962744405011
   0.3669530273020664   0.2876645104670850   0.2802975760647169
   0.3685836008491825   0.2872615856656435   0.2794220782832152
   0.3703100170638627   0.2868310917802692   0.2785710084730821
   0.3721204392896469   0.2863646697897704   0.2777422812591830
   0.3740018055533185   0.2858516735901502   0.2769303826338766
   0.3759400909580344   0.2852792463443652   0.2761262803112381
   0.3779206061168527   0.2846324317010465   0.2753173648462957
   0.3799283323861451   0.2838943236073184   0.2744874263637820
   0.3819482944218461   0.2830462587937886   0.2736166720555918
   0.3839659703554694   0.2820680564705507   0.2726817900172837
   0.3859677396661816   0.2809383103923090   0.2716560656277368
   0.3879413685853190   0.2796347392756274   0.2705095576869095
   0.3898765325592257   0.2781346026170700   0.2692093430920064
   0.3917653748294097   0.2764151902796382   0.2677198411433093
   0.3936030994376670   0.2744543957603769   0.2660032318174327
   0.3953885957498669   0.2722313847413207   0.2640199866941886
   0.3971250896811745   0.2697273721950848   0.2617295367832897
   0.3988208139034594   0.2669265226906999   0.2590911082734423
   0.4004896850707789   0.2638169892037953   0.2560647650490567
   0.4021519701134513   0.2603921050701626   0.2526127052466633
   0.4038349155090706   0.2566517408966827   0.2487008673067002
   0.4055733027567071   0.2526038321579792   0.2443009074913069
   0.4074098797953086   0.2482660724819921   0.2393926134731186
   0.4093956018112901   0.2436677506367357   0.2339668141296825
   0.4115895962174501   0.2388516842151896   0.2280288296737521
   0.4140587467157564   0.2338761683345418   0.2216024730112504
   0.4168767724810321   0.2288168122458235   0.2147345559975899
   0.4201226642120380   0.2237680807950446   0.2074997660106326
   0.4238783343615349   0.2188442936799097   0.2000056532053067
   0.4282253513073691   0.2141797694509255   0.1923973051908609
   0.4332406649900046   0.2099277441292721   0.1848610899341569
   0.4389913033487342   0.2062576628923167   0.1776266388122670
   0.4455281316568143   0.2033504599013393   0.1709660575043164
   0.4528789224221026   0.2013915317872053   0.1651892515427418
   0.4610411744813686   0.2005612983347212   0.1606343129112512
   0.4699753255036792   0.2010235423010816   0.1576522169428400
   0.4795991858543118   0.2029121192170517   0.1565856883244039
   0.4897845333067786   0.2063170837394243   0.1577430186530458
   0.5003567914557289   0.2112717088103454   0.1613687685068700
   0.5110985236018846   0.2177421629160937   0.1676144598666566
   0.5217570916100727   0.2256216372806722   0.1765132537642506
   0.5320562864374772   0.2347303896831871   0.1879628748095722
   0.5417111185510580   0.2448224820176064   0.2017204345279254
   0.5504443894268556   0.2555990269327664   0.2174112747367223
   0.5580032873344565   0.2667267161663505   0.2345517402039690
   0.5641741666935880   0.2778595224249900   0.2525833906437491
   0.5687939152557135   0.2886609663915229   0.2709141803852466
   0.5717568363539181   0.2988243403742407   0.2889610780826944
   0.5730166528333066   0.3080887612065754   0.3061887015937224
   0.5725839220136153   0.3162497415154767   0.3221396933441616
   0.5705196999660934   0.3231639044905183   0.3364543702504699
   0.5669266232972553   0.3287483104020568   0.3488791436840357
   0.5619386678141901   0.3329754641715969   0.3592648705720535
   0.5557107324195412   0.3358653729028693   0.3675573929014654
   0.5484089527472424   0.3374760430323322   0.3737829813915766
   0.5402023488128245   0.3378936236481426   0.3780313150087976
   0.5312561181767992   0.3372231082248099   0.3804381829376959
   0.5217266424737236   0.3355801845763465   0.3811694836812310
   0.5117580994094633   0.3330845310623310   0.3804074742716986
   0.5014804652230556   0.3298546276420751   0.3783396911247927
   0.4910086437712768   0.3260039923324317   0.3751505679194118
   0.4804424526709279   0.3216386610856523   0.3710155191750888
   0.4698672189636411   0.3168556886057592   0.3660971209591072
   0.4593547735675129   0.3117424437272742   0.3605429725081185
   0.4489646757350483   0.3063764916657793   0.3544848342719618
   0.4387455395563342   0.3008258856602031   0.3480386835197876
   0.4287363706866009   0.2951497244794685   0.3413053892888348
   0.4189678514028657   0.2893988650707147   0.3343717715549667
   0.4094635355820190   0.2836167086288942   0.3273118677086869
   0.4002409327746042   0.2778400024733657   0.3201882791626858
   0.3913124731133933   0.2720996192139291   0.3130535111204825
   0.3826863533312063   0.2664212892124089   0.3059512495947856
   0.3743672696053314   0.2608262729818297   0.2989175428180865
   0.3663570461096738   0.2553319676615101   0.2919818706493419
   0.3586551697047979   0.2499524467680638   0.2851680968573334
   0.3512592416488942   0.2446989356607345   0.2784953065128815
   0.3441653569589254   0.2395802270761412   0.2719785352016439
   0.3373684213735324   0.2346030420766916   0.2656293992159534
   0.3308624149660467   0.2297723421184070   0.2594566369420287
   0.3246406104613586   0.2250915978989525   0.2534665718066869
   0.3186957533111930   0.2205630203540334   0.2476635067309954
   0.3130202096315381   0.2161877587407680   0.2420500592996530
   0.3076060872328702   0.2119660702550836   0.2366274459592106
   0.3024453341920199   0.2078974651253643   0.2313957226138222
   0.2975298187272171   0.2039808306366952   0.2263539880617806
   0.2928513935420366   0.2002145370864108   0.2215005558492807
   0.2884019472929595   0.1965965282608725   0.2168330993301672
   0.2841734454006596   0.1931243986584167   0.2123487740199038
   0.2801579620579154   0.1897954593636190   0.2080443207187858
   0.2763477049783744   0.1866067942007429   0.2039161523489809
   0.2727350341719390   0.1835553075557002   0.1999604269953126
   0.2693124758168144   0.1806377650518330   0.1961731092526452
   0.2660727321185631   0.1778508280911010   0.1925500216549937
   0.2630086878970794   0.1751910831247383   0.1890868876850451
   0.2601134145182391   0.1726550663924532   0.1857793676302938
   0.2573801716838603   0.1702392847634350   0.1826230883568535
   0.2548024075079546   0.1679402332228802   0.1796136679083992
   0.2523737572360586   0.1657544094719489   0.1767467357006071
   0.2500880409052004   0.1636783260448042   0.1740179489665796
   0.2479392601927002   0.1617085202918576   0.1714230060124121
   0.2459215946607957   0.1598415625319466   0.1689576567611956
   0.2440293975695942   0.1580740626366111   0.1666177109957616
   0.2422571914019080   0.1564026752757909   0.1643990446531909
   0.2405996632191533   0.1548241040252109   0.1622976044757177
   0.2390516599468853   0.1533351045106879   0.1603094112816649
   0.2376081836710570   0.1519324867429153   0.1584305620851786
   0.2362643870111701   0.1506131167774397   0.1566572312637617
   0.2350155686237099   0.1493739178180686   0.1549856709470659
   0.2338571688782552   0.1482118708674696   0.1534122107783735
   0.2327847657391318   0.1471240150159343   0.1519332571810932
   0.2317940708771990   0.1461074474479074   0.1505452922459018
   0.2308809260291349   0.1451593232357229   0.1492448723395067
   0.2300412996152472   0.1442768549808581   0.1480286265230037
   0.2292712836212762   0.1434573123547636   0.1468932548562275
   0.2285670907447550   0.1426980215838394   0.1458355266540769
   0.2279250518021892   0.1419963649163016   0.1448522787513810
   0.2273416133895373   0.1413497801024340   0.1439404138242840
   0.2268133357851699   0.1407557599139980   0.1430968988082733
   0.2263368910816265   0.1402118517233126   0.1423187634457345
   0.2259090615300386   0.1397156571576902   0.1416030989892351
   0.2255267380790183   0.1392648318404797   0.1409470570805476
   0.2251869190881219   0.1388570852259225   0.1403478488196959
   0.2248867091946518   0.1384901805313264   0.1398027440329974
   0.2246233183115534   0.1381619347667252   0.1393090707441803
   0.2243940607334918   0.1378702188591837   0.1388642148481595
   0.2241963543278225   0.1376129578662393   0.1384656199829422
   0.2240277197871127   0.1373881312706309   0.1381107875914308
   0.2238857799200916   0.1371937733464507   0.1377972771615669
   0.2237682589584029   0.1370279735851602   0.1375227066303406
   0.2236729818572823   0.1368888771685317   0.1372847529346716
   0.2235978735692669   0.1367746854745097   0.1370811526900503
   0.2235409582712386   0.1366836566012131   0.1369097029761089
   0.2235003585264961   0.1366141058938251   0.1367682622069847
   0.2234742943651016   0.1365644064589130   0.1366547510634069
   0.2234610822674477   0.1365329896507855   0.1365671534629101
   0.2234591340378012   0.1365183455148001   0.1365035175444028
   0.2234669555564843   0.1365190231730727   0.1364619566435132
   0.2234831454013086   0.1365336311387801   0.1364406502356480
   0.2235063933308835   0.1365608375461744   0.1364378448245322
   0.2235354786244146   0.1365993702845118   0.1364518547551012
   0.2235692682746032   0.1366480170253217   0.1364810629309764
   0.2236067150322000   0.1367056251337720   0.1365239214183308
   0.2236468553026513   0.1367711014563023   0.1365789519197042
   0.2236888068970772   0.1368434119781747   0.1366447461032425
   0.2237317666415186   0.1369215813461015   0.1367199657748431
   0.2237750078499803   0.1370046922526328   0.1368033428827946
   0.2238178776682442   0.1370918846805033   0.1368936793466342
   0.2238597942967512   0.1371823550066183   0.1369898467040949
   0.2239002441020171   0.1372753549667955   0.1370907855721534
   0.2239387786270660   0.1373701904837517   0.1371955049202626
   0.2239750115122350   0.1374662203621116   0.1373030811558708
   0.2240086153384117   0.1375628548554191   0.1374126570242389
   0.2240393184053285   0.1376595541112341   0.1375234403263652
   0.2240669014579544   0.1377558265013863   0.1376347024604987
   0.2240911943742922   0.1378512268453442   0.1377457767942421
   0.2241120728280325   0.1379453545354209   0.1378560568756203
   0.2241294549395269   0.1380378515731890   0.1379649944927014
   0.2241432979284407   0.1381284005270121   0.1380720975924112
   0.2241535947812375   0.1382167224210252   0.1381769280700689
   0.2241603709463469   0.1383025745662082   0.1382790994419065
   0.2241636810694784   0.1383857483444099   0.1383782744134058
   0.2241636057810871   0.1384660669562937   0.1384741623567173
   0.2241602485474779   0.1385433831442016   0.1385665167107127
   0.2241537325964603   0.1386175769008722   0.1386551323173781
   0.2241441979278535   0.1386885531748186   0.1387398427082899
   0.2241317984185021   0.1387562395829673   0.1388205173548456
   0.2241166990307868   0.1388205841409065   0.1388970588957477
   0.2240990731329412   0.1388815530207747   0.1389694003549792
   0.2240790999387889   0.1389391283464735   0.1390375023631801
   0.2240569620738288   0.1389933060354949   0.1391013503949329
   0.2240328432739074   0.1390440936962345   0.1391609520340165
   0.2240069262220382   0.1390915085892203   0.1392163342781916
   0.2239793905282672   0.1391355756602270   0.1392675408945545
   0.2239504108568305   0.1391763256527712   0.1393146298359381
   0.2239201552042225   0.1392137933070037   0.1393576707282702
   0.2238887833311833   0.1392480156515309   0.1393967424382134
   0.2238564453510261   0.1392790303942102   0.1394319307298220
   0.2238232804761598   0.1393068744174821   0.1394633260183606
   0.2237894159241203   0.1393315823833229   0.1394910212288468
   0.2237549659839046   0.1393531854524292   0.1395151097662964
   0.2237200312429042   0.1393717101217773   0.1395356836040884
   0.2236846979742593   0.1393871771842489   0.1395528314963010
   0.2236490376840012   0.1393996008135608   0.1395666373193373
   0.2236131068169142   0.1394089877773044   0.1395771785476232
   0.2235769466196348   0.1394153367804650   0.1395845248676494
   0.2235405831591062   0.1394186379413784   0.1395887369341329
   0.2235040274941230   0.1394188724016685   0.1395898652715873
