0.49017564
0.43009763
0.37156424
0.3159351
0.2642622499999999
0.21730136
0.17552839
0.13915912
0.1081703
0.082321709
0.061179091
0.044138084
0.03044954999999999
0.01924651499999999
0.0095728266
0.00041339549
-0.009274287899999999
-0.020527866
-0.034347591
-0.051664088
-0.07330677299999999
-0.099973106
-0.13219862
-0.17032751
-0.21448338
-0.26453998
-0.32009192
-0.380426
-0.44449471
-0.5108943799999999
-0.57785216
-0.6432268599999999
-0.70453026
-0.75897581
-0.80356144
-0.8351914600000001
-0.8508392900000001
-0.8477474900000001
-0.82365505
-0.77703452
-0.7073143800000001
-0.61505782
-0.5020676299999999
-0.3713921
-0.22721623
-0.074637906
0.08065472899999999
0.23277239
0.37603664
0.50536738
0.61660243
0.70671777
0.7739324
0.8176994699999999
0.83859927
0.83816027
0.8186379000000001
0.7827805599999999
0.73360661
0.67420988
0.60760318
0.53660282
0.46375222
0.39127877
0.32107715
0.25471132
0.19342832
0.13817836
0.08963678200000001
0.04822518399999999
0.014130408
-0.012678988
-0.032438134
-0.045572042
-0.052681218
-0.054525344
-0.052003934
-0.04613326999999999
-0.038019442
-0.028827856
-0.019750038
-0.011968946
-0.0066241666
-0.0047784068
-0.007386448999999999
-0.015267432
-0.02908084
-0.049306098
-0.076225256
-0.10990791
-0.1501974
-0.19669745
-0.24875876
-0.30546578
-0.36562474
-0.4277550599999999
-0.49008757
-0.55057385
-0.6069119899999999
-0.65659432
-0.6969820900000001
-0.72541053
-0.73932481
-0.7364434
-0.7149399
-0.6736294499999999
-0.61214013
-0.53104744
-0.4319492999999999
-0.31746282
-0.19113209
-0.057246876
0.079414966
0.21389733
0.34139508
0.45756689
0.5587984799999999
0.6423910099999999
0.70666086
0.7509497099999999
0.7755546899999999
0.78159696
0.7708508100000001
0.7455556900000001
0.70823083
0.66150716
0.6079859700000001
0.5501283599999999