       0.23890054       0.13536103       0.13200027
       0.23961978       0.13539594       0.13156551
       0.24043472       0.13553276       0.13121586
       0.24134853       0.13577828       0.13096024
       0.24236391       0.13613897       0.13080742
       0.24348310       0.13662094       0.13076594
       0.24470782       0.13722986       0.13084403
       0.24603931       0.13797089       0.13104946
       0.24747824       0.13884865       0.13138953
       0.24902476       0.13986712       0.13187088
       0.25067851       0.14102962       0.13249948
       0.25243857       0.14233879       0.13328052
       0.25430354       0.14379653       0.13421836
       0.25627155       0.14540399       0.13531646
       0.25834026       0.14716155       0.13657733
       0.26050695       0.14906886       0.13800255
       0.26276851       0.15112480       0.13959272
       0.26512154       0.15332753       0.14134747
       0.26756233       0.15567451       0.14326550
       0.27008699       0.15816256       0.14534460
       0.27269143       0.16078784       0.14758171
       0.27537143       0.16354598       0.14997296
       0.27812270       0.16643208       0.15251373
       0.28094092       0.16944075       0.15519876
       0.28382176       0.17256622       0.15802218
       0.28676090       0.17580234       0.16097760
       0.28975412       0.17914267       0.16405817
       0.29279728       0.18258049       0.16725668
       0.29588634       0.18610890       0.17056558
       0.29901741       0.18972081       0.17397705
       0.30218675       0.19340901       0.17748309
       0.30539081       0.19716622       0.18107550
       0.30862619       0.20098510       0.18474594
       0.31188974       0.20485832       0.18848602
       0.31517850       0.20877857       0.19228726
       0.31848977       0.21273859       0.19614115
       0.32182111       0.21673126       0.20003920
       0.32517036       0.22074959       0.20397298
       0.32853566       0.22478678       0.20793410
       0.33191547       0.22883627       0.21191436
       0.33530860       0.23289176       0.21590569
       0.33871422       0.23694729       0.21990027
       0.34213188       0.24099725       0.22389060
       0.34556150       0.24503647       0.22786952
       0.34900343       0.24906021       0.23183030
       0.35245840       0.25306423       0.23576671
       0.35592753       0.25704482       0.23967308
       0.35941233       0.26099884       0.24354438
       0.36291468       0.26492372       0.24737627
       0.36643681       0.26881749       0.25116516
       0.36998124       0.27267878       0.25490824
       0.37355077       0.27650686       0.25860354
       0.37714841       0.28030156       0.26224995
       0.38077734       0.28406330       0.26584724
       0.38444083       0.28779305       0.26939603
       0.38814218       0.29149231       0.27289782
       0.39188468       0.29516303       0.27635495
       0.39567148       0.29880759       0.27977054
       0.39950554       0.30242871       0.28314849
       0.40338956       0.30602942       0.28649335
       0.40732590       0.30961296       0.28981030
       0.41131647       0.31318272       0.29310505
       0.41536269       0.31674216       0.29638374
       0.41946542       0.32029470       0.29965284
       0.42362487       0.32384368       0.30291904
       0.42784054       0.32739226       0.30618916
       0.43211118       0.33094334       0.30946998
       0.43643474       0.33449946       0.31276818
       0.44080833       0.33806277       0.31609020
       0.44522817       0.34163491       0.31944209
       0.44968960       0.34521698       0.32282944
       0.45418708       0.34880945       0.32625723
       0.45871413       0.35241214       0.32972976
       0.46326340       0.35602414       0.33325051
       0.46782668       0.35964381       0.33682210
       0.47239493       0.36326874       0.34044614
       0.47695831       0.36689571       0.34412325
       0.48150625       0.37052072       0.34785292
       0.48602753       0.37413898       0.35163353
       0.49051029       0.37774490       0.35546230
       0.49494221       0.38133215       0.35933528
       0.49931048       0.38489370       0.36324737
       0.50360198       0.38842179       0.36719229
       0.50780334       0.39190807       0.37116270
       0.51190103       0.39534362       0.37515017
       0.51588147       0.39871898       0.37914527
       0.51973112       0.40202427       0.38313767
       0.52343660       0.40524924       0.38711618
       0.52698474       0.40838334       0.39106886
       0.53036268       0.41141579       0.39498313
       0.53355801       0.41433568       0.39884585
       0.53655874       0.41713202       0.40264345
       0.53935348       0.41979379       0.40636202
       0.54193143       0.42231007       0.40998739
       0.54428247       0.42467003       0.41350530
       0.54639718       0.42686303       0.41690141
       0.54826691       0.42887867       0.42016144
       0.54988379       0.43070678       0.42327125
       0.55124077       0.43233753       0.42621690
       0.55233162       0.43376141       0.42898470
       0.55315095       0.43496926       0.43156127
       0.55369421       0.43595229       0.43393362
       0.55395772       0.43670208       0.43608910
       0.55393861       0.43721058       0.43801549
       0.55363485       0.43747012       0.43970097
       0.55304524       0.43747335       0.44113413
       0.55216939       0.43721328       0.44230393
       0.55100771       0.43668322       0.44319970
       0.54956139       0.43587677       0.44381110
       0.54783244       0.43478775       0.44412804
       0.54582361       0.43341022       0.44414067
       0.54353847       0.43173843       0.44383927
       0.54098137       0.42976675       0.44321420
       0.53815749       0.42748968       0.44225580
       0.53507284       0.42490180       0.44095432
       0.53173435       0.42199775       0.43929978
       0.52814987       0.41877221       0.43728194
       0.52432830       0.41521989       0.43489012
       0.52027968       0.41133557       0.43211316
       0.51601530       0.40711409       0.42893927
       0.51154783       0.40255042       0.42535597
       0.50689157       0.39763973       0.42135004
       0.50206257       0.39237755       0.41690738
       0.49707897       0.38675989       0.41201308
       0.49196124       0.38078346       0.40665138
       0.48673251       0.37444603       0.40080577
       0.48141896       0.36774670       0.39445917
       0.47605023       0.36068645       0.38759414
       0.47065989       0.35326869       0.38019336
       0.46528589       0.34549994       0.37224011
       0.45997109       0.33739074       0.36371916
       0.45476375       0.32895662       0.35461776
       0.44971805       0.32021929       0.34492708
       0.44489446       0.31120804       0.33464396
       0.44036008       0.30196124       0.32377321
       0.43618874       0.29252803       0.31233032
       0.43246092       0.28297010       0.30034480
       0.42926321       0.27336352       0.28786408
       0.42668734       0.26380039       0.27495787
       0.42482865       0.25439030       0.26172300
       0.42378372       0.24526121       0.24828827
       0.42364724       0.23655961       0.23481915
       0.42450786       0.22844943       0.22152154
       0.42644316       0.22110955       0.20864397
       0.42951364       0.21472938       0.19647722
       0.43375613       0.20950230       0.18535022
       0.43917684       0.20561684       0.17562144
       0.44574479       0.20324568       0.16766473
       0.45338616       0.20253307       0.16184957
       0.46198059       0.20358148       0.15851604
       0.47136018       0.20643871       0.15794639
       0.48131202       0.21108722       0.16033555
       0.49158450       0.21743725       0.16576448
       0.50189761       0.22532522       0.17418022
       0.51195641       0.23451830       0.18538652
       0.52146674       0.24472545       0.19904745
       0.53015157       0.25561388       0.21470499
       0.53776623       0.26682937       0.23180878
       0.54411105       0.27801816       0.24975472
       0.54904012       0.28884781       0.26792729
       0.55246550       0.29902492       0.28574044
       0.55435696       0.30830809       0.30267222
       0.55473766       0.31651531       0.31829002
       0.55367684       0.32352584       0.33226492
       0.55128054       0.32927748       0.34437556
       0.54768164       0.33376015       0.35450300
       0.54302995       0.33700726       0.36261909
       0.53748341       0.33908613       0.36877083
       0.53120048       0.34008833       0.37306321
       0.52433427       0.34012092       0.37564230
       0.51702816       0.33929880       0.37667989
       0.50941294       0.33773864       0.37636058
       0.50160517       0.33555412       0.37487142
       0.49370657       0.33285260       0.37239416
       0.48580416       0.32973295       0.36909981
       0.47797093       0.32628431       0.36514523
       0.47026685       0.32258552       0.36067127
       0.46274017       0.31870524       0.35580205
       0.45542865       0.31470228       0.35064524
       0.44836098       0.31062631       0.34529280
       0.44155799       0.30651859       0.33982212
       0.43503384       0.30241291       0.33429740
       0.42879715       0.29833636       0.32877106
       0.42285193       0.29431023       0.32328517
       0.41719843       0.29035078       0.31787277
       0.41183390       0.28646995       0.31255913
       0.40675323       0.28267602       0.30736290
       0.40194948       0.27897420       0.30229713
       0.39741439       0.27536712       0.29737012
       0.39313873       0.27185532       0.29258627
       0.38911265       0.26843760       0.28794670
       0.38532600       0.26511141       0.28344989
       0.38176851       0.26187315       0.27909215
       0.37843002       0.25871838       0.27486807
       0.37530066       0.25564213       0.27077093
       0.37237098       0.25263905       0.26679296
       0.36963204       0.24970361       0.26292570
       0.36707557       0.24683028       0.25916019
       0.36469400       0.24401367       0.25548724
       0.36248058       0.24124866       0.25189761
       0.36042938       0.23853054       0.24838222
       0.35853539       0.23585516       0.24493231
       0.35679453       0.23321898       0.24153961
       0.35520368       0.23061926       0.23819651
       0.35376070       0.22805411       0.23489623
       0.35246443       0.22552265       0.23163301
       0.35131468       0.22302507       0.22840222
       0.35031220       0.22056275       0.22520060
       0.34945867       0.21813835       0.22202640
       0.34875658       0.21575588       0.21887957
       0.34820924       0.21342080       0.21576194
       0.34782059       0.21114007       0.21267742
       0.34759513       0.20892216       0.20963213
       0.34753776       0.20677711       0.20663461
       0.34765356       0.20471649       0.20369591
       0.34794761       0.20275334       0.20082972
       0.34842474       0.20090209       0.19805244
       0.34908922       0.19917843       0.19538316
       0.34994452       0.19759908       0.19284361
       0.35099289       0.19618156       0.19045802
       0.35223511       0.19494384       0.18825284
       0.35367005       0.19390400       0.18625641
       0.35529436       0.19307972       0.18449844
       0.35710211       0.19248781       0.18300941
       0.35908450       0.19214367       0.18181982
       0.36122957       0.19206064       0.18095931
       0.36352203       0.19224948       0.18045569
       0.36594311       0.19271771       0.18033389
       0.36847059       0.19346906       0.18061484
       0.37107887       0.19450304       0.18131439
       0.37373922       0.19581446       0.18244230
       0.37642010       0.19739322       0.18400129
       0.37908770       0.19922419       0.18598633
       0.38170647       0.20128722       0.18838413
       0.38423987       0.20355744       0.19117296
       0.38665113       0.20600564       0.19432272
       0.38890407       0.20859885       0.19779544
       0.39096393       0.21130113       0.20154599
       0.39279818       0.21407438       0.20552316
       0.39437728       0.21687931       0.20967106
       0.39567532       0.21967643       0.21393051
       0.39667059       0.22242701       0.21824079
       0.39734594       0.22509400       0.22254117
       0.39768907       0.22764288       0.22677263
       0.39769260       0.23004233       0.23087922
       0.39735404       0.23226485       0.23480942
       0.39667558       0.23428712       0.23851715
       0.39566379       0.23609024       0.24196254
       0.39432925       0.23765984       0.24511246
       0.39268601       0.23898601       0.24794075
       0.39075112       0.24006310       0.25042823
       0.38854407       0.24088945       0.25256243
       0.38608623       0.24146704       0.25433723
       0.38340034       0.24180104       0.25575231
       0.38050999       0.24189939       0.25681251
       0.37743916       0.24177232       0.25752713
       0.37421184       0.24143193       0.25790923
       0.37085163       0.24089171       0.25797494
       0.36738151       0.24016619       0.25774271
       0.36382351       0.23927053       0.25723276
       0.36019860       0.23822023       0.25646645
       0.35652650       0.23703083       0.25546580
       0.35282557       0.23571769       0.25425303
       0.34911281       0.23429576       0.25285022
       0.34540375       0.23277948       0.25127895
       0.34171251       0.23118261       0.24956013
       0.33805180       0.22951814       0.24771372
       0.33443293       0.22779828       0.24575867
       0.33086592       0.22603433       0.24371277
       0.32735950       0.22423677       0.24159262
       0.32392121       0.22241514       0.23941358
       0.32055749       0.22057815       0.23718974
       0.31727371       0.21873363       0.23493399
       0.31407428       0.21688860       0.23265800
       0.31096271       0.21504925       0.23037227
       0.30794169       0.21322107       0.22808620
       0.30501316       0.21140877       0.22580811
       0.30217836       0.20961643       0.22354532
       0.29943793       0.20784746       0.22130421
       0.29679194       0.20610471       0.21909026
       0.29423996       0.20439046       0.21690814
       0.29178110       0.20270647       0.21476172
       0.28941408       0.20105403       0.21265420
       0.28713727       0.19943402       0.21058808
       0.28494872       0.19784689       0.20856528
       0.28284621       0.19629272       0.20658714
       0.28082729       0.19477129       0.20465449
       0.27888931       0.19328205       0.20276771
       0.27702947       0.19182417       0.20092671
       0.27524480       0.19039659       0.19913103
       0.27353226       0.18899804       0.19737983
       0.27188873       0.18762702       0.19567198
       0.27031100       0.18628189       0.19400602
       0.26879587       0.18496084       0.19238023
       0.26734012       0.18366197       0.19079267
       0.26594056       0.18238323       0.18924114
       0.26459402       0.18112252       0.18772331
       0.26329739       0.17987768       0.18623664
       0.26204767       0.17864648       0.18477848
       0.26084193       0.17742669       0.18334602
       0.25967738       0.17621608       0.18193638
       0.25855136       0.17501243       0.18054660
       0.25746136       0.17381356       0.17917365
       0.25640508       0.17261736       0.17781448
       0.25538038       0.17142178       0.17646601
       0.25438536       0.17022490       0.17512519
       0.25341836       0.16902488       0.17378897
       0.25247795       0.16782008       0.17245438
       0.25156299       0.16660897       0.17111851
       0.25067261       0.16539027       0.16977857
       0.24980628       0.16416288       0.16843189
       0.24896376       0.16292596       0.16707597
       0.24814518       0.16167891       0.16570849
       0.24735099       0.16042148       0.16432734
       0.24658204       0.15915368       0.16293071
       0.24583954       0.15787593       0.16151703
       0.24512513       0.15658900       0.16008511
       0.24444081       0.15529406       0.15863409
       0.24378900       0.15399275       0.15716356
       0.24317255       0.15268716       0.15567355
       0.24259469       0.15137987       0.15416460
       0.24205908       0.15007399       0.15263782
       0.24156978       0.14877318       0.15109491
       0.24113119       0.14748165       0.14953823
       0.24074813       0.14620421       0.14797084
       0.24042571       0.14494625       0.14639656
       0.24016935       0.14371379       0.14481999
       0.23998474       0.14251344       0.14324657
       0.23987777       0.14135241       0.14168261
       0.23985447       0.14023850       0.14013532
       0.23992098       0.13918005       0.13861280
       0.24008342       0.13818593       0.13712409
       0.24034785       0.13726549       0.13567911
       0.24072018       0.13642847       0.13428865
       0.24120603       0.13568493       0.13296435
       0.24181067       0.13504517       0.13171856
       0.24253892       0.13451963       0.13056433
       0.24339499       0.13411871       0.12951520
       0.24438245       0.13385272       0.12858513
       0.24550406       0.13373166       0.12778827
       0.24676170       0.13376510       0.12713880
       0.24815632       0.13396203       0.12665067
       0.24968782       0.13433065       0.12633739
       0.25135501       0.13487824       0.12621175
       0.25315560       0.13561100       0.12628556
       0.25508617       0.13653392       0.12656941
       0.25714219       0.13765060       0.12707235
       0.25931808       0.13896322       0.12780171
       0.26160725       0.14047242       0.12876288
       0.26400222       0.14217726       0.12995909
       0.26649474       0.14407521       0.13139133
       0.26907593       0.14616221       0.13305824
       0.27173648       0.14843270       0.13495613
       0.27446676       0.15087973       0.13707900
       0.27725706       0.15349510       0.13941864
       0.28009777       0.15626955       0.14196487
       0.28297955       0.15919291       0.14470567
       0.28589352       0.16225432       0.14762756
       0.28883138       0.16544247       0.15071584
       0.29178559       0.16874579       0.15395495
       0.29474946       0.17215266       0.15732885
       0.29771719       0.17565161       0.16082133
       0.30068398       0.17923153       0.16441636
       0.30364600       0.18288175       0.16809839
       0.30660039       0.18659224       0.17185258
       0.30954523       0.19035361       0.17566507
       0.31247944       0.19415724       0.17952310
       0.31540275       0.19799529       0.18341512
       0.31831558       0.20186063       0.18733086
       0.32121891       0.20574692       0.19126129
       0.32411421       0.20964847       0.19519861
       0.32700334       0.21356020       0.19913616
       0.32988839       0.21747761       0.20306828
       0.33277167       0.22139663       0.20699021
       0.33565559       0.22531361       0.21089792
       0.33854260       0.22922519       0.21478796
       0.34143513       0.23312828       0.21865735
       0.34433562       0.23702001       0.22250342
       0.34724642       0.24089764       0.22632371
       0.35016984       0.24475860       0.23011590
       0.35310816       0.24860044       0.23387775
       0.35606360       0.25242086       0.23760703
       0.35903840       0.25621770       0.24130156
       0.36203480       0.25998897       0.24495920
       0.36505510       0.26373290       0.24857789
       0.36810166       0.26744797       0.25215570
       0.37117694       0.27113293       0.25569088
       0.37428349       0.27478686       0.25918198
       0.37742398       0.27840919       0.26262787
       0.38060119       0.28199972       0.26602786
       0.38381798       0.28555868       0.26938172
       0.38707730       0.28908670       0.27268980
       0.39038213       0.29258485       0.27595304
       0.39373546       0.29605457       0.27917303
       0.39714022       0.29949775       0.28235201
       0.40059925       0.30291660       0.28549289
       0.40411520       0.30631369       0.28859925
       0.40769051       0.30969186       0.29167529
       0.41132727       0.31305415       0.29472581
       0.41502722       0.31640378       0.29775612
       0.41879162       0.31974406       0.30077202
       0.42262122       0.32307829       0.30377964
       0.42651613       0.32640972       0.30678544
       0.43047582       0.32974143       0.30979601
       0.43449902       0.33307628       0.31281800
       0.43858365       0.33641679       0.31585803
       0.44272683       0.33976512       0.31892251
       0.44692478       0.34312289       0.32201754
       0.45117281       0.34649123       0.32514882
       0.45546532       0.34987061       0.32832147
       0.45979578       0.35326082       0.33153995
       0.46415673       0.35666093       0.33480793
       0.46853977       0.36006920       0.33812820
       0.47293564       0.36348310       0.34150259
       0.47733421       0.36689922       0.34493184
       0.48172456       0.37031330       0.34841558
       0.48609501       0.37372020       0.35195223
       0.49043321       0.37711393       0.35553901
       0.49472620       0.38048762       0.35917186
       0.49896050       0.38383358       0.36284546
       0.50312222       0.38714332       0.36655324
       0.50719711       0.39040759       0.37028737
       0.51117069       0.39361645       0.37403882
       0.51502837       0.39675927       0.37779742
       0.51875549       0.39982487       0.38155187
       0.52233747       0.40280153       0.38528988
       0.52575992       0.40567706       0.38899820
       0.52900867       0.40843889       0.39266271
       0.53206993       0.41107414       0.39626853
       0.53493036       0.41356966       0.39980013
       0.53757710       0.41591213       0.40324137
       0.53999793       0.41808807       0.40657563
       0.54218126       0.42008397       0.40978592
       0.54411626       0.42188626       0.41285490
       0.54579285       0.42348142       0.41576499
       0.54720180       0.42485597       0.41849844
       0.54833476       0.42599652       0.42103738
       0.54918429       0.42688980       0.42336383
       0.54974391       0.42752266       0.42545977
       0.55000815       0.42788208       0.42730712
       0.54997253       0.42795518       0.42888778
       0.54963369       0.42772922       0.43018355
       0.54898935       0.42719160       0.43117618
       0.54803838       0.42632982       0.43184724
       0.54678088       0.42513153       0.43217814
       0.54521825       0.42358448       0.43215002
       0.54335322       0.42167652       0.43174367
       0.54119003       0.41939566       0.43093943
       0.53873449       0.41673004       0.42971714
       0.53599416       0.41366802       0.42805599
       0.53297854       0.41019821       0.42593445
       0.52969927       0.40630963       0.42333020
       0.52617039       0.40199183       0.42022003
       0.52240866       0.39723509       0.41657987
       0.51843390       0.39203075       0.41238475
       0.51426939       0.38637151       0.40760895
       0.50994237       0.38025198       0.40222617
       0.50548450       0.37366921       0.39620985
       0.50093247       0.36662348       0.38953372
       0.49632860       0.35911922       0.38217248
       0.49172148       0.35116609       0.37410289
       0.48716659       0.34278038       0.36530516
       0.48272694       0.33398653       0.35576481
       0.47847358       0.32481896       0.34547507
       0.47448592       0.31532414       0.33443997
       0.47085189       0.30556277       0.32267807
       0.46766762       0.29561217       0.31022707
       0.46503673       0.28556861       0.29714909
       0.46306875       0.27554945       0.28353666
       0.46187689       0.26569476       0.26951920
       0.46157461       0.25616822       0.25526939
       0.46227107       0.24715660       0.24100905
       0.46406528       0.23886762       0.22701325
       0.46703904       0.23152539       0.21361165
       0.47124881       0.22536320       0.20118562
       0.47671701       0.22061320       0.19015945
       0.48342335       0.21749311       0.18098457
       0.49129721       0.21619047       0.17411599
       0.50021216       0.21684543       0.16998141
       0.50998380       0.21953370       0.16894464
       0.52037201       0.22425201       0.17126697
       0.53108825       0.23090821       0.17707119
       0.54180803       0.23931819       0.18631409
       0.55218769       0.24921112       0.19877267
       0.56188426       0.26024317       0.21404802
       0.57057605       0.27201871       0.23158790
       0.57798189       0.28411652       0.25072597
       0.58387666       0.29611788       0.27073252
       0.58810174       0.30763315       0.29086968
       0.59056933       0.31832365       0.31044372
       0.59126107       0.32791702       0.32884803
       0.59022149       0.33621511       0.34559283
       0.58754799       0.34309479       0.36032014
       0.58337869       0.34850280       0.37280499
       0.57787977       0.35244652       0.38294555
       0.57123347       0.35498230       0.39074579
       0.56362755       0.35620311       0.39629406
       0.55524679       0.35622668       0.39974087
       0.54626654       0.35518501       0.40127788
       0.53684835       0.35321566       0.40111972
       0.52713728       0.35045509       0.39948924
       0.51726069       0.34703369       0.39660626
       0.50732817       0.34307255       0.39267959
       0.49743220       0.33868157       0.38790192
       0.48764935       0.33395849       0.38244695
       0.47804177       0.32898887       0.37646817
       0.46865886       0.32384648       0.37009899
       0.45953888       0.31859406       0.36345365
       0.45071058       0.31328430       0.35662863
       0.44219466       0.30796092       0.34970441
       0.43400511       0.30265972       0.34274723
       0.42615037       0.29740958       0.33581090
       0.41863442       0.29223352       0.32893855
       0.41145760       0.28714947       0.32216415
       0.40461742       0.28217113       0.31551393
       0.39810917       0.27730864       0.30900766
       0.39192648       0.27256917       0.30265973
       0.38606173       0.26795749       0.29648006
       0.38050643       0.26347636       0.29047496
       0.37525155       0.25912694       0.28464777
       0.37028770       0.25490916       0.27899949
       0.36560540       0.25082192       0.27352920
       0.36119519       0.24686341       0.26823457
       0.35704778       0.24303125       0.26311212
       0.35315415       0.23932270       0.25815756
       0.34950562       0.23573481       0.25336604
       0.34609392       0.23226452       0.24873236
       0.34291122       0.22890882       0.24425115
       0.33995019       0.22566479       0.23991701
       0.33720401       0.22252973       0.23572469
       0.33466635       0.21950121       0.23166917
       0.33233143       0.21657717       0.22774581
       0.33019394       0.21375593       0.22395041
       0.32824910       0.21103626       0.22027933
       0.32649259       0.20841744       0.21672956
       0.32492053       0.20589928       0.21329880
       0.32352944       0.20348215       0.20998553
       0.32231619       0.20116699       0.20678904
       0.32127795       0.19895532       0.20370954
       0.32041214       0.19684928       0.20074816
       0.31971631       0.19485155       0.19790700
       0.31918811       0.19296540       0.19518915
       0.31882516       0.19119458       0.19259868
       0.31862499       0.18954334       0.19014064
       0.31858489       0.18801630       0.18782101
       0.31870184       0.18661842       0.18564668
       0.31897237       0.18535485       0.18362532
       0.31939243       0.18423086       0.18176528
       0.31995733       0.18325167       0.18007548
       0.32066155       0.18242231       0.17856518
       0.32149869       0.18174748       0.17724383
       0.32246135       0.18123134       0.17612080
       0.32354104       0.18087735       0.17520511
       0.32472814       0.18068808       0.17450519
       0.32601183       0.18066505       0.17402853
       0.32738011       0.18080851       0.17378137
       0.32881977       0.18111734       0.17376841
       0.33031648       0.18158885       0.17399247
       0.33185486       0.18221872       0.17445424
       0.33341858       0.18300091       0.17515200
       0.33499052       0.18392760       0.17608143
       0.33655299       0.18498924       0.17723545
       0.33808787       0.18617455       0.17860417
       0.33957692       0.18747066       0.18017484
       0.34100200       0.18886325       0.18193196
       0.34234532       0.19033671       0.18385742
       0.34358974       0.19187442       0.18593074
       0.34471902       0.19345896       0.18812937
       0.34571808       0.19507242       0.19042908
       0.34657318       0.19669670       0.19280437
       0.34727220       0.19831379       0.19522895
       0.34780471       0.19990611       0.19767617
       0.34816218       0.20145673       0.20011958
       0.34833801       0.20294970       0.20253334
       0.34832759       0.20437022       0.20489268
       0.34812831       0.20570488       0.20717431
       0.34773950       0.20694176       0.20935675
       0.34716237       0.20807061       0.21142061
       0.34639988       0.20908284       0.21334881
       0.34545663       0.20997161       0.21512675
       0.34433870       0.21073177       0.21674233
       0.34305347       0.21135987       0.21818603
       0.34160943       0.21185403       0.21945085
       0.34001601       0.21221386       0.22053220
       0.33828338       0.21244034       0.22142779
       0.33642230       0.21253570       0.22213743
       0.33444390       0.21250326       0.22266290
       0.33235956       0.21234727       0.22300767
       0.33018073       0.21207281       0.22317673
       0.32791882       0.21168558       0.22317634
       0.32558508       0.21119183       0.22301385
       0.32319046       0.21059818       0.22269747
       0.32074560       0.20991151       0.22223604
       0.31826068       0.20913887       0.22163892
       0.31574540       0.20828738       0.22091576
       0.31320892       0.20736410       0.22007638
       0.31065986       0.20637601       0.21913065
       0.30810623       0.20532994       0.21808834
       0.30555545       0.20423246       0.21695905
       0.30301435       0.20308992       0.21575211
       0.30048916       0.20190835       0.21447654
       0.29798549       0.20069346       0.21314098
       0.29550840       0.19945062       0.21175363
       0.29306239       0.19818485       0.21032226
       0.29065140       0.19690080       0.20885415
       0.28827889       0.19560275       0.20735611
       0.28594780       0.19429463       0.20583445
       0.28366061       0.19297999       0.20429498
       0.28141937       0.19166205       0.20274305
       0.27922571       0.19034366       0.20118350
       0.27708087       0.18902737       0.19962073
       0.27498574       0.18771537       0.19805868
       0.27294089       0.18640959       0.19650083
       0.27094656       0.18511162       0.19495028
       0.26900271       0.18382282       0.19340972
       0.26710907       0.18254425       0.19188143
       0.26526510       0.18127675       0.19036738
       0.26347008       0.18002091       0.18886915
       0.26172307       0.17877712       0.18738804
       0.26002299       0.17754557       0.18592502
       0.25836858       0.17632624       0.18448079
       0.25675848       0.17511899       0.18305577
       0.25519120       0.17392347       0.18165016
       0.25366517       0.17273923       0.18026392
       0.25217872       0.17156567       0.17889678
       0.25073015       0.17040209       0.17754830
       0.24931770       0.16924768       0.17621785
       0.24793959       0.16810156       0.17490464
       0.24659402       0.16696277       0.17360773
       0.24527919       0.16583029       0.17232605
       0.24399335       0.16470305       0.17105841
       0.24273474       0.16357996       0.16980351
       0.24150167       0.16245990       0.16855997
       0.24029250       0.16134175       0.16732633
       0.23910568       0.16022439       0.16610106
       0.23793974       0.15910673       0.16488260
       0.23679331       0.15798771       0.16366933
       0.23566514       0.15686631       0.16245962
       0.23455409       0.15574156       0.16125185
       0.23345920       0.15461260       0.16004438
       0.23237963       0.15347861       0.15883560
       0.23131473       0.15233891       0.15762394
       0.23026403       0.15119291       0.15640788
       0.22922724       0.15004017       0.15518596
       0.22820429       0.14888038       0.15395681
       0.22719533       0.14771339       0.15271916
       0.22620075       0.14653925       0.15147184
       0.22522117       0.14535818       0.15021384
       0.22425747       0.14417061       0.14894427
       0.22331079       0.14297720       0.14766245
       0.22238257       0.14177884       0.14636785
       0.22147451       0.14057670       0.14506019
       0.22058862       0.13937219       0.14373939
       0.21972721       0.13816705       0.14240566
       0.21889289       0.13696329       0.14105947
       0.21808859       0.13576326       0.13970158
       0.21731756       0.13456964       0.13833310
       0.21658336       0.13338548       0.13695549
       0.21588986       0.13221415       0.13557057
       0.21524125       0.13105946       0.13418056
       0.21464204       0.12992555       0.13278813
       0.21409700       0.12881698       0.13139638
       0.21361123       0.12773872       0.13000887
       0.21319006       0.12669613       0.12862968
       0.21283909       0.12569498       0.12726338
       0.21256414       0.12474146       0.12591510
       0.21237124       0.12384213       0.12459050
       0.21226657       0.12300397       0.12329578
       0.21225644       0.12223430       0.12203774
       0.21234727       0.12154080       0.12082373
       0.21254549       0.12093148       0.11966166
       0.21285755       0.12041463       0.11856002
       0.21328981       0.11999880       0.11752779
       0.21384853       0.11969274       0.11657452
       0.21453978       0.11950533       0.11571019
       0.21536935       0.11944558       0.11494525
       0.21634273       0.11952247       0.11429050
       0.21746501       0.11974497       0.11375708
       0.21874079       0.12012190       0.11335635
       0.22017414       0.12066183       0.11309982
       0.22176850       0.12137305       0.11299906
       0.22352661       0.12226340       0.11306557
       0.22545046       0.12334023       0.11331066
       0.22754120       0.12461022       0.11374534
       0.22979909       0.12607936       0.11438014
       0.23222346       0.12775279       0.11522502
       0.23481266       0.12963469       0.11628916
       0.23756401       0.13172822       0.11758082
       0.24047383       0.13403541       0.11910722
       0.24353736       0.13655707       0.12087434
       0.24674885       0.13929273       0.12288680
       0.25010153       0.14224058       0.12514774
       0.25358766       0.14539743       0.12765864
       0.25719860       0.14875867       0.13041929
       0.26092487       0.15231830       0.13342762
       0.26475624       0.15606889       0.13667972
       0.26868186       0.16000169       0.14016973
       0.27269031       0.16410662       0.14388989
       0.27676983       0.16837236       0.14783054
       0.28090836       0.17278651       0.15198014
       0.28509377       0.17733564       0.15632541
       0.28931395       0.18200545       0.16085142
       0.29355702       0.18678094       0.16554176
       0.29781144       0.19164659       0.17037866
       0.30206622       0.19658650       0.17534328
       0.30631101       0.20158461       0.18041585
       0.31053629       0.20662489       0.18557598
       0.31473345       0.21169150       0.19080287
       0.31889495       0.21676903       0.19607560
       0.32301439       0.22184265       0.20137340
       0.32708659       0.22689830       0.20667590
       0.33110766       0.23192282       0.21196340
       0.33507506       0.23690413       0.21721709
       0.33898757       0.24183133       0.22241934
       0.34284533       0.24669480       0.22755381
       0.34664981       0.25148632       0.23260573
       0.35040377       0.25619908       0.23756197
       0.35411119       0.26082774       0.24241124
       0.35777722       0.26536846       0.24714412
       0.36140807       0.26981888       0.25175314
       0.36501093       0.27417809       0.25623287
       0.36859381       0.27844659       0.26057982
       0.37216548       0.28262622       0.26479252
       0.37573530       0.28672010       0.26887142
       0.37931310       0.29073251       0.27281881
       0.38290902       0.29466883       0.27663876
       0.38653343       0.29853538       0.28033702
       0.39019671       0.30233932       0.28392083
       0.39390918       0.30608855       0.28739886
       0.39768091       0.30979154       0.29078102
       0.40152164       0.31345721       0.29407832
       0.40544063       0.31709481       0.29730270
       0.40944654       0.32071379       0.30046687
       0.41354731       0.32432363       0.30358413
       0.41775009       0.32793377       0.30666822
       0.42206110       0.33155342       0.30973311
       0.42648558       0.33519151       0.31279289
       0.43102769       0.33885651       0.31586154
       0.43569048       0.34255635       0.31895279
       0.44047578       0.34629832       0.32207997
       0.44538423       0.35008897       0.32525581
       0.45041519       0.35393402       0.32849236
       0.45556678       0.35783829       0.33180075
       0.46083582       0.36180563       0.33519116
       0.46621792       0.36583885       0.33867260
       0.47170742       0.36993972       0.34225287
       0.47729751       0.37410891       0.34593843
       0.48298022       0.37834596       0.34973432
       0.48874655       0.38264932       0.35364411
       0.49458648       0.38701633       0.35766985
       0.50048913       0.39144326       0.36181205
       0.50644279       0.39592532       0.36606964
       0.51243507       0.40045678       0.37044006
       0.51845301       0.40503095       0.37491924
       0.52448319       0.40964033       0.37950168
       0.53051183       0.41427662       0.38418052
       0.53652492       0.41893090       0.38894765
       0.54250838       0.42359363       0.39379381
       0.54844808       0.42825484       0.39870871
       0.55433005       0.43290417       0.40368118
       0.56014051       0.43753102       0.40869929
       0.56586599       0.44212460       0.41375051
       0.57149342       0.44667408       0.41882185
       0.57701019       0.45116865       0.42390000
       0.58240422       0.45559760       0.42897146
       0.58766402       0.45995043       0.43402270
       0.59277873       0.46421690       0.43904026
       0.59773812       0.46838708       0.44401083
       0.60253269       0.47245139       0.44892141
       0.60715359       0.47640070       0.45375935
       0.61159269       0.48022628       0.45851244
       0.61584258       0.48391990       0.46316895
       0.61989649       0.48747377       0.46771772
       0.62374837       0.49088059       0.47214811
       0.62739280       0.49413356       0.47645010
       0.63082500       0.49722632       0.48061428
       0.63404077       0.50015298       0.48463182
       0.63703650       0.50290808       0.48849450
       0.63980911       0.50548659       0.49219467
       0.64235603       0.50788384       0.49572525
       0.64467516       0.51009553       0.49907967
       0.64676481       0.51211768       0.50225189
       0.64862372       0.51394658       0.50523632
       0.65025097       0.51557880       0.50802779
       0.65164595       0.51701108       0.51062153
       0.65280839       0.51824035       0.51301310
       0.65373822       0.51926368       0.51519837
       0.65443562       0.52007819       0.51717342
       0.65490097       0.52068107       0.51893457
       0.65513480       0.52106948       0.52047825
       0.65513776       0.52124056       0.52180100
       0.65491063       0.52119132       0.52289936
       0.65445425       0.52091865       0.52376987
       0.65376955       0.52041924       0.52440896
       0.65285746       0.51968952       0.52481289
       0.65171899       0.51872566       0.52497771
       0.65035512       0.51752346       0.52489914
       0.64876687       0.51607836       0.52457255
       0.64695529       0.51438532       0.52399281
       0.64492142       0.51243883       0.52315426
       0.64266636       0.51023285       0.52205057
       0.64019128       0.50776073       0.52067468
       0.63749746       0.50501520       0.51901866
       0.63458632       0.50198831       0.51707363
       0.63145952       0.49867142       0.51482962
       0.62811904       0.49505516       0.51227544
       0.62456725       0.49112940       0.50939856
       0.62080711       0.48688327       0.50618499
       0.61684226       0.48230518       0.50261909
       0.61267727       0.47738286       0.49868352
       0.60831784       0.47210342       0.49435900
       0.60377111       0.46645349       0.48962428
       0.59904596       0.46041937       0.48445599
       0.59415340       0.45398728       0.47882859
       0.58910704       0.44714364       0.47271435
       0.58392360       0.43987551       0.46608340
       0.57862349       0.43217113       0.45890387
       0.57323149       0.42402055       0.45114221
       0.56777748       0.41541654       0.44276367
       0.56229729       0.40635562       0.43373303
       0.55683353       0.39683942       0.42401567
       0.55143652       0.38687619       0.41357909
       0.54616520       0.37648275       0.40239491
       0.54108794       0.36568669       0.39044160
       0.53628327       0.35452894       0.37770799
       0.53184034       0.34306657       0.36419767
       0.52785891       0.33137591       0.34993453
       0.52444890       0.31955573       0.33496928
       0.52172900       0.30773024       0.31938708
       0.51982437       0.29605170       0.30331601
       0.51886292       0.28470216       0.28693576
       0.51897018       0.27389361       0.27048606
       0.52026241       0.26386606       0.25427327
       0.52283800       0.25488271       0.23867377
       0.52676745       0.24722148       0.22413206
       0.53208226       0.24116248       0.21115138
       0.53876376       0.23697138       0.20027485
       0.54673299       0.23487914       0.19205603
       0.55584331       0.23505958       0.18701906
       0.56587726       0.23760701       0.18561076
       0.57654927       0.24251698       0.18814941
       0.58751502       0.24967333       0.19477720
       0.59838774       0.25884475       0.20542443
       0.60876005       0.26969242       0.21979306
       0.61822962       0.28178931       0.23736485
       0.62642526       0.29464904       0.25743502
       0.63303065       0.30776085       0.27916764
       0.63780257       0.32062597       0.30166472
       0.64058183       0.33279071       0.32403858
       0.64129623       0.34387230       0.34547732
       0.63995606       0.35357525       0.36529519
       0.63664368       0.36169774       0.38296364
       0.63149923       0.36812902       0.39812252
       0.62470467       0.37283997       0.41057403
       0.61646802       0.37586929       0.42026408
       0.60700908       0.37730784       0.42725611
       0.59654776       0.37728304       0.43170213
       0.58529497       0.37594468       0.43381462
       0.57344639       0.37345314       0.43384168
       0.56117858       0.36997007       0.43204662
       0.54864711       0.36565160       0.42869244
       0.53598620       0.36064380       0.42403075
       0.52330946       0.35507996       0.41829470
       0.51071134       0.34907929       0.41169489
       0.49826894       0.34274667       0.40441782
       0.48604407       0.33617308       0.39662584
       0.47408526       0.32943657       0.38845834
       0.46242971       0.32260337       0.38003355
       0.45110508       0.31572918       0.37145068
       0.44013107       0.30886045       0.36279218
       0.42952087       0.30203559       0.35412592
       0.41928235       0.29528612       0.34550732
       0.40941905       0.28863766       0.33698116
       0.39993112       0.28211086       0.32858331
       0.39081597       0.27572215       0.32034217
       0.38206891       0.26948444       0.31227990
       0.37368363       0.26340769       0.30441353
       0.36565257       0.25749941       0.29675584
       0.35796729       0.25176503       0.28931612
       0.35061867       0.24620832       0.28210082
       0.34359717       0.24083160       0.27511403
       0.33689296       0.23563606       0.26835799
       0.33049606       0.23062189       0.26183338
       0.32439645       0.22578852       0.25553963
       0.31858413       0.22113469       0.24947520
       0.31304919       0.21665865       0.24363773
       0.30778186       0.21235816       0.23802425
       0.30277255       0.20823065       0.23263126
       0.29801183       0.20427326       0.22745489
       0.29349052       0.20048289       0.22249095
       0.28919963       0.19685624       0.21773504
       0.28513041       0.19338987       0.21318257
       0.28127434       0.19008023       0.20882882
       0.27762313       0.18692368       0.20466900
       0.27416871       0.18391648       0.20069824
       0.27090326       0.18105487       0.19691167
       0.26781916       0.17833506       0.19330437
       0.26490902       0.17575319       0.18987143
       0.26216566       0.17330545       0.18660798
       0.25958209       0.17098797       0.18350913
       0.25715155       0.16879692       0.18057004
       0.25486747       0.16672846       0.17778590
       0.25272347       0.16477877       0.17515193
       0.25071334       0.16294404       0.17266341
       0.24883109       0.16122049       0.17031562
       0.24707090       0.15960437       0.16810392
       0.24542710       0.15809194       0.16602370
       0.24389423       0.15667952       0.16407039
       0.24246700       0.15536344       0.16223948
       0.24114026       0.15414008       0.16052648
       0.23990907       0.15300586       0.15892699
       0.23876863       0.15195723       0.15743661
       0.23771431       0.15099070       0.15605104
       0.23674165       0.15010284       0.15476600
       0.23584636       0.14929026       0.15357730
       0.23502431       0.14854962       0.15248078
       0.23427153       0.14787766       0.15147237
       0.23358420       0.14727116       0.15054806
       0.23295868       0.14672699       0.14970391
       0.23239149       0.14624208       0.14893605
       0.23187927       0.14581343       0.14824072
       0.23141887       0.14543812       0.14761422
       0.23100726       0.14511331       0.14705294
       0.23064156       0.14483624       0.14655340
       0.23031904       0.14460423       0.14611217
       0.23003713       0.14441470       0.14572596
       0.22979338       0.14426513       0.14539158
       0.22958549       0.14415313       0.14510594
       0.22941129       0.14407635       0.14486607
       0.22926873       0.14403258       0.14466912
       0.22915588       0.14401965       0.14451235
       0.22907093       0.14403553       0.14439314
       0.22901218       0.14407822       0.14430900
       0.22897804       0.14414586       0.14425754
       0.22896700       0.14423665       0.14423650
       0.22897764       0.14434886       0.14424374
       0.22900864       0.14448085       0.14427723
       0.22905873       0.14463107       0.14433506
       0.22912673       0.14479801       0.14441540
       0.22921150       0.14498025       0.14451657
       0.22931197       0.14517643       0.14463695
       0.22942710       0.14538525       0.14477504
       0.22955589       0.14560545       0.14492941
       0.22969738       0.14583582       0.14509873
       0.22985061       0.14607521       0.14528174
       0.23001467       0.14632250       0.14547725
       0.23018863       0.14657660       0.14568414
       0.23037159       0.14683643       0.14590134
       0.23056261       0.14710097       0.14612783
       0.23076079       0.14736919       0.14636262
       0.23096519       0.14764007       0.14660478
       0.23117487       0.14791262       0.14685339
       0.23138884       0.14818583       0.14710756
       0.23160613       0.14845871       0.14736640
       0.23182571       0.14873023       0.14762903
       0.23204655       0.14899939       0.14789458
       0.23226756       0.14926516       0.14816218
       0.23248766       0.14952649       0.14843091
       0.23270570       0.14978233       0.14869989
       0.23292053       0.15003158       0.14896816
       0.23313095       0.15027316       0.14923478
       0.23333574       0.15050594       0.14949876
       0.23353366       0.15072877       0.14975907
       0.23372344       0.15094048       0.15001466
       0.23390380       0.15113989       0.15026442
       0.23407342       0.15132577       0.15050722
       0.23423099       0.15149690       0.15074188
       0.23437518       0.15165202       0.15096717
       0.23450466       0.15178986       0.15118182
       0.23461810       0.15190914       0.15138454
       0.23471419       0.15200857       0.15157395
       0.23479162       0.15208684       0.15174868
       0.23484910       0.15214265       0.15190729
       0.23488540       0.15217469       0.15204831
       0.23489927       0.15218167       0.15217025
       0.23488957       0.15216231       0.15227157
       0.23485516       0.15211533       0.15235072
       0.23479499       0.15203948       0.15240612
       0.23470807       0.15193356       0.15243618
       0.23459350       0.15179639       0.15243929
       0.23445046       0.15162684       0.15241384
       0.23427824       0.15142383       0.15235824
       0.23407624       0.15118634       0.15227087
       0.23384397       0.15091343       0.15215016
       0.23358109       0.15060424       0.15199456
       0.23328740       0.15025799       0.15180253
       0.23296284       0.14987402       0.15157260
       0.23260755       0.14945177       0.15130335
       0.23222181       0.14899080       0.15099340
       0.23180613       0.14849082       0.15064148
       0.23136120       0.14795169       0.15024638
       0.23088794       0.14737343       0.14980701
       0.23038749       0.14675622       0.14932238
       0.22986124       0.14610047       0.14879166
       0.22931083       0.14540676       0.14821413
       0.22873817       0.14467592       0.14758926
       0.22814543       0.14390900       0.14691669
       0.22753510       0.14310733       0.14619627
       0.22690994       0.14227249       0.14542806
       0.22627304       0.14140636       0.14461239
       0.22562779       0.14051113       0.14374982
       0.22497792       0.13958930       0.14284123
       0.22432748       0.13864374       0.14188780
       0.22368087       0.13767766       0.14089105
       0.22304282       0.13669465       0.13985288
       0.22241839       0.13569869       0.13877556
       0.22181301       0.13469417       0.13766181
       0.22123242       0.13368590       0.13651477
       0.22068269       0.13267913       0.13533808
       0.22017021       0.13167953       0.13413587
       0.21970167       0.13069325       0.13291282
       0.21928405       0.12972687       0.13167413
       0.21892459       0.12878743       0.13042562
       0.21863075       0.12788242       0.12917368
       0.21841021       0.12701980       0.12792535
       0.21827080       0.12620791       0.12668827
       0.21822048       0.12545557       0.12547074
       0.21826727       0.12477192       0.12428172
       0.21841923       0.12416651       0.12313079
       0.21868436       0.12364919       0.12202816
       0.21907054       0.12323008       0.12098469
       0.21958550       0.12291951       0.12001179
       0.22023670       0.12272800       0.11912143
       0.22103125       0.12266610       0.11832606
       0.22197587       0.12274441       0.11763860
       0.22307676       0.12297342       0.11707227
       0.22433951       0.12336343       0.11664059
       0.22576904       0.12392444       0.11635720
       0.22736950       0.12466608       0.11623581
       0.22914417       0.12559741       0.11628999
       0.23109540       0.12672688       0.11653309
       0.23322450       0.12806215       0.11697804
       0.23553172       0.12960997       0.11763716
       0.23801615       0.13137607       0.11852204
       0.24067569       0.13336505       0.11964329
       0.24350703       0.13558021       0.12101040
       0.24650560       0.13802351       0.12263150
       0.24966563       0.14069544       0.12451324
       0.25298009       0.14359493       0.12666055
       0.25644081       0.14671933       0.12907652
       0.26003848       0.15006434       0.13176225
       0.26376276       0.15362400       0.13471671
       0.26760238       0.15739070       0.13793668
       0.27154525       0.16135522       0.14141667
       0.27557862       0.16550678       0.14514892
       0.27968919       0.16983314       0.14912337
       0.28386333       0.17432072       0.15332776
       0.28808723       0.17895471       0.15774772
       0.29234709       0.18371927       0.16236687
       0.29662931       0.18859772       0.16716705
       0.30092066       0.19357269       0.17212849
       0.30520853       0.19862640       0.17723008
       0.30948101       0.20374084       0.18244960
       0.31372716       0.20889802       0.18776410
       0.31793707       0.21408020       0.19315011
       0.32210206       0.21927010       0.19858404
       0.32621476       0.22445113       0.20404245
       0.33026922       0.22960758       0.20950240
       0.33426096       0.23472483       0.21494171
       0.33818703       0.23978947       0.22033932
       0.34204601       0.24478948       0.22567548
       0.34583805       0.24971432       0.23093200
       0.34956478       0.25455504       0.23609251
       0.35322929       0.25930432       0.24114255
       0.35683609       0.26395654       0.24606975
       0.36039096       0.26850772       0.25086392
       0.36390088       0.27295561       0.25551708
       0.36737393       0.27729955       0.26002354
       0.37081909       0.28154046       0.26437983
       0.37424620       0.28568077       0.26858471
       0.37766571       0.28972430       0.27263906
       0.38108863       0.29367617       0.27654583
       0.38452628       0.29754264       0.28030989
       0.38799023       0.30133106       0.28393792
       0.39149207       0.30504965       0.28743824
       0.39504333       0.30870741       0.29082068
       0.39865526       0.31231395       0.29409640
       0.40233877       0.31587937       0.29727771
       0.40610426       0.31941409       0.30037787
       0.40996147       0.32292871       0.30341095
       0.41391943       0.32643391       0.30639163
       0.41798628       0.32994025       0.30933499
       0.42216924       0.33345807       0.31225635
       0.42647447       0.33699737       0.31517111
       0.43090703       0.34056769       0.31809452
       0.43547078       0.34417797       0.32104155
       0.44016839       0.34783646       0.32402671
       0.44500123       0.35155065       0.32706387
       0.44996939       0.35532713       0.33016613
       0.45507166       0.35917156       0.33334566
       0.46030553       0.36308858       0.33661356
       0.46566719       0.36708176       0.33997974
       0.47115161       0.37115357       0.34345283
       0.47675253       0.37530532       0.34704003
       0.48246255       0.37953720       0.35074710
       0.48827319       0.38384823       0.35457823
       0.49417499       0.38823633       0.35853604
       0.50015758       0.39269827       0.36262158
       0.50620979       0.39722979       0.36683427
       0.51231979       0.40182564       0.37117196
       0.51847518       0.40647963       0.37563101
       0.52466308       0.41118470       0.38020629
       0.53087034       0.41593306       0.38489129
       0.53708356       0.42071624       0.38967827
       0.54328930       0.42552523       0.39455832
       0.54947412       0.43035056       0.39952151
       0.55562475       0.43518242       0.40455708
       0.56172814       0.44001076       0.40965350
       0.56777159       0.44482541       0.41479871
       0.57374283       0.44961619       0.41998023
       0.57963006       0.45437297       0.42518531
       0.58542206       0.45908579       0.43040108
       0.59110820       0.46374491       0.43561471
       0.59667847       0.46834093       0.44081348
       0.60212357       0.47286478       0.44598494
       0.60743487       0.47730783       0.45111698
       0.61260443       0.48166192       0.45619794
       0.61762502       0.48591935       0.46121665
       0.62249010       0.49007294       0.46616251
       0.62719380       0.49411605       0.47102553
       0.63173091       0.49804254       0.47579633
       0.63609686       0.50184681       0.48046620
       0.64028770       0.50552379       0.48502708
       0.64430005       0.50906889       0.48947156
       0.64813107       0.51247802       0.49379291
       0.65177845       0.51574756       0.49798498
       0.65524037       0.51887432       0.50204227
       0.65851544       0.52185555       0.50595984
       0.66160270       0.52468888       0.50973332
       0.66450157       0.52737228       0.51335886
       0.66721183       0.52990409       0.51683311
       0.66973357       0.53228294       0.52015319
       0.67206717       0.53450772       0.52331661
       0.67421328       0.53657759       0.52632132
       0.67617277       0.53849192       0.52916561
       0.67794670       0.54025027       0.53184809
       0.67953633       0.54185234       0.53436769
       0.68094305       0.54329799       0.53672358
       0.68216837       0.54458717       0.53891518
       0.68321390       0.54571991       0.54094209
       0.68408133       0.54669629       0.54280411
       0.68477237       0.54751640       0.54450116
       0.68528878       0.54818035       0.54603326
       0.68563232       0.54868820       0.54740052
       0.68580472       0.54903994       0.54860309
       0.68580767       0.54923550       0.54964115
       0.68564281       0.54927467       0.55051484
       0.68531170       0.54915711       0.55122425
       0.68481578       0.54888230       0.55176941
       0.68415641       0.54844954       0.55215021
       0.68333479       0.54785787       0.55236639
       0.68235201       0.54710610       0.55241751
       0.68120895       0.54619273       0.55230290
       0.67990638       0.54511595       0.55202161
       0.67844484       0.54387359       0.55157238
       0.67682472       0.54246310       0.55095363
       0.67504621       0.54088152       0.55016334
       0.67310928       0.53912541       0.54919905
       0.67101375       0.53719086       0.54805782
       0.66875921       0.53507344       0.54673612
       0.66634509       0.53276814       0.54522982
       0.66377067       0.53026937       0.54353409
       0.66103506       0.52757088       0.54164335
       0.65813727       0.52466577       0.53955120
       0.65507622       0.52154642       0.53725029
       0.65185080       0.51820448       0.53473231
       0.64845995       0.51463080       0.53198781
       0.64490266       0.51081547       0.52900614
       0.64117816       0.50674772       0.52577537
       0.63728596       0.50241598       0.52228209
       0.63322599       0.49780784       0.51851137
       0.62899878       0.49291008       0.51444658
       0.62460566       0.48770871       0.51006927
       0.62004895       0.48218904       0.50535907
       0.61533226       0.47633576       0.50029351
       0.61046081       0.47013314       0.49484798
       0.60544176       0.46356518       0.48899560
       0.60028471       0.45661591       0.48270719
       0.59500215       0.44926977       0.47595129
       0.58961005       0.44151208       0.46869425
       0.58412854       0.43332966       0.46090048
       0.57858257       0.42471161       0.45253281
       0.57300282       0.41565030       0.44355311
       0.56742647       0.40614257       0.43392319
       0.56189822       0.39619121       0.42360612
       0.55647117       0.38580675       0.41256799
       0.55120777       0.37500954       0.40078032
       0.54618065       0.36383226       0.38822325
       0.54147319       0.35232264       0.37488952
       0.53717989       0.34054656       0.36078966
       0.53340611       0.32859128       0.34595810
       0.53026722       0.31656872       0.33046054
       0.52788672       0.30461839       0.31440230
       0.52639323       0.29290967       0.29793726
       0.52591591       0.28164296       0.28127684
       0.52657838       0.27104881       0.26469797
       0.52849064       0.26138454       0.24854854
       0.53173952       0.25292746       0.23324839
       0.53637762       0.24596400       0.21928370
       0.54241173       0.24077464       0.20719253
       0.54979175       0.23761457       0.19753973
       0.55840144       0.23669151       0.19088074
       0.56805302       0.23814218       0.18771561
       0.57848688       0.24201056       0.18843694
       0.58937805       0.24823113       0.19327798
       0.60034972       0.25662050       0.20226911
       0.61099337       0.26687997       0.21521087
       0.62089367       0.27861015       0.23167066
       0.62965558       0.29133671       0.25100585
       0.63693017       0.30454415       0.27241196
       0.64243610       0.31771331       0.29498899
       0.64597427       0.33035745       0.31781601
       0.64743434       0.34205244       0.34002289
       0.64679315       0.35245793       0.36084965
       0.64410630       0.36132809       0.37968702
       0.63949485       0.36851260       0.39609630
       0.63312931       0.37394945       0.40980984
       0.62521321       0.37765226       0.42071644
       0.61596764       0.37969464       0.42883685
       0.60561814       0.38019385       0.43429449
       0.59438433       0.37929557       0.43728583
       0.58247237       0.37716071       0.43805320
       0.57007010       0.37395487       0.43686201
       0.55734440       0.36984037       0.43398281
       0.54444030       0.36497074       0.42967826
       0.53148136       0.35948733       0.42419438
       0.51857093       0.35351741       0.41775535
       0.50579391       0.34717360       0.41056099
       0.49321879       0.34055407       0.40278627
       0.48089972       0.33374337       0.39458210
       0.46887858       0.32681349       0.38607704
       0.45718684       0.31982520       0.37737934
       0.44584731       0.31282928       0.36857926
       0.43487558       0.30586786       0.35975136
       0.42428139       0.29897560       0.35095670
       0.41406974       0.29218073       0.34224477
       0.40424179       0.28550604       0.33365535
       0.39479567       0.27896974       0.32522002
       0.38572717       0.27258614       0.31696354
       0.37703020       0.26636632       0.30890499
       0.36869731       0.26031863       0.30105877
       0.36071996       0.25444915       0.29343541
       0.35308889       0.24876208       0.28604227
       0.34579431       0.24326004       0.27888411
       0.33882607       0.23794436       0.27196354
       0.33217384       0.23281527       0.26528148
       0.32582722       0.22787214       0.25883741
       0.31977580       0.22311357       0.25262969
       0.31400927       0.21853757       0.24665578
       0.30851747       0.21414168       0.24091239
       0.30329038       0.20992300       0.23539565
       0.29831822       0.20587833       0.23010127
       0.29359145       0.20200421       0.22502455
       0.28910075       0.19829697       0.22016058
       0.28483708       0.19475279       0.21550421
       0.28079165       0.19136771       0.21105015
       0.27695595       0.18813771       0.20679305
       0.27332174       0.18505869       0.20272745
       0.26988103       0.18212652       0.19884791
       0.26662611       0.17933706       0.19514897
       0.26354953       0.17668615       0.19162518
       0.26064408       0.17416966       0.18827115
       0.25790283       0.17178348       0.18508153
       0.25531906       0.16952353       0.18205104
       0.25288631       0.16738579       0.17917446
       0.25059835       0.16536626       0.17644669
       0.24844917       0.16346102       0.17386266
       0.24643298       0.16166620       0.17141743
       0.24454421       0.15997799       0.16910616
       0.24277749       0.15839268       0.16692407
       0.24112765       0.15690658       0.16486653
       0.23958973       0.15551612       0.16292897
       0.23815894       0.15421777       0.16110696
       0.23683068       0.15300809       0.15939615
       0.23560054       0.15188374       0.15779230
       0.23446427       0.15084141       0.15629129
       0.23341778       0.14987792       0.15488910
       0.23245716       0.14899013       0.15358181
       0.23157863       0.14817501       0.15236562
       0.23077859       0.14742958       0.15123682
       0.23005357       0.14675096       0.15019183
       0.22940022       0.14613635       0.14922715
       0.22881536       0.14558300       0.14833941
       0.22829591       0.14508828       0.14752532
       0.22783892       0.14464959       0.14678172
       0.22744155       0.14426444       0.14610553
       0.22710109       0.14393039       0.14549378
       0.22681491       0.14364508       0.14494361
       0.22658050       0.14340622       0.14445224
       0.22639542       0.14321158       0.14401699
       0.22625735       0.14305899       0.14363527
       0.22616401       0.14294636       0.14330460
       0.22611323       0.14287164       0.14302256
       0.22610290       0.14283285       0.14278683
       0.22613097       0.14282804       0.14259518
       0.22619545       0.14285533       0.14244542
       0.22629440       0.14291289       0.14233548
       0.22642594       0.14299891       0.14226332
       0.22658822       0.14311164       0.14222699
       0.22677944       0.14324936       0.14222459
       0.22699781       0.14341038       0.14225429
       0.22724160       0.14359304       0.14231428
       0.22750908       0.14379571       0.14240283
       0.22779855       0.14401677       0.14251822
       0.22810833       0.14425464       0.14265881
       0.22843675       0.14450773       0.14282294
       0.22878214       0.14477450       0.14300902
       0.22914285       0.14505337       0.14321546
       0.22951724       0.14534282       0.14344068
       0.22990366       0.14564130       0.14368314
       0.23030047       0.14594727       0.14394129
       0.23070603       0.14625921       0.14421358
       0.23111871       0.14657557       0.14449847
       0.23153687       0.14689482       0.14479442
       0.23195887       0.14721542       0.14509988
       0.23238310       0.14753584       0.14541329
       0.23280791       0.14785451       0.14573308
       0.23323169       0.14816991       0.14605765
       0.23365283       0.14848048       0.14638541
       0.23406973       0.14878466       0.14671475
       0.23448080       0.14908091       0.14704402
       0.23488449       0.14936768       0.14737158
       0.23527925       0.14964341       0.14769575
       0.23566356       0.14990658       0.14801483
       0.23603595       0.15015566       0.14832714
       0.23639497       0.15038911       0.14863093
       0.23673922       0.15060546       0.14892448
       0.23706735       0.15080321       0.14920605
       0.23737807       0.15098092       0.14947387
       0.23767015       0.15113716       0.14972619
       0.23794244       0.15127056       0.14996125
       0.23819385       0.15137976       0.15017730
       0.23842340       0.15146347       0.15037259
       0.23863018       0.15152047       0.15054540
       0.23881341       0.15154958       0.15069401
       0.23897240       0.15154969       0.15081674
       0.23910659       0.15151979       0.15091195
       0.23921555       0.15145895       0.15097804
       0.23929898       0.15136634       0.15101346
       0.23935673       0.15124122       0.15101672
       0.23938883       0.15108300       0.15098640
       0.23939545       0.15089120       0.15092117
       0.23937694       0.15066547       0.15081980
       0.23933384       0.15040565       0.15068115
       0.23926690       0.15011170       0.15050420
       0.23917703       0.14978379       0.15028809
       0.23906541       0.14942226       0.15003208
       0.23893338       0.14902765       0.14973560
       0.23878255       0.14860075       0.14939828
       0.23861474       0.14814253       0.14901994
       0.23843202       0.14765424       0.14860059
       0.23823669       0.14713737       0.14814053
       0.23803132       0.14659370       0.14764027
       0.23781869       0.14602525       0.14710061
       0.23760187       0.14543439       0.14652266
       0.23738416       0.14482375       0.14590784
       0.23716909       0.14419630       0.14525790
       0.23696045       0.14355534       0.14457497
       0.23676226       0.14290448       0.14386152
       0.23657874       0.14224770       0.14312047
       0.23641434       0.14158930       0.14235512
       0.23627369       0.14093392       0.14156921
       0.23616158       0.14028655       0.14076693
       0.23608298       0.13965251       0.13995292
       0.23604294       0.13903745       0.13913228
       0.23604665       0.13844732       0.13831057
       0.23609932       0.13788837       0.13749383
       0.23620622       0.13736711       0.13668852
       0.23637257       0.13689028       0.13590156
       0.23660357       0.13646484       0.13514028
       0.23690430       0.13609793       0.13441239
       0.23727973       0.13579677       0.13372596
       0.23773460       0.13556868       0.13308936
       0.23827346       0.13542101       0.13251120
       0.23890054       0.13536103       0.13200027
