   0.2581917487372666   0.0938008911941941   0.0889346820428801
   0.2611912373057640   0.0846939320437085   0.0709681027565931
   0.2672289648152196   0.0780279707251324   0.0546349265232169
   0.2764450588069451   0.0747497359525795   0.0416754721109593
   0.2886865816222569   0.0756423358187363   0.0338648747475416
   0.3034596007530212   0.0811767455409121   0.0327481449041327
   0.3199313808965964   0.0913772918296280   0.0393189441018038
   0.3369997379206508   0.1057470743839381   0.0537293415422399
   0.3534281139806273   0.1232927625410390   0.0751399426774737
   0.3680208952686703   0.1426601602831039   0.1017930161535931
   0.3797954590612518   0.1623515956460400   0.1313131084420690
   0.3881062164731607   0.1809643092663022   0.1611473599014739
   0.3926932735948231   0.1973837376626873   0.1890049828788425
   0.3936550328339913   0.2108886638246010   0.2131709432335661
   0.3913665196047885   0.2211614499612724   0.2326358512584596
   0.3863746708576889   0.2282264124883142   0.2470581815849793
   0.3792982326275837   0.2323519877270292   0.2566201233912049
   0.3707491962058332   0.2339488454497747   0.2618457990377825
   0.3612814313222989   0.2334843837015855   0.2634328730501782
   0.3513642296433132   0.2314217722047232   0.2621235335212265
   0.3413746685787027   0.2281830375271681   0.2586204307117669
   0.3316020576475710   0.2241313268624683   0.2535413618961025
   0.3222587953531355   0.2195663747285324   0.2474021271822842
   0.3134935966380594   0.2147278732712564   0.2406171724423500
   0.3054045906037336   0.2098027837706048   0.2335098218200657
   0.2980509708871233   0.2049339741829661   0.2263264738705206
   0.2914626745059554   0.2002286493377682   0.2192513323766117
   0.2856480381744408   0.1957658007475120   0.2124198422809798
   0.2805996274929284   0.1916023856252438   0.2059300427617216
   0.2762985366402062   0.1877782223884033   0.1998516641436905
   0.2727174754020192   0.1843197311853795   0.1942331196003222
   0.2698229370551476   0.1812427057622412   0.1891066863457590
   0.2675766993274439   0.1785543138332725   0.1844922117487292
   0.2659368649552506   0.1762545102271008   0.1803996674599397
   0.2648586049580080   0.1743370240908840   0.1768308389956235
   0.2642947293430368   0.1727900556986922   0.1737803955406407
   0.2641961771280917   0.1715967934244931   0.1712365429118033
   0.2645124899597165   0.1707358385254791   0.1691814246795820
   0.2651923105551703   0.1701816047693016   0.1675914028574209
   0.2661839280966173   0.1699047414408884   0.1664373197074444
   0.2674358771340076   0.1698726116538669   0.1656848152245060
   0.2688975842773466   0.1700498430860377   0.1652947501374520
   0.2705200478829096   0.1703989553694275   0.1652237616450072
   0.2722565300043187   0.1708810576582192   0.1654249588791499
   0.2740632369748119   0.1714566016975698   0.1658487478913632
   0.2758999648654454   0.1720861702953131   0.1664437625501390
   0.2777306883051343   0.1727312785713027   0.1671578687914972
   0.2795240751582775   0.1733551656087907   0.1679392055522607
   0.2812539146058076   0.1739235567819771   0.1687372263793605
   0.2828994514721622   0.1744053814668307   0.1695037106056462
   0.2844456244088117   0.1747734362622427   0.1701937211290790
   0.2858832091107254   0.1750049893664963   0.1707664959131670
   0.2872088696014411   0.1750823264822256   0.1711862708500269
   0.2884251204874046   0.1749932417600178   0.1714230410812770
   0.2895402009050593   0.1747314781867460   0.1714532748546146
   0.2905678568622018   0.1742971200246719   0.1712605973025138
   0.2915270232462018   0.1736969351785780   0.1708364602042798
   0.2924413906078608   0.1729446577236312   0.1701808071356383
   0.2933388358336576   0.1720611905593261   0.1693027310082298
   0.2942506911224645   0.1710746958953802   0.1682211027923834
   0.2952108236339158   0.1700205280774759   0.1669651266322781
   0.2962545002962487   0.1689409507038477   0.1655747487726529
   0.2974170201405414   0.1678845702639013   0.1641008179646679
   0.2987321116178682   0.1669054144824660   0.1626048669981074
   0.3002301156402150   0.1660615885276880   0.1611583641492787
   0.3019360066188500   0.1654134597365756   0.1598412768140937
   0.3038673421261412   0.1650213544951022   0.1587398057926498
   0.3060322735374998   0.1649428007883010   0.1579431958374291
   0.3084277893538624   0.1652294153057732   0.1575396119612710
   0.3110383919350709   0.1659236094243246   0.1576111918903611
   0.3138354178920562   0.1670553637588673   0.1582285344685291
   0.3167771936675928   0.1686393818511241   0.1594450423886280
   0.3198101650967426   0.1706729632467970   0.1612916754495025
   0.3228710527953761   0.1731349193980544   0.1637727514749524
   0.3258899714877470   0.1759857834083300   0.1668634220917363
   0.3287943261806187   0.1791694381946234   0.1705093288724897
   0.3315131826245498   0.1826161218847066   0.1746287142747541
   0.3339817264656217   0.1862465908012286   0.1791169518732334
   0.3361453933478014   0.1899770623942032   0.1838531265798343
   0.3379632799355579   0.1937244544613955   0.1887080046571880
   0.3394105298987173   0.1974114041586404   0.1935525457893912
   0.3404795139828151   0.2009705957202549   0.1982660621137432
   0.3411797661629213   0.2043480373988895   0.2027432252497634
   0.3415367735061182   0.2075050807416937   0.2068993326659871
   0.3415898248869851   0.2104191381995278   0.2106735179789824
   0.3413891905592647   0.2130831999451865   0.2140298687083749
   0.3409929278484753   0.2155043579054448   0.2169566512684167
   0.3404635932278736   0.2177016057692342   0.2194640066643131
   0.3398650983590976   0.2197031998278160   0.2215805624469162
   0.3392598897101541   0.2215438458827304   0.2233494152502291
   0.3387065694447378   0.2232619344444293   0.2248238925475567
   0.3382580179472239   0.2248969923239760   0.2260634244293783
   0.3379600307603592   0.2264874634888524   0.2271297665131862
   0.3378504469301256   0.2280688824427904   0.2280837287029287
   0.3379587215297556   0.2296724629042367   0.2289824905913953
   0.3383058808385806   0.2313240941287835   0.2298775266942251
   0.3389047920688973   0.2330437160797429   0.2308131233979401
   0.3397606784611070   0.2348450311639643   0.2318254421929829
   0.3408718131499245   0.2367355025595013   0.2329420672164920
   0.3422303300731283   0.2387165855969034   0.2341819661505969
   0.3438230964524672   0.2407841379314458   0.2355557894937130
   0.3456325985042047   0.2429289554985769   0.2370664323191580
   0.3476377997631243   0.2451373839802427   0.2387097837944620
   0.3498149395828523   0.2473919594765677   0.2404755924871903
   0.3521382478908263   0.2496720371566533   0.2423483797291974
   0.3545805609827515   0.2519543727640905   0.2443083391012052
   0.3571138318429998   0.2542136288496963   0.2463321674606043
   0.3597095369364640   0.2564227853029869   0.2483937817654805
   0.3623389893831543   0.2585534419032422   0.2504648859803338
   0.3649735756722480   0.2605760089324352   0.2525153631769255
   0.3675849394280831   0.2624597901269529   0.2545134790877737
   0.3701451411189858   0.2641729702020307   0.2564258943673006
   0.3726268270031688   0.2656825267811578   0.2582174933131984
   0.3750034441183958   0.2669540938616002   0.2598510466369844
   0.3772495408840592   0.2679518111620574   0.2612867351464950
   0.3793411950506322   0.2686382012033616   0.2624815703261802
   0.3812566124115152   0.2689741242886300   0.2633887575452559
   0.3829769408690394   0.2689188713143724   0.2639570591676288
   0.3844873448661141   0.2684304662623410   0.2641302298176966
   0.3857783842163721   0.2674662649647100   0.2638466166168857
   0.3868477377535574   0.2659839547672061   0.2630390460180584
   0.3877023038705770   0.2639430809897887   0.2616351590497303
   0.3883606936060955   0.2613072495308141   0.2595584116093028
   0.3888561025171871   0.2580471776520387   0.2567300285779440
   0.3892394982142495   0.2541447808732570   0.2530722904428790
   0.3895829820595372   0.2495984820430508   0.2485136341160299
   0.3899830654244069   0.2444298909058319   0.2429961507920347
   0.3905634325110169   0.2386919012110341   0.2364861299137788
   0.3914765369291067   0.2324780492093194   0.2289882676348851
   0.3929031043329727   0.2259326254585028   0.2205639280358232
   0.3950483205169485   0.2192604864160762   0.2113532664315759
   0.3981332492451023   0.2127347552692331   0.2015999138419969
   0.4023799848215412   0.2066996868312981   0.1916751221725743
   0.4079894077803893   0.2015650905711962   0.1820957803154776
   0.4151114244106263   0.1977882538270088   0.1735279108805094
   0.4238094222591922   0.1958398941476107   0.1667651622448243
   0.4340233180372459   0.1961529855802640   0.1626721838272992
   0.4455385019359048   0.1990577458070659   0.1620877389089777
   0.4579700868815206   0.2047121615994394   0.1656932577673609
   0.4707716413746636   0.2130433221420782   0.1738678655114330
   0.4832737928277613   0.2237174767572774   0.1865653010145250
   0.4947508097897553   0.2361532038580390   0.2032531976060980
   0.5045045662384920   0.2495816954104515   0.2229441402719523
   0.5119487247656591   0.2631440073855871   0.2443214429078818
   0.5166748174420838   0.2760031981326392   0.2659310786169122
   0.5184870516609221   0.2874451766051597   0.2863896829065677
   0.5174019173750741   0.2969474858790168   0.3045571861949569
   0.5136180114978766   0.3042069678475085   0.3196402498434024
   0.5074674535010487   0.3091295804866778   0.3312186467654646
   0.4993615578335005   0.3117938580969258   0.3392087444238697
   0.4897409850282734   0.3124019840793653   0.3437892941397728
   0.4790364258152083   0.3112303684037715   0.3453147804184321
   0.4676418284443304   0.3085873851260826   0.3442349106741207
   0.4558992936366215   0.3047816416581545   0.3410303033275255
   0.4440932528572972   0.3001009787199094   0.3361673003855029
   0.4324511390425023   0.2948006037441824   0.3300703036935155
   0.4211480236809438   0.2890980896067365   0.3231079414348120
   0.4103132523035390   0.2831730115859098   0.3155889652091722
   0.4000377121102871   0.2771693812410059   0.3077642807938642
   0.3903808825993799   0.2711995182798063   0.2998323567333292
   0.3813772093761482   0.2653484462362612   0.2919461018636018
   0.3730416065521912   0.2596782511391404   0.2842200057506575
   0.3653740578745010   0.2542320968000903   0.2767368558864045
   0.3583633785813179   0.2490377596853419   0.2695536983994840
   0.3519902432714171   0.2441106508292187   0.2627069309186764
   0.3462295984036123   0.2394563512637291   0.2562165445411091
   0.3410525744288696   0.2350727166176150   0.2500895980011939
   0.3364280004804476   0.2309516173459682   0.2443230345694245
   0.3323236091812442   0.2270803813373336   0.2389059571800762
   0.3287070033976652   0.2234430004876277   0.2338214703980553
   0.3255464421587491   0.2200211553384167   0.2290481856465282
   0.3228114900709622   0.2167951038325854   0.2245614724556594
   0.3204735634875044   0.2137444725638220   0.2203345254232038
   0.3185063972557896   0.2108489819659168   0.2163393050660102
   0.3168864477549781   0.2080891307453536   0.2125474010846153
   0.3155932407858853   0.2054468593382957   0.2089308586489998
   0.3146096663313535   0.2029062069689685   0.2054630017669442
   0.3139222159501617   0.2004539716097077   0.2021192820500974
   0.3135211523601361   0.1980803763446464   0.1988781755154811
   0.3134005944770678   0.1957797388432538   0.1957221435630827
   0.3135584948364907   0.1935511323967871   0.1926386659166322
   0.3139964801860329   0.1913990168840256   0.1896213419532704
   0.3147195206352162   0.1893338059227412   0.1866710413001088
   0.3157353889799454   0.1873723224739164   0.1837970638093614
   0.3170538709744182   0.1855380799646737   0.1810182424470769
   0.3186856910939898   0.1838613109962799   0.1783638905334168
   0.3206411287042680   0.1823786532745028   0.1758744589108806
   0.3229283185553904   0.1811323959922768   0.1736017328790996
   0.3255512587840688   0.1801691939677408   0.1716083697298348
   0.3285075896869644   0.1795381764374376   0.1699665649984541
   0.3317862560722510   0.1792884172372086   0.1687556510703670
   0.3353652208702623   0.1794657960767784   0.1680584881128791
   0.3392094503825018   0.1801093658964059   0.1679566143116014
   0.3432694312635466   0.1812474423334052   0.1685242825094221
   0.3474804931274582   0.1828937345445778   0.1698217133545182
   0.3517631860135020   0.1850439217552709   0.1718881142476290
   0.3560248904073941   0.1876731228040690   0.1747352056191481
   0.3601627188627060   0.1907346842042156   0.1783421081510944
   0.3640676135300241   0.1941606125472750   0.1826524262814262
   0.3676293757702986   0.1978638022610967   0.1875741848592868
   0.3707422134751404   0.2017419823712659   0.1929829435278582
   0.3733102909682759   0.2056830659628769   0.1987279767574987
   0.3752527400328217   0.2095713819653796   0.2046409515245348
   0.3765076479940596   0.2132941444915051   0.2105461583898328
   0.3770346703419957   0.2167474964891843   0.2162711387895497
   0.3768160949618541   0.2198415528908136   0.2216565444358561
   0.3758563772322019   0.2225040399695605   0.2265642539894215
   0.3741803350216943   0.2246823418716112   0.2308831014746215
   0.3718303139176892   0.2263439777472968   0.2345319584004157
   0.3688626936280640   0.2274757066590891   0.2374602752912164
   0.3653441082334717   0.2280815707145150   0.2396464673376040
   0.3613477082110980   0.2281802346603748   0.2410946934811002
   0.3569497185714575   0.2278019711150935   0.2418306291735918
   0.3522264629266065   0.2269855912720048   0.2418967926718835
   0.3472519423520787   0.2257755499232991   0.2413478855364794
   0.3420959899972353   0.2242193773865088   0.2402464825062736
   0.3368229719774822   0.2223655211168553   0.2386592801394171
   0.3314909725565097   0.2202616231454892   0.2366540044845404
   0.3261513847893973   0.2179532183582024   0.2342969937915766
   0.3208488231620486   0.2154828123453258   0.2316514143689248
   0.3156212785873673   0.2128892837123820   0.2287760333552040
   0.3105004450471103   0.2102075512842980   0.2257244565408017
   0.3055121585354608   0.2074684485608790   0.2225447371221309
   0.3006769008604810   0.2046987535328136   0.2192792675790588
   0.2960103320723038   0.2019213295867264   0.2159648778681424
   0.2915238251383723   0.1991553413453814   0.2126330760101909
   0.2872249846976096   0.1964165170380999   0.2093103800612251
   0.2831181382783665   0.1937174358964876   0.2060187022937555
   0.2792047933931973   0.1910678249146323   0.2027757566390511
   0.2754840576357810   0.1884748540715611   0.1995954688824310
   0.2719530215337762   0.1859434228616201   0.1964883758224457
   0.2686071056803729   0.1834764338425832   0.1934620047839670
   0.2654403747765429   0.1810750510367493   0.1905212287493702
   0.2624458218338587   0.1787389425496290   0.1876685951837386
   0.2596156260503113   0.1764665078327623   0.1849046286046901
   0.2569413878849240   0.1742550907218667   0.1822281082813793
   0.2544143447012592   0.1721011798191094   0.1796363233038284
   0.2520255700835730   0.1700005980303436   0.1771253077743347
   0.2497661595934021   0.1679486831693249   0.1746900591395728
   0.2476274053559764   0.1659404615416210   0.1723247427826060
   0.2456009614616673   0.1639708163493391   0.1700228859847588
   0.2436790017463787   0.1620346526322043   0.1677775642874821
   0.2418543710791374   0.1601270602908419   0.1655815831588734
   0.2401207308339158   0.1582434765274756   0.1634276577115381
   0.2384726987521371   0.1563798487851430   0.1613085930310202
   0.2369059829074927   0.1545327989618715   0.1592174674513360
   0.2354175089609838   0.1526997893103947   0.1571478208426903
   0.2340055393385422   0.1508792899938288   0.1550938496356507
   0.2326697823764318   0.1490709477388926   0.1530506098691516
   0.2314114888661001   0.1472757543968735   0.1510142289847676
   0.2302335328022794   0.1454962134771366   0.1489821263612539
   0.2291404725168446   0.1437365018523607   0.1469532416548855
   0.2281385877979978   0.1420026228511656   0.1449282688486394
   0.2272358880942144   0.1403025458674092   0.1429098924907556
   0.2264420865433254   0.1386463264585322   0.1409030209097008
   0.2257685344213560   0.1370461997326357   0.1389150092415100
   0.2252281107577511   0.1355166387172609   0.1369558629459157
   0.2248350624060194   0.1340743684743979   0.1350384102166087
   0.2246047908848134   0.1327383261199080   0.1331784294655960
   0.2245535838965351   0.1315295567933856   0.1313947161088107
   0.2246982916448482   0.1304710361975152   0.1297090714996272
   0.2250559509194476   0.1295874117767659   0.1281461964139159
   0.2256433633394150   0.1289046571014432   0.1267334723915998
   0.2264766380007779   0.1284496376717623   0.1255006168901101
   0.2275707128114595   0.1282495911618792   0.1244792029401586
   0.2289388726616858   0.1283315309430942   0.1237020409924673
   0.2305922858195503   0.1287215882328757   0.1232024298273075
   0.2325395820508507   0.1294443148851848   0.1230132943373679
   0.2347864964341449   0.1305219749547191   0.1231662398438104
   0.2373356012597472   0.1319738578911024   0.1236905641029147
   0.2401861445359013   0.1338156486833630   0.1246122777139946
   0.2433340075291138   0.1360588897391780   0.1259531895206419
   0.2467717858390215   0.1387105653002481   0.1277301142387554
   0.2504889895128461   0.1417728317697401   0.1299542538940183
   0.2544723487035915   0.1452429070201122   0.1326307925172722
   0.2587062035954354   0.1491131196818600   0.1357587258388698
   0.2631729519429217   0.1533711071530356   0.1393309264965493
   0.2678535255033477   0.1580001403884814   0.1433344235066183
   0.2727278682963251   0.1629795460772213   0.1477508558764648
   0.2777753947800263   0.1682851937763412   0.1525570474776907
   0.2829754138182149   0.1738900173638811   0.1577256459577457
   0.2883075133260963   0.1797645463265347   0.1632257733605932
   0.2937519090480432   0.1858774315846029   0.1690236493044903
   0.2992897674058868   0.1921959608442771   0.1750831664223735
   0.3049035155114506   0.1986865677070324   0.1813664185421349
   0.3105771506490042   0.2053153450405785   0.1878342006191087
   0.3162965569558484   0.2120485751411932   0.1944465120668001
   0.3220498295466890   0.2188532866009065   0.2011630994477085
   0.3278275973678306   0.2256978410935189   0.2079440697866186
   0.3336233273088365   0.2325525438720375   0.2147505931549683
   0.3394335851401616   0.2393902614774885   0.2215456952308867
   0.3452582249094892   0.2461870209385210   0.2282951207181062
   0.3511004781711881   0.2529225582425045   0.2349682303776482
   0.3569669178607765   0.2595807811483387   0.2415388809677242
   0.3628672782072094   0.2661501128317217   0.2479862304797050
   0.3688141208426640   0.2726236880472259   0.2542954112641369
   0.3748223470779481   0.2789993815584971   0.2604580202877158
   0.3809085660477377   0.2852796583277241   0.2664723872599640
   0.3870903371819818   0.2914712451256790   0.2723435956594287
   0.3933853126190942   0.2975846327587960   0.2780832467079304
   0.3998103104582659   0.3036334262637242   0.2837089703864618
   0.4063803531472391   0.3096335668163556   0.2892436995446290
   0.4131077070038585   0.3156024537029530   0.2947147325625351
   0.4200009591462258   0.3215579977130638   0.3001526169818086
   0.4270641672181137   0.3275176390687772   0.3055898915197383
   0.4342961154237603   0.3334973638358960   0.3110597275677104
   0.4416897075965883   0.3395107529061344   0.3165945142443891
   0.4492315242809018   0.3455680971751216   0.3222244336829769
   0.4569015660002913   0.3516756113786090   0.3279760754991797
   0.4646731989171500   0.3578347769612600   0.3338711409723569
   0.4725133119240112   0.3640418410446808   0.3399252877454181
   0.4803826859599397   0.3702874937680024   0.3461471640280293
   0.4882365673095809   0.3765567398576318   0.3525376766331526
   0.4960254273080840   0.3828289723170576   0.3590895291979289
   0.5036958818918562   0.3890782469469583   0.3657870555719179
   0.5111917365401416   0.3952737466009167   0.3726063590679295
   0.5184551160678676   0.4013804144408739   0.3795157520700860
   0.5254276350508120   0.4073597268570556   0.3864764738145803
   0.5320515637576044   0.4131705699913982   0.3934436486520976
   0.5382709464043729   0.4187701796002196   0.4003674343662765
   0.5440326331028491   0.4241151026690182   0.4071943014372425
   0.5492871935340413   0.4291621407615447   0.4138683802480873
   0.5539896884474295   0.4338692392205991   0.4203328142426444
   0.5581002837752561   0.4381962924433490   0.4265310624442293
   0.5615847007051086   0.4421058427729696   0.4324081035400297
   0.5644145028348587   0.4455636582896473   0.4379115046469358
   0.5665672280887616   0.4485391822354142   0.4429923295726949
   0.5680263781547027   0.4510058534192867   0.4476058726923807
   0.5687812817563650   0.4529413023755289   0.4517122145839807
   0.5688268502012441   0.4543274321457098   0.4552766037677762
   0.5681632445491985   0.4551503953526920   0.4582696750689688
   0.5667954736798152   0.4554004808806263   0.4606675193420070
   0.5647329417586018   0.4550719241838074   0.4624516218108898
   0.5619889623452153   0.4541626552511858   0.4636086874348483
   0.5585802548426430   0.4526739977674238   0.4641303718585733
   0.5545264372997759   0.4506103322136358   0.4640129359668537
   0.5498495278542493   0.4479787346757079   0.4632568410861805
   0.5445734654077398   0.4447886020689885   0.4618663006413055
   0.5387236585084042   0.4410512734064569   0.4598488027024871
   0.5323265699060850   0.4367796556721630   0.4572146164233946
   0.5254093428677648   0.4319878618387440   0.4539762939160752
   0.5179994741112015   0.4266908676069751   0.4501481776694285
   0.5101245371479939   0.4209041925650988   0.4457459222183855
   0.5018119589351091   0.4146436106851502   0.4407860374410301
   0.4930888520242348   0.4079248944132705   0.4352854596324204
   0.4839819038750020   0.4007635960926054   0.4292611554130047
   0.4745173246598159   0.3931748701026850   0.4227297626153946
   0.4647208547273158   0.3851733389295302   0.4157072715971364
   0.4546178328939446   0.3767730064162564   0.4082087499921715
   0.4442333268761815   0.3679872217030135   0.4002481137854418
   0.4335923274273606   0.3588286978634938   0.3918379478228952
   0.4227200080578755   0.3493095899951089   0.3829893795079093
   0.4116420525352524   0.3394416385275775   0.3737120105477084
   0.4003850525989115   0.3292363847769705   0.3640139132718749
   0.3889769783728714   0.3187054672705879   0.3539017003315518
   0.3774477236697290   0.3078610090588925   0.3433806795914813
   0.3658297275531730   0.2967161080312331   0.3324551098363234
   0.3541586719032233   0.2852854440195983   0.3211285776004736
   0.3424742519700004   0.2735860179774847   0.3094045210248282
   0.3308210125789529   0.2616380393995458   0.2972869330802502
   0.3192492362350163   0.2494659778643754   0.2847812835430428
   0.3078158602430389   0.2370997923613530   0.2718957062468966
   0.2965853874295958   0.2245763468222865   0.2586425044063544
   0.2856307384351340   0.2119410105752330   0.2450400305791229
   0.2750339723054300   0.1992494264347610   0.2311149965369639
   0.2648867760825892   0.1865694046569586   0.2169052581339662
   0.2552905938493964   0.1739828656763495   0.2024630958911501
   0.2463562330360540   0.1615877063302444   0.1878589666119323
   0.2382027544776993   0.1494994021392971   0.1731856269365526
   0.2309554290599622   0.1378520834316258   0.1585624185248771
   0.2247425373659810   0.1267987410225518   0.1441393515050474
   0.2196908124012149   0.1165101393366550   0.1301004301333797
   0.2159193944085339   0.1071719609810497   0.1166654479467050
   0.2135322957787218   0.0989797054345776   0.1040892753476472
   0.2126095724370186   0.0921309510314261   0.0926575328552241
   0.2131976623849846   0.0868147988790583   0.0826775752841223
   0.2152996578048320   0.0831986715479263   0.0744640036130845
   0.2188665728396114   0.0814131286911180   0.0683185484098143
   0.2237908778052420   0.0815359272771157   0.0645051373299369
   0.2299036031823376   0.0835770798962431   0.0632221544781777
   0.2369760998358434   0.0874669920803702   0.0645750618207804
   0.2447270531220135   0.0930497310604595   0.0685533155651777
   0.2528346453836452   0.1000830020925466   0.0750155137481727
   0.2609529846952920   0.1082455192040734   0.0836857663826282
   0.2687312579870519   0.1171513364388212   0.0941625046053939
   0.2758336990916178   0.1263696365084934   0.1059387818616901
   0.2819584788164740   0.1354477398939496   0.1184311874915544
   0.2868539970323237   0.1439348727286173   0.1310133363338122
   0.2903316539833792   0.1514045187768666   0.1430497642511723
   0.2922748222566093   0.1574738299502250   0.1539268273931950
   0.2926442784433227   0.1618193624656670   0.1630784947014773
   0.2914806980326735   0.1641891488071314   0.1700063148249159
   0.2889049515379031   0.1644116971537315   0.1742940393425979
   0.2851168875724245   0.1624028976823246   0.1756182975056019
   0.2803930761261256   0.1581720148057593   0.1737573859875509
   0.2750836189574447   0.1518279488952115   0.1686007285848486
   0.2696075993165354   0.1435867057251501   0.1601618616301047
   0.2644460268178470   0.1337804051727345   0.1485977416603234
   0.2601302646947457   0.1228670427518853   0.1342363882825575
   0.2572230385342534   0.1114384571804518   0.1176128099770342
   0.2562885277160694   0.1002215613853455   0.0995091642185578
