-0.15231187
-0.13281631
-0.11172523
-0.08937125200000001
-0.066116354
-0.04234465
-0.01845428199999999
0.005151226499999999
0.028071608
0.049918017
0.070320246
0.088932625
0.1054383099999999
0.1195518099999999
0.13101961
0.13961919
0.14515629
0.14746104
0.14638306
0.14178607
0.13354242
0.12152794
0.10561763
0.08568252499999999
0.061588329
0.033196007
0.0003649033199999999
-0.037041327
-0.07914557099999999
-0.12604456
-0.17779233
-0.2343795699999999
-0.29570889
-0.361566
-0.43158744
-0.50522575
-0.5817137399999999
-0.6600303300000001
-0.73887136
-0.81662994
-0.8913915599999999
-0.9609503
-1.0228523
-1.074472099999999
-1.113124999999999
-1.1362167
-1.141424599999999
-1.1269012
-1.0914823
-1.0348785
-0.95782378
-0.8621556
-0.75080557
-0.62768844
-0.49749019
-0.36537041
-0.23660718
-0.11622204
-0.0086257962
0.08267781299999998
0.15530294
0.2080924399999999
0.2411279899999999
0.25565063
0.25391097
0.23897125
0.21448095
0.18444366
0.15298786
0.12414928
0.1016692699999999
0.08881177499999999
0.08820209999999999
0.10169215
0.1302592999999999
0.17394739
0.2318587899999999
0.302204
0.3824112299999999
0.46929207
0.55925253
0.6485323499999999
0.73345122
0.8106391300000001
0.8772301499999999
0.9310038199999999
0.97046542
0.9948640700000001
1.0041545
0.9989136300000001
0.98022692
0.94955803
0.90861686
0.85923616
0.8032646200000001
0.74248082
0.6785295
0.61287917
0.5467988
0.48135021
0.41739271
0.35559654
0.29646201
0.24034193
0.18746523
0.13796042
0.091877755
0.049209471
0.0099077303
-0.02609997199999999
-0.058897959
-0.088572071
-0.11520181
-0.13885484
-0.1595836
-0.17742407
-0.19239629
-0.2045066299999999
-0.21375145
-0.22012209
-0.22361074
-0.2242169699999999
-0.22195466
-0.2168588
-0.20899193
-0.19844981
-0.18536589
-0.16991444