-0.9210884
-0.86232153
-0.7753989599999999
-0.6612818
-0.52254645
-0.3633676
-0.18933932
-0.0071385397
0.17593921
0.35251948
0.51569765
0.65952887
0.77940212
0.87226196
0.9366671800000001
0.97269959
0.98175519
0.96625981
0.92935291
0.87457792
0.80560773
0.72602262
0.63914754
0.54794754
0.45497401
0.362352
0.2717973699999999
0.18465345
0.10193809
0.024394012
-0.04746303799999999
-0.11330182
-0.17294101
-0.2263233399999999
-0.27349853
-0.31461395
-0.34991198
-0.37973181
-0.40451397
-0.42480506
-0.44126051
-0.45464314
-0.46581573
-0.47572587
-0.48538223
-0.49582162
-0.50806695
-0.52307672
-0.5416872
-0.5645490699999999
-0.59206056
-0.6242999400000001
-0.66096068
-0.70129339
-0.74405984
-0.78750512
-0.8293556
-0.8668506900000001
-0.89681691
-0.9157913
-0.92019859
-0.90658078
-0.87187105
-0.8136938499999999
-0.73066399
-0.62264923
-0.4909566899999999
-0.33840627
-0.16926395
0.010974577
0.1959375899999999
0.37883328
0.55295539
0.71217702
0.8513733000000001
0.9667268399999999
1.0558898
1.1179996
1.153564899999999
1.164254399999999
1.152626699999999
1.121839199999999
1.0753694
1.0167708
0.9494770799999999
0.8766594700000001
0.8011345800000001
0.72531566
0.6511984100000001
0.58037181
0.51404496
0.4530828399999999
0.3980451899999999
0.3492248399999999
0.30668306
0.27028095
0.23970664
0.21449886
0.1940676
0.1777129299999999
0.16464275
0.15399028
0.14483192
0.13620552
0.12712944
0.1166221299999999
0.10372208
0.087508151
0.06712002599999999
0.04177910599999999
0.010810074
-0.02633626399999999
-0.07005809
-0.12057483
-0.17789578
-0.24178462
-0.31172
-0.38685314
-0.46596492
-0.5474261799999999
-0.62916738
-0.70866516
-0.7829554500000001
-0.8486835799999999
-0.9022017399999999
-0.93972144
-0.9575245000000001
-0.95222789