0.12917643
0.083970819
0.030519479
-0.030584849
-0.09861657400000001
-0.17270231
-0.25179629
-0.33464811
-0.4197662799999999
-0.5053824999999999
-0.5894231399999999
-0.66949583
-0.7428999499999999
-0.8066701300000001
-0.8576607499999999
-0.8926771399999999
-0.90865417
-0.90287705
-0.8732305
-0.8184543500000001
-0.73837583
-0.63408464
-0.50801751
-0.36392595
-0.20671464
-0.042155572
0.1234971
0.28394985
0.43331853
0.56652999
0.67963211
0.7699829600000001
0.8363092399999999
0.87864284
0.89815874
0.89694629
0.8777478199999999
0.84369513
0.79806786
0.7440889699999999
0.68476507
0.62277221
0.56038365
0.49943289
0.44130486
0.38694782
0.33690003
0.29132601
0.25005885
0.21264607
0.17839726
0.14643256
0.11573126
0.08518007100000001
0.053620819
0.019897332
-0.017098468
-0.058381112
-0.1048264099999999
-0.15712597
-0.2157406899999999
-0.2808527
-0.35231534
-0.42960171
-0.51175333
-0.59733219
-0.68438142
-0.77040245
-0.85235832
-0.92671534
-0.98953493
-1.0366268
-1.0637695
-1.0669976
-1.042942199999999
-0.9892009699999999
-0.90469659
-0.78997695
-0.64740295
-0.48117829
-0.2971919
-0.10267025
0.094331891
0.2855449
0.46312491
0.62023923
0.75152494
0.85337298
0.9240202800000001
0.96346296
0.97322744
0.95604909
0.91551124
0.85569044
0.78084257
0.69514999
0.60253782
0.50655662
0.41032222
0.31650012
0.22732051
0.14461131
0.069838562
0.004146081299999999
-0.05161107
-0.09684210399999999
-0.13120576
-0.15460412
-0.16718257
-0.16933243
-0.16169243
-0.14514535
-0.12080656
-0.09000224100000001
-0.05423630499999999
-0.015146614
0.025547698
0.06610455599999999
0.10481899
0.14008061
0.17042432
0.19457113
0.21145656
0.22024604
0.22033763
0.21135388
0.19312575
0.1656718