-0.045582664
-0.044831597
-0.041343325
-0.03615339
-0.03034233
-0.02500671
-0.021229133
-0.02004832099999999
-0.022430302
-0.029241552
-0.041224619
-0.058976384
-0.08292873399999999
-0.11333105
-0.15023379
-0.19347224
-0.24265002
-0.29712188
-0.35597654
-0.41802084
-0.48176773
-0.5454318299999999
-0.6069372699999999
-0.66394338
-0.71389414
-0.7540964200000001
-0.78183054
-0.79449352
-0.78977085
-0.76582715
-0.7215005900000001
-0.6564803000000001
-0.57144335
-0.46812776
-0.34932238
-0.21876284
-0.080935024
0.059199855
0.19653162
0.32614416
0.44363731
0.54539329
0.62876234
0.69215484
0.73504007
0.75786352
0.76190263
0.74908473
0.7217902600000001
0.6826613799999999
0.6344305399999999
0.57977796
0.52122153
0.46103858
0.40121595
0.34342342
0.28900494
0.23898256
0.19406877
0.15468409
0.12097763
0.09284958400000001
0.06997507399999999
0.051829405
0.037714967
0.026790052
0.018099726
0.010608656
0.0032355456
-0.0051113796
-0.015498549
-0.028931595
-0.04632089999999999
-0.068448566
-0.095936974
-0.12921886
-0.16850863
-0.21377462
-0.2647121
-0.32071749
-0.38086448
-0.44388438
-0.5081535799999999
-0.57169277
-0.6321833599999999
-0.6870075199999999
-0.73331826
-0.76814451
-0.78853408
-0.79173267
-0.77539171
-0.73779078
-0.67805415
-0.5963351099999999
-0.49394059
-0.3733701
-0.23825121
-0.09316597
0.056622327
0.20551688
0.34797248
0.47887427
0.5938678699999999
0.68960644
0.76389401
0.8157200100000001
0.8451946700000001
0.85340586
0.84222439
0.81408567
0.77177236
0.71821723
0.6563383
0.58891176
0.51848294
0.44731139
0.37734422
0.31021058
0.24723068
0.18943337
0.1375776
0.092174423
0.05350761
0.021651861
-0.003511305
-0.02227934499999999
-0.035115147
-0.04263295699999999