-0.8486080400000001
-0.9293557399999999
-0.99976215
-1.0555966
-1.092476199999999
-1.1061341
-1.0927541
-1.0493508
-0.97416056
-0.8669935
-0.72949185
-0.56523993
-0.37968495
-0.17985271
0.02612561
0.2296258599999999
0.4222067199999999
0.59626058
0.74555606
0.86560953
0.95385394
1.009607399999999
1.0338726
1.029017099999999
0.99839099
0.94593572
0.8758250800000001
0.79216679
0.69877759
0.59903315
0.4957861
0.39134025
0.28746757
0.18545494
0.08616907899999999
-0.009869368400000001
-0.10240943
-0.19139594
-0.27690114
-0.35906359
-0.4380352499999999
-0.5139370399999999
-0.58682273
-0.6566512399999999
-0.72326687
-0.7863875099999999
-0.8456006600000001
-0.90036715
-0.95003265
-0.9938466599999999
-1.0309887
-1.0606008
-1.081826
-1.09385
-1.0959448
-1.0875121
-1.068122199999999
-1.0375473
-0.99578504
-0.94307073
-0.8798771699999999
-0.8069012799999999
-0.72503897
-0.6353504899999999
-0.53901941
-0.43730921
-0.33152143
-0.22295912
-0.11289802
-0.0025670769
0.10686195
0.21427705
0.3186234
0.41889849
0.5141483
0.6034671099999999
0.6860026000000001
0.7609671200000001
0.8276542299999999
0.88545932
0.93390167
0.97264547
1.001517299999999
1.0205176
1.0298252
1.0297938
1.0209412
1.0039307
0.9795487899999999
0.9486781
0.9122687900000001
0.87131004
0.8268025200000001
0.7797332
0.73105293
0.6816571399999999
0.63236971
0.58392962
0.5369801899999999
0.49206052
0.44959873
0.40990689
0.3731774
0.33948086
0.30876553
0.28085851
0.2554689099999999
0.23219318
0.21052273
0.18985403
0.16950117
0.14871081
0.12667942
0.10257268
0.075546926
0.044772667
0.009460204100000001
-0.031112206
-0.077567228
-0.1303936599999999
-0.18990725
-0.2562065299999999
-0.3291233
-0.40816827
-0.4924732099999999
-0.5807329099999999
-0.67115175
-0.76140262