    0.500000
    0.006430
    4.005093
    0.049200
    3.994066
    0.092000
    3.982535
    0.134857
    3.970514
    0.177798
    3.958024
    0.220846
    3.945086
    0.264025
    3.931726
    0.307354
    3.917977
    0.350852
    3.903874
    0.394532
    3.889462
    0.438404
    3.874790
    0.482473
    3.859914
    0.526737
    3.844897
    0.571192
    3.829807
    0.615826
    3.814718
    0.660625
    3.799704
    0.705573
    3.784843
    0.750653
    3.770211
    0.795849
    3.755881
    0.841148
    3.741923
    0.886539
    3.728401
    0.932018
    3.715373
    0.977585
    3.702888
    1.023245
    3.690991
    1.069007
    3.679718
    1.114883
    3.669102
    1.160887
    3.659167
    1.207038
    3.649933
    1.253352
    3.641415
    1.299847
    3.633623
    1.346539
    3.626564
    1.393443
    3.620240
    1.440574
    3.614650
    1.487945
    3.609789
    1.535565
    3.605653
    1.583448
    3.602233
    1.631605
    3.599523
    1.680048
    3.597514
    1.728793
    3.596201
    1.777856
    3.595578
    1.827255
    3.595645
    1.877010
    3.596400
    1.927142
    3.597846
    1.977672
    3.599989
    2.028622
    3.602836
    2.080010
    3.606393
    2.131857
    3.610668
    2.184181
    3.615668
    2.236999
    3.621400
    2.290327
    3.627865
    2.344180
    3.635066
    2.398570
    3.642997
    2.453508
    3.651654
    2.508999
    3.661024
    2.565046
    3.671092
    2.621643
    3.681837
    2.678779
    3.693232
    2.736434
    3.705245
    2.794578
    3.717838
    2.853168
    3.730966
    2.912152
    3.744576
    2.971466
    3.758611
    3.031034
    3.773004
    3.090772
    3.787686
    3.150589
    3.802582
    3.210392
    3.817617
    3.270088
    3.832712
    3.329588
    3.847794
    3.388810
    3.862789
    3.447682
    3.877630
    3.506143
    3.892257
    3.564143
    3.906613
    3.621645
    3.920650
    3.678621
    3.934327
    3.735053
    3.947608
    3.790933
    3.960462
    3.846257
    3.972864
    3.901030
    3.984791
    3.955257
    3.996227
    4.008951
    4.007154
    4.062124
    4.017560
    4.114792
    4.027432
    4.166970
    4.036760
    4.218677
    4.045537
    4.269932
    4.053756
    4.320753
    4.061414
    4.371161
    4.068510
    4.421178
    4.075048
    4.470824
    4.081034
    4.520119
    4.086479
    4.569084
    4.091397
    4.617737
    4.095806
    4.666093
    4.099727
    4.714166
    4.103185
    4.761968
    4.106206
    4.809513
    4.108817
    4.856810
    4.111048
    4.903871
    4.112925
    4.950711
    4.114477
    4.997342
    4.115726
    5.043780
    4.116695
    5.090043
    4.117400
    5.136148
    4.117856
    5.182112
    4.118070
    5.227952
    4.118047
    5.273682
    4.117787
    5.319313
    4.117284
    5.364854
    4.116530
    5.410307
    4.115508
    5.455671
    4.114203
    5.500940
    4.112590
    5.546102
    4.110647
    5.591144
    4.108345
    5.636049
    4.105657
    5.680801
    4.102555
    5.725382
    4.099010
    5.769781
    4.094996
    5.813986
    4.090491
    5.857996
    4.085473
    5.901809
    4.079925
    5.945433
    4.073833
    5.988879
    4.067188
    6.032161
    4.059984
    6.075298
    4.052218
    6.118311
    4.043892
    6.161224
    4.035009
    6.204062
    4.025575
    6.246850
    4.015600
