    3.883222
    0.015671
    3.899588
    0.015582
    3.909941
    0.027554
    3.898932
    0.027310
    3.908997
    0.039437
    3.898276
    0.039038
    3.908049
    0.051320
    3.897618
    0.050767
    3.907098
    0.063203
    3.896960
    0.062496
    3.906144
    0.075087
    3.896301
    0.074225
    3.905187
    0.086971
    3.895641
    0.085955
    3.904228
    0.098856
    3.894980
    0.097686
    3.903267
    0.110741
    3.894319
    0.109417
    3.902303
    0.122627
    3.893658
    0.121149
    3.901337
    0.134513
    3.892996
    0.132882
    3.900369
    0.146401
    3.892334
    0.144616
    3.899399
    0.158289
    3.891673
    0.156351
    3.898428
    0.170178
    3.891011
    0.168086
    3.897455
    0.182068
    3.890349
    0.179823
    3.896480
    0.193959
    3.889688
    0.191561
    3.895505
    0.205851
    3.889027
    0.203301
    3.894528
    0.217744
    3.888366
    0.215042
    3.893550
    0.229638
    3.887706
    0.226785
    3.892571
    0.241534
    3.887047
    0.238529
    3.891592
    0.253431
    3.886388
    0.250274
    3.890612
    0.265329
    3.885730
    0.262021
    3.889632
    0.277229
    3.885073
    0.273771
    3.888651
    0.289131
    3.884418
    0.285522
    3.887670
    0.301034
    3.883763
    0.297275
    3.886690
    0.312938
    3.883109
    0.309030
    3.885709
    0.324845
    3.882457
    0.320787
    3.884729
    0.336753
    3.881806
    0.332547
    3.883749
    0.348663
    3.881156
    0.344309
    3.882769
    0.360575
    3.880508
    0.356073
    3.881791
    0.372489
    3.879862
    0.367840
    3.880813
    0.384405
    3.879217
    0.379608
    3.879836
    0.396323
    3.878574
    0.391380
    3.878860
    0.408243
    3.877933
    0.403154
    3.877886
    0.420166
    3.877294
    0.414931
    3.876913
    0.432091
    3.876657
    0.426712
    3.875941
    0.444018
    3.876022
    0.438494
    3.874971
    0.455947
    3.875389
    0.450280
    3.874003
    0.467879
    3.874758
    0.462069
    3.873036
    0.479814
    3.874130
    0.473861
    3.872072
    0.491751
    3.873504
    0.485657
    3.871110
    0.503691
    3.872881
    0.497455
    3.870150
    0.515634
    3.872260
    0.509257
    3.869192
    0.527579
    3.871642
    0.521062
    3.868237
    0.539527
    3.871026
    0.532871
    3.867285
    0.551478
    3.870414
    0.544684
    3.866336
    0.563433
    3.869804
    0.556500
    3.865389
    0.575390
    3.869197
    0.568320
    3.864446
    0.587350
    3.868593
    0.580144
    3.863505
    0.599313
    3.867992
    0.591971
    3.862568
    0.611279
    3.867394
    0.603803
    3.861635
    0.623249
    3.866799
    0.615639
    3.860705
    0.635222
    3.866207
    0.627478
    3.859779
    0.647199
    3.865619
    0.639322
    3.858856
    0.659178
    3.865034
    0.651170
    3.857938
    0.671161
    3.864453
    0.663023
    3.857023
    0.683148
    3.863875
    0.674880
    3.856113
    0.695139
    3.863300
    0.686741
    3.855207
    0.707133
    3.862730
    0.698607
    3.854305
    0.719130
    3.862162
    0.710478
    3.853408
    0.731131
    3.861599
    0.722353
    3.852516
    0.743136
    3.861039
    0.734232
    3.851628
    0.755145
    3.860484
    0.746117
    3.850746
    0.767158
    3.859932
    0.758007
    3.849868
    0.779175
    3.859384
    0.769901
    3.848996
    0.791196
    3.858840
    0.781801
    3.848128
    0.803220
    3.858300
    0.793705
    3.847266
    0.815249
    3.857764
    0.805615
    3.846410
    0.827282
    3.857232
    0.817530
    3.845559
    0.839319
    3.856705
    0.829450
    3.844714
    0.851360
    3.856182
    0.841375
    3.843875
    0.863405
    3.855663
    0.853306
    3.843041
    0.875455
    3.855149
    0.865242
    3.842214
    0.887509
    3.854639
    0.877183
    3.841393
    0.899568
    3.854133
    0.889131
    3.840578
    0.911631
    3.853632
    0.901084
    3.839769
    0.923698
    3.853136
    0.913043
    3.838967
    0.935770
    3.852644
    0.925006
    3.838172
    0.947846
    3.852157
    0.936976
    3.837383
    0.959926
    3.851675
    0.948952
    3.836601
    0.972012
    3.851198
    0.960934
    3.835826
    0.984102
    3.850725
    0.972921
    3.835058
    0.996197
    3.850257
    0.984915
    3.834297
    1.008296
    3.849794
    0.996914
    3.833543
    1.020400
    3.849336
    1.008920
    3.832797
    1.032509
    3.848884
    1.020931
    3.832058
    1.044623
    3.848436
    1.032950
    3.831327
    1.056742
    3.847993
    1.044974
    3.830603
    1.068865
    3.847556
    1.057004
    3.829887
    1.080993
    3.847123
    1.069040
    3.829179
    1.093126
    3.846696
    1.081083
    3.828479
    1.105264
    3.846275
    1.093133
    3.827787
    1.117407
    3.845858
    1.105189
    3.827103
    1.129555
    3.845447
    1.117251
    3.826427
    1.141708
    3.845042
    1.129320
    3.825760
    1.153865
    3.844641
    1.141395
    3.825101
    1.166028
    3.844247
    1.153476
    3.824451
    1.178196
    3.843858
    1.165565
    3.823809
    1.190369
    3.843474
    1.177660
    3.823176
    1.202547
    3.843096
    1.189762
    3.822551
    1.214730
    3.842724
    1.201870
    3.821936
    1.226918
    3.842358
    1.213985
    3.821329
    1.239111
    3.841997
    1.226107
    3.820732
    1.251309
    3.841642
    1.238235
    3.820144
    1.263513
    3.841293
    1.250371
    3.819564
    1.275721
    3.840949
    1.262513
    3.818995
    1.287934
    3.840612
    1.274662
    3.818434
    1.300153
    3.840280
    1.286817
    3.817883
    1.312376
    3.839955
    1.298980
    3.817342
    1.324605
    3.839635
    1.311150
    3.816810
    1.336839
    3.839322
    1.323326
    3.816288
    1.349078
    3.839014
    1.335510
    3.815776
    1.361322
    3.838713
    1.347700
    3.815273
    1.373571
    3.838418
    1.359897
    3.814781
    1.385826
    3.838128
    1.372101
    3.814298
    1.398085
    3.837846
    1.384312
    3.813826
    1.410350
    3.837569
    1.396530
    3.813364
    1.422619
    3.837299
    1.408755
    3.812912
    1.434893
    3.837034
    1.420987
    3.812470
    1.447172
    3.836777
    1.433226
    3.812039
    1.459457
    3.836525
    1.445472
    3.811618
    1.471747
    3.836280
    1.457725
    3.811207
    1.484041
    3.836041
    1.469985
    3.810807
    1.496340
    3.835809
    1.482251
    3.810418
    1.508644
    3.835583
    1.494524
    3.810039
    1.520953
    3.835364
    1.506805
    3.809671
    1.533267
    3.835151
    1.519092
    3.809314
    1.545586
    3.834945
    1.531387
    3.808967
    1.557910
    3.834745
    1.543688
    3.808632
    1.570238
    3.834552
    1.555996
    3.808307
    1.582571
    3.834366
    1.568310
    3.807994
    1.594909
    3.834186
    1.580632
    3.807691
    1.607252
    3.834012
    1.592961
    3.807400
    1.619599
    3.833846
    1.605297
    3.807119
    1.631950
    3.833686
    1.617639
    3.806850
    1.644307
    3.833533
    1.629987
    3.806592
    1.656667
    3.833386
    1.642342
    3.806345
    1.669033
    3.833246
    1.654705
    3.806110
    1.681403
    3.833113
    1.667074
    3.805886
    1.693777
    3.832987
    1.679450
    3.805673
    1.706155
    3.832867
    1.691832
    3.805471
    1.718538
    3.832755
    1.704220
    3.805281
    1.730925
    3.832649
    1.716616
    3.805103
    1.743317
    3.832550
    1.729018
    3.804936
    1.755713
    3.832457
    1.741426
    3.804780
    1.768112
    3.832372
    1.753841
    3.804636
    1.780516
    3.832293
    1.766261
    3.804504
    1.792924
    3.832222
    1.778689
    3.804383
    1.805336
    3.832157
    1.791123
    3.804273
    1.817752
    3.832099
    1.803563
    3.804176
    1.830172
    3.832048
    1.816009
    3.804089
    1.842595
    3.832004
    1.828462
    3.804015
    1.855022
    3.831966
    1.840920
    3.803952
    1.867453
    3.831936
    1.853384
    3.803901
    1.879888
    3.831913
    1.865855
    3.803861
    1.892326
    3.831896
    1.878332
    3.803833
    1.904768
    3.831886
    1.890815
    3.803817
    1.917214
    3.831883
    1.903303
    3.803813
    1.929662
    3.831888
    1.915797
    3.803820
    1.942115
    3.831899
    1.928297
    3.803839
    1.954570
    3.831917
    1.940803
    3.803869
    1.967029
    3.831942
    1.953315
    3.803911
    1.979491
    3.831973
    1.965832
    3.803965
    1.991956
    3.832012
    1.978355
    3.804031
    2.004425
    3.832058
    1.990882
    3.804108
    2.016896
    3.832110
    2.003416
    3.804197
    2.029370
    3.832169
    2.015955
    3.804297
    2.041848
    3.832236
    2.028500
    3.804409
    2.054328
    3.832309
    2.041049
    3.804533
    2.066811
    3.832389
    2.053604
    3.804668
    2.079297
    3.832475
    2.066164
    3.804814
    2.091785
    3.832569
    2.078729
    3.804972
    2.104276
    3.832670
    2.091299
    3.805142
    2.116770
    3.832777
    2.103874
    3.805323
    2.129266
    3.832891
    2.116454
    3.805516
    2.141764
    3.833012
    2.129038
    3.805720
    2.154265
    3.833139
    2.141628
    3.805935
    2.166769
    3.833274
    2.154222
    3.806162
    2.179274
    3.833415
    2.166821
    3.806400
    2.191782
    3.833563
    2.179425
    3.806649
    2.204292
    3.833718
    2.192032
    3.806910
    2.216804
    3.833879
    2.204644
    3.807182
    2.229318
    3.834047
    2.217261
    3.807465
    2.241834
    3.834221
    2.229882
    3.807759
    2.254353
    3.834403
    2.242507
    3.808064
    2.266873
    3.834591
    2.255137
    3.808380
    2.279394
    3.834785
    2.267771
    3.808707
    2.291918
    3.834986
    2.280408
    3.809045
    2.304443
    3.835194
    2.293050
    3.809394
    2.316971
    3.835408
    2.305695
    3.809753
    2.329499
    3.835628
    2.318345
    3.810124
    2.342030
    3.835855
    2.330998
    3.810505
    2.354561
    3.836089
    2.343654
    3.810896
    2.367094
    3.836329
    2.356315
    3.811299
    2.379629
    3.836575
    2.368979
    3.811712
    2.392165
    3.836828
    2.381647
    3.812135
    2.404703
    3.837087
    2.394318
    3.812569
    2.417242
    3.837352
    2.406992
    3.813013
    2.429782
    3.837624
    2.419670
    3.813467
    2.442323
    3.837902
    2.432351
    3.813932
    2.454865
    3.838186
    2.445035
    3.814406
    2.467409
    3.838476
    2.457722
    3.814891
    2.479953
    3.838773
    2.470413
    3.815386
    2.492499
    3.839076
    2.483106
    3.815890
    2.505046
    3.839384
    2.495802
    3.816405
    2.517593
    3.839699
    2.508501
    3.816929
    2.530142
    3.840020
    2.521203
    3.817463
    2.542691
    3.840347
    2.533908
    3.818007
    2.555242
    3.840679
    2.546616
    3.818560
    2.567793
    3.841018
    2.559326
    3.819122
    2.580344
    3.841362
    2.572038
    3.819694
    2.592897
    3.841713
    2.584753
    3.820275
    2.605450
    3.842069
    2.597470
    3.820866
    2.618004
    3.842431
    2.610190
    3.821465
    2.630559
    3.842799
    2.622913
    3.822074
    2.643114
    3.843172
    2.635637
    3.822691
    2.655670
    3.843551
    2.648363
    3.823318
    2.668227
    3.843936
    2.661092
    3.823953
    2.680784
    3.844326
    2.673823
    3.824597
    2.693341
    3.844722
    2.686555
    3.825249
    2.705899
    3.845123
    2.699290
    3.825910
    2.718458
    3.845530
    2.712026
    3.826579
    2.731017
    3.845942
    2.724765
    3.827257
    2.743576
    3.846359
    2.737505
    3.827942
    2.756136
    3.846782
    2.750247
    3.828636
    2.768696
    3.847210
    2.762991
    3.829338
    2.781257
    3.847644
    2.775736
    3.830048
    2.793817
    3.848082
    2.788482
    3.830766
    2.806378
    3.848526
    2.801230
    3.831491
    2.818940
    3.848975
    2.813979
    3.832224
    2.831502
    3.849428
    2.826731
    3.832965
    2.844064
    3.849887
    2.839483
    3.833713
    2.856626
    3.850351
    2.852236
    3.834468
    2.869189
    3.850820
    2.864991
    3.835230
    2.881751
    3.851294
    2.877747
    3.836000
    2.894314
    3.851772
    2.890504
    3.836776
    2.906878
    3.852255
    2.903262
    3.837560
    2.919441
    3.852743
    2.916021
    3.838350
    2.932004
    3.853236
    2.928780
    3.839147
    2.944568
    3.853733
    2.941541
    3.839951
    2.957131
    3.854235
    2.954302
    3.840761
    2.969695
    3.854741
    2.967065
    3.841577
    2.982260
    3.855252
    2.979828
    3.842399
    2.994824
    3.855768
    2.992592
    3.843228
    3.007388
    3.856287
    3.005356
    3.844063
    3.019952
    3.856811
    3.018120
    3.844903
    3.032517
    3.857339
    3.030886
    3.845750
    3.045081
    3.857872
    3.043652
    3.846602
    3.057646
    3.858409
    3.056418
    3.847460
    3.070210
    3.858949
    3.069184
    3.848323
    3.082775
    3.859494
    3.081951
    3.849191
    3.095339
    3.860043
    3.094718
    3.850065
    3.107904
    3.860596
    3.107485
    3.850944
    3.120469
    3.861152
    3.120253
    3.851828
    3.133034
    3.861713
    3.133021
    3.852716
    3.145599
    3.862277
    3.145788
    3.853610
    3.158163
    3.862845
    3.158555
    3.854508
    3.170728
    3.863416
    3.171322
    3.855410
    3.183292
    3.863992
    3.184090
    3.856317
    3.195857
    3.864570
    3.196857
    3.857228
    3.208422
    3.865153
    3.209624
    3.858144
    3.220987
    3.865738
    3.222391
    3.859063
    3.233551
    3.866327
    3.235157
    3.859986
    3.246116
    3.866919
    3.247923
    3.860913
    3.258680
    3.867515
    3.260688
    3.861844
    3.271245
    3.868113
    3.273453
    3.862778
    3.283809
    3.868715
    3.286218
    3.863716
    3.296373
    3.869320
    3.298981
    3.864657
    3.308937
    3.869927
    3.311745
    3.865601
    3.321501
    3.870538
    3.324507
    3.866548
    3.334065
    3.871151
    3.337269
    3.867498
    3.346629
    3.871767
    3.350031
    3.868451
    3.359192
    3.872386
    3.362791
    3.869407
    3.371755
    3.873007
    3.375550
    3.870365
    3.384319
    3.873631
    3.388308
    3.871325
    3.396882
    3.874258
    3.401065
    3.872288
    3.409444
    3.874886
    3.413821
    3.873253
    3.422007
    3.875517
    3.426576
    3.874219
    3.434569
    3.876151
    3.439330
    3.875188
    3.447132
    3.876786
    3.452083
    3.876158
    3.459693
    3.877424
    3.464834
    3.877130
    3.472255
    3.878063
    3.477584
    3.878104
    3.484816
    3.878705
    3.490333
    3.879079
    3.497377
    3.879348
    3.503080
    3.880055
    3.509938
    3.879993
    3.515825
    3.881032
    3.522498
    3.880640
    3.528569
    3.882010
    3.535058
    3.881288
    3.541311
    3.882989
    3.547618
    3.881938
    3.554052
    3.883968
    3.560177
    3.882589
    3.566792
    3.884948
    3.572736
    3.883242
    3.579529
    3.885928
    3.585294
    3.883896
    3.592264
    3.886909
    3.597851
    3.884551
    3.604997
    3.887890
    3.610409
    3.885207
    3.617729
    3.888871
    3.622965
    3.885864
    3.630458
    3.889851
    3.635522
    3.886522
    3.643185
    3.890831
    3.648077
    3.887181
    3.655910
    3.891811
    3.660632
    3.887841
    3.668633
    3.892790
    3.673186
    3.888501
    3.681354
    3.893769
    3.685740
    3.889162
    3.694072
    3.894746
    3.698293
    3.889823
    3.706788
    3.895723
    3.710845
    3.890484
    3.719502
    3.896698
    3.723397
    3.891146
    3.732212
    3.897672
    3.735947
    3.891808
    3.744920
    3.898645
    3.748496
    3.892469
    3.757626
    3.899616
    3.761045
    3.893131
    3.770329
    3.900585
    3.773593
    3.893793
    3.783029
    3.901553
    3.786141
    3.894454
    3.795726
    3.902518
    3.798687
    3.895115
    3.808421
    3.903482
    3.811231
    3.895775
    3.821112
    3.904443
    3.823775
    3.896435
    3.833800
    3.905401
    3.836318
    3.897094
    3.846486
    3.906357
    3.848860
    3.897753
    3.859168
    3.907310
    3.861400
    3.898410
    3.871847
    3.908260
    3.873940
    3.899067
    3.884522
    3.909208
    3.886477
    3.899722
    3.897194
    3.910152
    3.899014
    3.900376
    3.909863
    3.911092
    3.911550
    3.901028
    3.922528
    3.912029
    3.924084
    3.901679
    3.935190
    3.912963
    3.936616
    3.902329
    3.947848
    3.913893
    3.949147
    3.902977
    3.960502
    3.914819
    3.961676
    3.903623
    3.973153
    3.915740
    3.974203
    3.904267
    3.985800
    3.916658
    3.986729
    3.904909
    3.998443
    3.917571
    3.999254
    3.905549
    4.011082
    3.918480
    4.011776
    3.906186
    4.023717
    3.919384
    4.024297
    3.906821
    4.036347
    3.920283
    4.036816
    3.907454
    4.048974
    3.921177
    4.049333
    3.908084
    4.061597
    3.922066
    4.061848
    3.908711
    4.074215
    3.922950
    4.074361
    3.909336
    4.086829
    3.923829
    4.086871
    3.909957
    4.099438
    3.924702
    4.099380
    3.910575
    4.112043
    3.925569
    4.111886
    3.911190
    4.124643
    3.926430
    4.124390
    3.911801
    4.137239
    3.927286
    4.136892
    3.912409
    4.149830
    3.928135
    4.149392
    3.913014
    4.162417
    3.928978
    4.161889
    3.913614
    4.174998
    3.929814
    4.174383
    3.914211
    4.187574
    3.930644
    4.186875
    3.914804
    4.200146
    3.931468
    4.199365
    3.915392
    4.212713
    3.932284
    4.211852
    3.915977
    4.225275
    3.933094
    4.224335
    3.916557
    4.237831
    3.933896
    4.236816
    3.917132
    4.250382
    3.934691
    4.249295
    3.917703
    4.262928
    3.935478
    4.261770
    3.918270
    4.275469
    3.936259
    4.274243
    3.918831
    4.288005
    3.937031
    4.286713
    3.919387
    4.300535
    3.937795
    4.299179
    3.919939
    4.313060
    3.938552
    4.311642
    3.920485
    4.325578
    3.939300
    4.324102
    3.921025
    4.338092
    3.940041
    4.336559
    3.921561
    4.350599
    3.940773
    4.349012
    3.922090
    4.363102
    3.941496
    4.361462
    3.922614
    4.375598
    3.942211
    4.373909
    3.923132
    4.388088
    3.942916
    4.386352
    3.923645
    4.400573
    3.943613
    4.398792
    3.924151
    4.413052
    3.944301
    4.411228
    3.924651
    4.425524
    3.944980
    4.423660
    3.925144
    4.437991
    3.945650
    4.436089
    3.925632
    4.450452
    3.946310
    4.448514
    3.926112
    4.462906
    3.946961
    4.460935
    3.926587
    4.475354
    3.947602
    4.473352
    3.927054
    4.487796
    3.948233
    4.485765
    3.927514
    4.500233
    3.948854
    4.498175
    3.927968
    4.512663
    3.949465
    4.510580
    3.928415
    4.525086
    3.950067
    4.522981
    3.928854
    4.537503
    3.950658
    4.535378
    3.929286
    4.549913
    3.951238
    4.547771
    3.929711
    4.562317
    3.951808
    4.560160
    3.930128
    4.574715
    3.952368
    4.572545
    3.930537
    4.587106
    3.952917
    4.584925
    3.930939
    4.599490
    3.953455
    4.597300
    3.931333
    4.611868
    3.953982
    4.609672
    3.931720
    4.624239
    3.954498
    4.622039
    3.932098
    4.636604
    3.955004
    4.634402
    3.932468
    4.648962
    3.955498
    4.646760
    3.932830
    4.661313
    3.955980
    4.659113
    3.933184
    4.673657
    3.956452
    4.671461
    3.933529
    4.685994
    3.956911
    4.683805
    3.933866
    4.698325
    3.957360
    4.696145
    3.934194
    4.710649
    3.957796
    4.708480
    3.934514
    4.722967
    3.958221
    4.720810
    3.934825
    4.735277
    3.958634
    4.733135
    3.935128
    4.747581
    3.959036
    4.745456
    3.935421
    4.759877
    3.959425
    4.757772
    3.935706
    4.772167
    3.959802
    4.770083
    3.935981
    4.784450
    3.960167
    4.782389
    3.936248
    4.796726
    3.960520
    4.794690
    3.936506
    4.808995
    3.960861
    4.806985
    3.936754
    4.821257
    3.961189
    4.819277
    3.936993
    4.833512
    3.961505
    4.831563
    3.937222
    4.845760
    3.961808
    4.843844
    3.937443
    4.858002
    3.962099
    4.856121
    3.937654
    4.870236
    3.962377
    4.868392
    3.937855
    4.882464
    3.962643
    4.880658
    3.938047
    4.894684
    3.962896
    4.892919
    3.938229
    4.906897
    3.963136
    4.905175
    3.938402
    4.919103
    3.963364
    4.917426
    3.938565
    4.931303
    3.963578
    4.929672
    3.938718
    4.943496
    3.963780
    4.941913
    3.938861
    4.955682
    3.963969
    4.954148
    3.938995
    4.967860
    3.964145
    4.966379
    3.939119
    4.980032
    3.964307
    4.978605
    3.939233
    4.992197
    3.964457
    4.990825
    3.939337
    5.004356
    3.964594
    5.003041
    3.939431
    5.016507
    3.964718
    5.015251
    3.939515
    5.028651
    3.964828
    5.027456
    3.939589
    5.040789
    3.964926
    5.039656
    3.939654
    5.052919
    3.965010
    5.051851
    3.939708
    5.065044
    3.965081
    5.064041
    3.939752
    5.077161
    3.965139
    5.076226
    3.939786
    5.089272
    3.965184
    5.088405
    3.939810
    5.101376
    3.965215
    5.100580
    3.939824
    5.113473
    3.965234
    5.112750
    3.939828
    5.125564
    3.965239
    5.124914
    3.939822
    5.137648
    3.965231
    5.137074
    3.939806
    5.149726
    3.965210
    5.149228
    3.939780
    5.161796
    3.965175
    5.161378
    3.939744
    5.173861
    3.965127
    5.173523
    3.939697
    5.185919
    3.965067
    5.185662
    3.939641
    5.197970
    3.964993
    5.197797
    3.939575
    5.210016
    3.964905
    5.209927
    3.939499
    5.222055
    3.964805
    5.222052
    3.939412
    5.234087
    3.964691
    5.234172
    3.939316
    5.246113
    3.964565
    5.246288
    3.939210
    5.258133
    3.964425
    5.258398
    3.939094
    5.270147
    3.964273
    5.270504
    3.938968
    5.282155
    3.964107
    5.282605
    3.938833
    5.294157
    3.963928
    5.294702
    3.938687
    5.306152
    3.963736
    5.306793
    3.938532
    5.318141
    3.963532
    5.318881
    3.938367
    5.330125
    3.963314
    5.330963
    3.938192
    5.342103
    3.963084
    5.343041
    3.938008
    5.354075
    3.962841
    5.355114
    3.937814
    5.366041
    3.962585
    5.367183
    3.937611
    5.378001
    3.962317
    5.379247
    3.937398
    5.389956
    3.962036
    5.391308
    3.937176
    5.401905
    3.961742
    5.403363
    3.936944
    5.413849
    3.961436
    5.415415
    3.936703
    5.425787
    3.961117
    5.427462
    3.936453
    5.437720
    3.960786
    5.439504
    3.936194
    5.449647
    3.960443
    5.451543
    3.935925
    5.461569
    3.960087
    5.463577
    3.935648
    5.473485
    3.959720
    5.475607
    3.935361
    5.485397
    3.959340
    5.487634
    3.935066
    5.497303
    3.958948
    5.499656
    3.934762
    5.509204
    3.958544
    5.511674
    3.934449
    5.521100
    3.958128
    5.523688
    3.934127
    5.532992
    3.957701
    5.535698
    3.933797
    5.544878
    3.957261
    5.547705
    3.933459
    5.556760
    3.956810
    5.559708
    3.933111
    5.568637
    3.956348
    5.571706
    3.932756
    5.580508
    3.955874
    5.583701
    3.932392
    5.592375
    3.955389
    5.595693
    3.932021
    5.604238
    3.954893
    5.607681
    3.931641
    5.616097
    3.954385
    5.619666
    3.931253
    5.627951
    3.953866
    5.631647
    3.930857
    5.639801
    3.953337
    5.643624
    3.930454
    5.651646
    3.952796
    5.655598
    3.930042
    5.663487
    3.952245
    5.667569
    3.929624
    5.675324
    3.951683
    5.679537
    3.929198
    5.687157
    3.951110
    5.691501
    3.928764
    5.698987
    3.950527
    5.703462
    3.928323
    5.710811
    3.949934
    5.715420
    3.927875
    5.722632
    3.949331
    5.727376
    3.927420
    5.734450
    3.948717
    5.739328
    3.926958
    5.746264
    3.948094
    5.751277
    3.926489
    5.758074
    3.947460
    5.763224
    3.926014
    5.769881
    3.946817
    5.775167
    3.925532
    5.781684
    3.946164
    5.787108
    3.925043
    5.793484
    3.945502
    5.799046
    3.924548
    5.805280
    3.944830
    5.810982
    3.924047
    5.817073
    3.944150
    5.822915
    3.923540
    5.828863
    3.943459
    5.834845
    3.923026
    5.840650
    3.942760
    5.846773
    3.922507
    5.852434
    3.942053
    5.858699
    3.921982
    5.864215
    3.941336
    5.870622
    3.921451
    5.875993
    3.940611
    5.882543
    3.920915
    5.887768
    3.939877
    5.894462
    3.920373
    5.899541
    3.939135
    5.906379
    3.919826
    5.911311
    3.938385
    5.918293
    3.919273
    5.923078
    3.937626
    5.930206
    3.918716
    5.934843
    3.936860
    5.942117
    3.918154
    5.946606
    3.936086
    5.954026
    3.917586
    5.958366
    3.935304
    5.965933
    3.917015
    5.970124
    3.934515
    5.977838
    3.916438
    5.981880
    3.933718
    5.989742
    3.915857
    5.993634
    3.932914
    6.001644
    3.915272
    6.005385
    3.932103
    6.013544
    3.914682
    6.017135
    3.931285
    6.025443
    3.914089
    6.028884
    3.930460
    6.037341
    3.913491
    6.040630
    3.929629
    6.049237
    3.912890
    6.052374
    3.928791
    6.061131
    3.912285
    6.064117
    3.927946
    6.073025
    3.911676
    6.075859
    3.927096
    6.084918
    3.911064
    6.087599
    3.926239
    6.096809
    3.910448
    6.099338
    3.925376
    6.108699
    3.909830
    6.111075
    3.924508
    6.120588
    3.909208
    6.122811
    3.923634
    6.132477
    3.908583
    6.134546
    3.922754
    6.144364
    3.907955
    6.146280
    3.921869
    6.156251
    3.907325
    6.158013
    3.920979
    6.168137
    3.906692
    6.169746
    3.920083
    6.180023
    3.906056
    6.181477
    3.919183
    6.191908
    3.905418
    6.193208
    3.918278
    6.203792
    3.904778
    6.204938
    3.917368
    6.215676
    3.904135
    6.216668
    3.916454
    6.227559
    3.903491
    6.228397
    3.915535
    6.239443
    3.902844
    6.240126
    3.914613
    6.251326
    3.902196
    6.251854
    3.913686
    6.263208
    3.901546
    6.263582
    3.912755
    6.275091
    3.900895
    6.275310
    3.911821
    6.286974
    3.900242
    6.287039
    3.910883
