   -0.020000
   -0.012834
    0.601790
    0.055936
    0.601797
    0.124337
    0.601824
    0.191971
    0.601871
    0.258536
    0.601939
    0.323842
    0.602026
    0.387790
    0.602131
    0.450356
    0.602254
    0.511568
    0.602393
    0.571486
    0.602550
    0.630183
    0.602725
    0.687738
    0.602919
    0.744226
    0.603136
    0.799723
    0.603379
    0.854304
    0.603650
    0.908046
    0.603952
    0.961028
    0.604284
    1.013315
    0.604644
    1.064944
    0.605027
    1.115924
    0.605426
    1.166254
    0.605831
    1.215937
    0.606235
    1.265002
    0.606630
    1.313506
    0.607010
    1.361534
    0.607373
    1.409183
    0.607719
    1.456548
    0.608051
    1.503708
    0.608373
    1.550714
    0.608694
    1.597580
    0.609023
    1.644274
    0.609373
    1.690734
    0.609759
    1.736888
    0.610195
    1.782679
    0.610695
    1.828086
    0.611272
    1.873130
    0.611935
    1.917859
    0.612692
    1.962340
    0.613547
    2.006646
    0.614503
    2.050854
    0.615561
    2.095041
    0.616720
    2.139289
    0.617980
    2.183672
    0.619341
    2.228260
    0.620801
    2.273106
    0.622357
    2.318242
    0.624003
    2.363669
    0.625727
    2.409339
    0.627514
    2.455152
    0.629339
    2.500953
    0.631177
    2.546556
    0.632996
    2.591776
    0.634766
    2.636464
    0.636457
    2.680531
    0.638048
    2.723944
    0.639521
    2.766724
    0.640862
    2.808923
    0.642063
    2.850614
    0.643119
    2.891878
    0.644027
    2.932793
    0.644787
    2.973424
    0.645401
    3.013827
    0.645875
    3.054046
    0.646213
    3.094130
    0.646422
    3.134135
    0.646507
    3.174127
    0.646468
    3.214173
    0.646306
    3.254336
    0.646016
    3.294665
    0.645594
    3.335206
    0.645033
    3.376008
    0.644328
    3.417133
    0.643475
    3.458656
    0.642474
    3.500656
    0.641327
    3.543211
    0.640037
    3.586384
    0.638612
    3.630208
    0.637063
    3.674671
    0.635407
    3.719707
    0.633664
    3.765187
    0.631860
    3.810937
    0.630025
    3.856766
    0.628191
    3.902505
    0.626387
    3.948031
    0.624638
    3.993278
    0.622961
    4.038229
    0.621370
    4.082908
    0.619874
    4.127361
    0.618476
    4.171650
    0.617178
    4.215851
    0.615981
    4.260042
    0.614886
    4.304302
    0.613892
    4.348709
    0.612999
    4.393337
    0.612206
    4.438256
    0.611509
    4.483524
    0.610901
    4.529172
    0.610373
    4.575195
    0.609915
    4.621548
    0.609512
    4.668164
    0.609150
    4.714972
    0.608815
    4.761927
    0.608493
    4.809025
    0.608172
    4.856305
    0.607845
    4.903837
    0.607504
    4.951713
    0.607147
    5.000029
    0.606773
    5.048876
    0.606383
    5.098323
    0.605982
    5.148410
    0.605577
    5.199148
    0.605175
    5.250535
    0.604785
    5.302574
    0.604416
    5.355291
    0.604073
    5.408741
    0.603759
    5.462999
    0.603477
    5.518145
    0.603223
    5.574255
    0.602997
    5.631404
    0.602795
    5.689666
    0.602613
    5.749120
    0.602450
    5.809840
    0.602304
    5.871896
    0.602175
    5.935328
    0.602063
    6.000135
    0.601969
    6.066247
    0.601894
    6.133511
    0.601839
    6.201667
    0.601804
   -0.020300
    0.009822
    0.601584
    0.079247
    0.601597
    0.148109
    0.601632
    0.216006
    0.601686
    0.282661
    0.601761
    0.347917
    0.601854
    0.411708
    0.601966
    0.474041
    0.602095
    0.534973
    0.602240
    0.594583
    0.602402
    0.652959
    0.602582
    0.710183
    0.602783
    0.766338
    0.603007
    0.821504
    0.603259
    0.875761
    0.603543
    0.929197
    0.603858
    0.981894
    0.604206
    1.033912
    0.604581
    1.085278
    0.604979
    1.135989
    0.605390
    1.186033
    0.605804
    1.235415
    0.606212
    1.284173
    0.606606
    1.332380
    0.606982
    1.380133
    0.607338
    1.427542
    0.607674
    1.474709
    0.607994
    1.521715
    0.608304
    1.568601
    0.608613
    1.615366
    0.608933
    1.661956
    0.609278
    1.708287
    0.609664
    1.754276
    0.610107
    1.799869
    0.610621
    1.845055
    0.611219
    1.889869
    0.611910
    1.934373
    0.612700
    1.978644
    0.613595
    2.022762
    0.614594
    2.066809
    0.615699
    2.110869
    0.616909
    2.155028
    0.618224
    2.199366
    0.619645
    2.243956
    0.621169
    2.288852
    0.622794
    2.334085
    0.624511
    2.379643
    0.626309
    2.425462
    0.628168
    2.471410
    0.630062
    2.517299
    0.631959
    2.562916
    0.633827
    2.608064
    0.635633
    2.652598
    0.637347
    2.696442
    0.638949
    2.739588
    0.640421
    2.782074
    0.641752
    2.823972
    0.642934
    2.865368
    0.643965
    2.906353
    0.644841
    2.947004
    0.645565
    2.987388
    0.646141
    3.027552
    0.646574
    3.067543
    0.646872
    3.107409
    0.647041
    3.147213
    0.647085
    3.187028
    0.647006
    3.226923
    0.646801
    3.266958
    0.646465
    3.307181
    0.645993
    3.347634
    0.645376
    3.388372
    0.644609
    3.429464
    0.643689
    3.470992
    0.642616
    3.513048
    0.641391
    3.555714
    0.640019
    3.599056
    0.638509
    3.643099
    0.636874
    3.687817
    0.635131
    3.733116
    0.633304
    3.778832
    0.631425
    3.824758
    0.629525
    3.870686
    0.627638
    3.916441
    0.625794
    3.961912
    0.624017
    4.007047
    0.622325
    4.051852
    0.620728
    4.096365
    0.619233
    4.140646
    0.617842
    4.184769
    0.616557
    4.228816
    0.615376
    4.272875
    0.614301
    4.317027
    0.613331
    4.361356
    0.612467
    4.405940
    0.611705
    4.450854
    0.611041
    4.496154
    0.610468
    4.541862
    0.609976
    4.587955
    0.609550
    4.634368
    0.609178
    4.681015
    0.608841
    4.727818
    0.608525
    4.774735
    0.608217
    4.821779
    0.607905
    4.869005
    0.607581
    4.916501
    0.607239
    4.964371
    0.606878
    5.012725
    0.606496
    5.061654
    0.606097
    5.111222
    0.605687
    5.161454
    0.605273
    5.212351
    0.604865
    5.263901
    0.604473
    5.316106
    0.604105
    5.369004
    0.603766
    5.422663
    0.603459
    5.477168
    0.603185
    5.532605
    0.602941
    5.589055
    0.602724
    5.646596
    0.602529
    5.705311
    0.602354
    5.765286
    0.602197
    5.826606
    0.602056
    5.889346
    0.601932
    5.953553
    0.601826
    6.019215
    0.601738
    6.086244
    0.601669
    6.154447
    0.601620
    6.223511
    0.601591
   -0.020600
    0.022324
    0.601379
    0.092458
    0.601397
    0.161877
    0.601435
    0.230167
    0.601494
    0.297065
    0.601572
    0.362436
    0.601669
    0.426243
    0.601784
    0.488517
    0.601916
    0.549338
    0.602064
    0.608803
    0.602229
    0.667012
    0.602411
    0.724054
    0.602614
    0.780016
    0.602842
    0.834979
    0.603100
    0.889032
    0.603391
    0.942270
    0.603717
    0.994785
    0.604076
    1.046635
    0.604464
    1.097838
    0.604875
    1.148376
    0.605297
    1.198227
    0.605719
    1.247394
    0.606132
    1.295922
    0.606528
    1.343896
    0.606901
    1.391428
    0.607251
    1.438641
    0.607578
    1.485646
    0.607887
    1.532527
    0.608183
    1.579326
    0.608479
    1.626026
    0.608786
    1.672555
    0.609120
    1.718806
    0.609499
    1.764682
    0.609939
    1.810126
    0.610456
    1.855136
    0.611063
    1.899760
    0.611768
    1.944071
    0.612579
    1.988156
    0.613499
    2.032099
    0.614528
    2.075988
    0.615666
    2.119913
    0.616913
    2.163967
    0.618269
    2.208238
    0.619735
    2.252800
    0.621310
    2.297714
    0.622992
    2.343013
    0.624771
    2.388684
    0.626635
    2.434648
    0.628563
    2.480747
    0.630524
    2.526762
    0.632486
    2.572451
    0.634410
    2.617597
    0.636262
    2.662053
    0.638013
    2.705757
    0.639641
    2.748714
    0.641129
    2.790982
    0.642469
    2.832645
    0.643652
    2.873805
    0.644677
    2.914559
    0.645542
    2.954990
    0.646250
    2.995160
    0.646806
    3.035115
    0.647219
    3.074897
    0.647495
    3.114556
    0.647642
    3.154161
    0.647664
    3.193792
    0.647563
    3.233522
    0.647335
    3.273409
    0.646973
    3.313496
    0.646470
    3.353825
    0.645819
    3.394452
    0.645011
    3.435453
    0.644045
    3.476921
    0.642919
    3.518957
    0.641636
    3.561653
    0.640201
    3.605080
    0.638623
    3.649264
    0.636915
    3.694171
    0.635097
    3.739684
    0.633195
    3.785608
    0.631243
    3.831705
    0.629277
    3.877739
    0.627333
    3.923530
    0.625444
    3.968970
    0.623631
    4.014023
    0.621913
    4.058709
    0.620298
    4.103077
    0.618792
    4.147201
    0.617395
    4.191163
    0.616109
    4.235054
    0.614931
    4.278968
    0.613862
    4.322991
    0.612902
    4.367209
    0.612052
    4.411709
    0.611308
    4.456570
    0.610667
    4.501853
    0.610118
    4.547575
    0.609652
    4.593700
    0.609252
    4.640140
    0.608904
    4.686788
    0.608589
    4.733555
    0.608291
    4.780405
    0.607996
    4.827356
    0.607692
    4.874482
    0.607373
    4.921884
    0.607032
    4.969682
    0.606667
    5.017995
    0.606279
    5.066922
    0.605872
    5.116521
    0.605451
    5.166810
    0.605028
    5.217773
    0.604612
    5.269387
    0.604215
    5.321654
    0.603844
    5.374619
    0.603506
    5.428363
    0.603203
    5.482983
    0.602933
    5.538571
    0.602694
    5.595209
    0.602483
    5.652980
    0.602293
    5.711975
    0.602123
    5.772290
    0.601969
    5.834023
    0.601831
    5.897262
    0.601709
    5.962060
    0.601605
    6.028411
    0.601520
    6.096219
    0.601454
    6.165266
    0.601408
    6.235195
    0.601383
   -0.020900
    0.045048
    0.601177
    0.115818
    0.601201
    0.185624
    0.601247
    0.254074
    0.601312
    0.320947
    0.601397
    0.386160
    0.601501
    0.449715
    0.601622
    0.511678
    0.601759
    0.572158
    0.601912
    0.631270
    0.602081
    0.689123
    0.602268
    0.745810
    0.602476
    0.801416
    0.602712
    0.856028
    0.602981
    0.909745
    0.603285
    0.962675
    0.603626
    1.014912
    0.604003
    1.066508
    0.604409
    1.117459
    0.604835
    1.167725
    0.605269
    1.217274
    0.605699
    1.266118
    0.606114
    1.314317
    0.606506
    1.361977
    0.606872
    1.409231
    0.607210
    1.456214
    0.607524
    1.503043
    0.607817
    1.549804
    0.608098
    1.596523
    0.608379
    1.643157
    0.608674
    1.689602
    0.609002
    1.735725
    0.609381
    1.781418
    0.609830
    1.826634
    0.610363
    1.871395
    0.610993
    1.915767
    0.611730
    1.959842
    0.612579
    2.003710
    0.613541
    2.047463
    0.614616
    2.091193
    0.615804
    2.134999
    0.617104
    2.178980
    0.618519
    2.223227
    0.620048
    2.267822
    0.621693
    2.312826
    0.623448
    2.358272
    0.625307
    2.404134
    0.627251
    2.450303
    0.629257
    2.496581
    0.631292
    2.542701
    0.633316
    2.588390
    0.635288
    2.633424
    0.637173
    2.677672
    0.638941
    2.721100
    0.640572
    2.763742
    0.642054
    2.805681
    0.643377
    2.847020
    0.644536
    2.887872
    0.645530
    2.928342
    0.646358
    2.968513
    0.647026
    3.008437
    0.647540
    3.048154
    0.647910
    3.087701
    0.648144
    3.127136
    0.648251
    3.166539
    0.648235
    3.205997
    0.648094
    3.245585
    0.647825
    3.285354
    0.647418
    3.325340
    0.646863
    3.365582
    0.646154
    3.406145
    0.645281
    3.447117
    0.644244
    3.488605
    0.643041
    3.530720
    0.641675
    3.573563
    0.640153
    3.617207
    0.638483
    3.661671
    0.636682
    3.706896
    0.634771
    3.752725
    0.632781
    3.798915
    0.630751
    3.845187
    0.628720
    3.891290
    0.626727
    3.937048
    0.624803
    3.982378
    0.622971
    4.027271
    0.621244
    4.071767
    0.619630
    4.115935
    0.618131
    4.159860
    0.616747
    4.203636
    0.615477
    4.247363
    0.614319
    4.291138
    0.613273
    4.335053
    0.612342
    4.379196
    0.611523
    4.423662
    0.610815
    4.468537
    0.610212
    4.513882
    0.609702
    4.559698
    0.609274
    4.605919
    0.608910
    4.652426
    0.608593
    4.699091
    0.608303
    4.745822
    0.608024
    4.792596
    0.607740
    4.839458
    0.607442
    4.886501
    0.607123
    4.933850
    0.606777
    4.981640
    0.606405
    5.030000
    0.606006
    5.079029
    0.605586
    5.128772
    0.605154
    5.179224
    0.604720
    5.230348
    0.604299
    5.282113
    0.603900
    5.334528
    0.603532
    5.387657
    0.603200
    5.441602
    0.602906
    5.496471
    0.602646
    5.552358
    0.602418
    5.609345
    0.602216
    5.667521
    0.602034
    5.726986
    0.601870
    5.787852
    0.601721
    5.850229
    0.601588
    5.914215
    0.601472
    5.979869
    0.601373
    6.047178
    0.601293
    6.116020
    0.601233
    6.186128
    0.601193
    6.257062
    0.601174
   -0.021200
    0.018211
    0.600970
    0.090055
    0.600986
    0.161042
    0.601024
    0.230675
    0.601083
    0.298664
    0.601161
    0.364883
    0.601258
    0.429325
    0.601373
    0.492060
    0.601505
    0.553202
    0.601652
    0.612884
    0.601813
    0.671229
    0.601991
    0.728347
    0.602189
    0.784330
    0.602412
    0.839262
    0.602667
    0.893240
    0.602959
    0.946380
    0.603290
    0.998801
    0.603660
    1.050584
    0.604065
    1.101738
    0.604496
    1.152222
    0.604940
    1.201977
    0.605384
    1.250982
    0.605813
    1.299279
    0.606220
    1.346968
    0.606597
    1.394191
    0.606943
    1.441100
    0.607259
    1.487834
    0.607549
    1.534505
    0.607820
    1.581173
    0.608083
    1.627820
    0.608353
    1.674348
    0.608647
    1.720602
    0.608986
    1.766436
    0.609389
    1.811764
    0.609876
    1.856580
    0.610460
    1.900949
    0.611152
    1.944969
    0.611958
    1.988742
    0.612883
    2.032363
    0.613926
    2.075926
    0.615085
    2.119533
    0.616360
    2.163292
    0.617753
    2.207308
    0.619264
    2.251673
    0.620897
    2.296469
    0.622651
    2.341750
    0.624519
    2.387526
    0.626489
    2.433725
    0.628538
    2.480166
    0.630635
    2.526577
    0.632739
    2.572638
    0.634805
    2.618066
    0.636792
    2.662677
    0.638665
    2.706400
    0.640400
    2.749259
    0.641981
    2.791336
    0.643400
    2.832741
    0.644649
    2.873599
    0.645727
    2.914029
    0.646633
    2.954131
    0.647371
    2.993972
    0.647948
    3.033589
    0.648373
    3.073012
    0.648658
    3.112286
    0.648812
    3.151488
    0.648843
    3.190714
    0.648750
    3.230055
    0.648531
    3.269571
    0.648177
    3.309297
    0.647676
    3.349265
    0.647019
    3.389523
    0.646197
    3.430155
    0.645204
    3.471273
    0.644040
    3.513003
    0.642704
    3.555464
    0.641202
    3.598753
    0.639542
    3.642927
    0.637735
    3.687966
    0.635801
    3.733743
    0.633769
    3.780019
    0.631678
    3.826485
    0.629572
    3.872835
    0.627494
    3.918836
    0.625482
    3.964365
    0.623562
    4.009394
    0.621750
    4.053962
    0.620057
    4.098139
    0.618486
    4.142012
    0.617035
    4.185681
    0.615702
    4.229252
    0.614485
    4.272832
    0.613385
    4.316518
    0.612402
    4.360405
    0.611536
    4.404590
    0.610788
    4.449175
    0.610152
    4.494245
    0.609619
    4.539833
    0.609176
    4.585893
    0.608808
    4.632305
    0.608494
    4.678912
    0.608215
    4.725578
    0.607951
    4.772244
    0.607685
    4.818935
    0.607405
    4.865740
    0.607103
    4.912789
    0.606772
    4.960229
    0.606410
    5.008210
    0.606018
    5.056854
    0.605599
    5.106236
    0.605161
    5.156364
    0.604715
    5.207194
    0.604276
    5.258670
    0.603857
    5.310770
    0.603469
    5.363541
    0.603118
    5.417088
    0.602806
    5.471532
    0.602534
    5.526983
    0.602295
    5.583529
    0.602086
    5.641255
    0.601899
    5.700261
    0.601730
    5.760664
    0.601576
    5.822595
    0.601436
    5.886182
    0.601313
    5.951519
    0.601207
    6.018640
    0.601119
    6.087487
    0.601051
    6.157861
    0.601002
    6.229365
    0.600975
   -0.021500
    0.026924
    0.600769
    0.099572
    0.600788
    0.171193
    0.600829
    0.241274
    0.600890
    0.309542
    0.600971
    0.375909
    0.601071
    0.440397
    0.601189
    0.503104
    0.601322
    0.564166
    0.601470
    0.623736
    0.601632
    0.681951
    0.601810
    0.738923
    0.602008
    0.794745
    0.602233
    0.849503
    0.602491
    0.903300
    0.602789
    0.956270
    0.603130
    1.008542
    0.603512
    1.060199
    0.603930
    1.111237
    0.604375
    1.161590
    0.604831
    1.211184
    0.605284
    1.259994
    0.605720
    1.308071
    0.606127
    1.355533
    0.606501
    1.402537
    0.606841
    1.449252
    0.607146
    1.495830
    0.607424
    1.542393
    0.607679
    1.589000
    0.607925
    1.635621
    0.608177
    1.682127
    0.608455
    1.728336
    0.608782
    1.774079
    0.609177
    1.819269
    0.609662
    1.863913
    0.610249
    1.908094
    0.610951
    1.951921
    0.611773
    1.995505
    0.612718
    2.038946
    0.613785
    2.082341
    0.614972
    2.125800
    0.616278
    2.169438
    0.617706
    2.213368
    0.619258
    2.257691
    0.620938
    2.302494
    0.622745
    2.347842
    0.624674
    2.393749
    0.626711
    2.440131
    0.628833
    2.486778
    0.631004
    2.533371
    0.633179
    2.579553
    0.635308
    2.625016
    0.637348
    2.669574
    0.639263
    2.713173
    0.641030
    2.755857
    0.642634
    2.797725
    0.644067
    2.838905
    0.645323
    2.879536
    0.646401
    2.919749
    0.647302
    2.959644
    0.648029
    2.999286
    0.648591
    3.038703
    0.649000
    3.077920
    0.649269
    3.116982
    0.649408
    3.155977
    0.649424
    3.195012
    0.649318
    3.234183
    0.649084
    3.273545
    0.648713
    3.313126
    0.648192
    3.352950
    0.647509
    3.393071
    0.646654
    3.433580
    0.645623
    3.474603
    0.644413
    3.516278
    0.643026
    3.558736
    0.641467
    3.602088
    0.639742
    3.646396
    0.637864
    3.691635
    0.635853
    3.737654
    0.633743
    3.784175
    0.631575
    3.830841
    0.629399
    3.877316
    0.627260
    3.923360
    0.625198
    3.968857
    0.623239
    4.013798
    0.621399
    4.058239
    0.619686
    4.102263
    0.618100
    4.145968
    0.616641
    4.189463
    0.615303
    4.232863
    0.614085
    4.276282
    0.612986
    4.319819
    0.612009
    4.363573
    0.611155
    4.407649
    0.610422
    4.452161
    0.609805
    4.497204
    0.609295
    4.542808
    0.608878
    4.588909
    0.608535
    4.635355
    0.608247
    4.681961
    0.607990
    4.728579
    0.607744
    4.775150
    0.607492
    4.821714
    0.607222
    4.868380
    0.606924
    4.915293
    0.606594
    4.962618
    0.606229
    5.010520
    0.605829
    5.059130
    0.605400
    5.108519
    0.604951
    5.158679
    0.604494
    5.209545
    0.604045
    5.261042
    0.603618
    5.313149
    0.603226
    5.365924
    0.602875
    5.419491
    0.602566
    5.473986
    0.602297
    5.529521
    0.602064
    5.586184
    0.601860
    5.644062
    0.601677
    5.703264
    0.601511
    5.763922
    0.601360
    5.826183
    0.601222
    5.890190
    0.601100
    5.956057
    0.600995
    6.023833
    0.600909
    6.093462
    0.600843
    6.164722
    0.600797
    6.237165
    0.600772
   -0.021800
    0.037283
    0.600568
    0.110769
    0.600591
    0.183009
    0.600634
    0.253486
    0.600699
    0.321967
    0.600783
    0.388408
    0.600886
    0.452870
    0.601007
    0.515478
    0.601143
    0.576398
    0.601292
    0.635804
    0.601455
    0.693844
    0.601632
    0.750632
    0.601830
    0.806256
    0.602057
    0.860802
    0.602319
    0.914386
    0.602624
    0.967158
    0.602975
    1.019266
    0.603371
    1.070791
    0.603805
    1.121708
    0.604265
    1.171920
    0.604736
    1.221333
    0.605199
    1.269919
    0.605639
    1.317744
    0.606047
    1.364948
    0.606417
    1.411711
    0.606747
    1.458217
    0.607041
    1.504636
    0.607303
    1.551098
    0.607541
    1.597662
    0.607767
    1.644277
    0.607999
    1.690779
    0.608260
    1.736946
    0.608574
    1.782587
    0.608962
    1.827617
    0.609445
    1.872063
    0.610039
    1.916030
    0.610753
    1.959647
    0.611594
    2.003029
    0.612563
    2.046277
    0.613658
    2.089495
    0.614875
    2.132800
    0.616215
    2.176317
    0.617680
    2.220166
    0.619276
    2.264455
    0.621006
    2.309282
    0.622872
    2.354724
    0.624867
    2.400799
    0.626978
    2.447409
    0.629179
    2.494303
    0.631430
    2.541109
    0.633679
    2.587419
    0.635875
    2.632901
    0.637967
    2.677375
    0.639922
    2.720811
    0.641716
    2.763280
    0.643338
    2.804904
    0.644780
    2.845830
    0.646038
    2.886212
    0.647111
    2.926192
    0.647999
    2.965873
    0.648710
    3.005311
    0.649253
    3.044522
    0.649642
    3.083521
    0.649891
    3.122361
    0.650012
    3.161140
    0.650011
    3.199981
    0.649889
    3.238984
    0.649639
    3.278197
    0.649250
    3.317637
    0.648705
    3.357319
    0.647993
    3.397300
    0.647102
    3.437687
    0.646028
    3.478618
    0.644768
    3.520248
    0.643325
    3.562723
    0.641702
    3.606167
    0.639906
    3.650652
    0.637951
    3.696143
    0.635857
    3.742460
    0.633661
    3.789270
    0.631411
    3.836162
    0.629160
    3.882765
    0.626960
    3.928833
    0.624850
    3.974270
    0.622856
    4.019094
    0.620992
    4.063379
    0.619262
    4.107225
    0.617668
    4.150740
    0.616203
    4.194044
    0.614864
    4.237262
    0.613648
    4.280511
    0.612555
    4.323894
    0.611587
    4.367513
    0.610747
    4.411482
    0.610034
    4.455932
    0.609441
    4.500969
    0.608959
    4.546618
    0.608571
    4.592789
    0.608258
    4.639292
    0.607997
    4.685906
    0.607765
    4.732468
    0.607539
    4.778928
    0.607301
    4.825346
    0.607039
    4.871855
    0.606745
    4.918621
    0.606414
    4.965828
    0.606044
    5.013659
    0.605636
    5.062254
    0.605195
    5.111676
    0.604732
    5.161894
    0.604261
    5.212814
    0.603801
    5.264342
    0.603368
    5.316455
    0.602972
    5.369232
    0.602622
    5.422823
    0.602317
    5.477380
    0.602055
    5.533016
    0.601829
    5.589813
    0.601631
    5.647860
    0.601453
    5.707277
    0.601291
    5.768214
    0.601142
    5.830836
    0.601006
    5.895309
    0.600885
    5.961764
    0.600782
    6.030268
    0.600698
    6.100772
    0.600634
    6.173031
    0.600590
    6.246525
    0.600568
