    0.976172
    0.345064
    3.967349
    0.348479
    3.964566
    0.351749
    3.961898
    0.355061
    3.959180
    0.359293
    3.955727
    0.365597
    3.950598
    0.373789
    3.943898
    0.381913
    3.937193
    0.388102
    3.932032
    0.392395
    3.928402
    0.396159
    3.925160
    0.400213
    3.921614
    0.404370
    3.917952
    0.408466
    3.914341
    0.412735
    3.910570
    0.417050
    3.906738
    0.420869
    3.903312
    0.424456
    3.900045
    0.429227
    3.895631
    0.436064
    3.889244
    0.443876
    3.881906
    0.450684
    3.875499
    0.455785
    3.870713
    0.459971
    3.866795
    0.464011
    3.863003
    0.468115
    3.859147
    0.472834
    3.854735
    0.479066
    3.848922
    0.486579
    3.841902
    0.493674
    3.835256
    0.499185
    3.830071
    0.504011
    3.825487
    0.509762
    3.819979
    0.516637
    3.813383
    0.523708
    3.806597
    0.530650
    3.799935
    0.537766
    3.793113
    0.544783
    3.786394
    0.551493
    3.779961
    0.559753
    3.772019
    0.572725
    3.759566
    0.590893
    3.742201
    0.610193
    3.723843
    0.625596
    3.709269
    0.635834
    3.699650
    0.643359
    3.692630
    0.650552
    3.685945
    0.657788
    3.679243
    0.664874
    3.672729
    0.672167
    3.666095
    0.679555
    3.659425
    0.685983
    3.653647
    0.691096
    3.649062
    0.696299
    3.644402
    0.703052
    3.638368
    0.710822
    3.631456
    0.717837
    3.625266
    0.723328
    3.620487
    0.727910
    3.616555
    0.732179
    3.612913
    0.736307
    3.609405
    0.741032
    3.605446
    0.747536
    3.600088
    0.755736
    3.593414
    0.763724
    3.586982
    0.769726
    3.582194
    0.773977
    3.578809
    0.777946
    3.575618
    0.782350
    3.572069
    0.786833
    3.568477
    0.791157
    3.565038
    0.795553
    3.561565
    0.799917
    3.558144
    0.803819
    3.555093
    0.807711
    3.552027
    0.813107
    3.547758
    0.820803
    3.541719
    0.829478
    3.534992
    0.836882
    3.529325
    0.842110
    3.525392
    0.845991
    3.522534
    0.849560
    3.519940
    0.853144
    3.517354
    0.856955
    3.514655
    0.861459
    3.511565
    0.866599
    3.508127
    0.871416
    3.504953
    0.875191
    3.502477
    0.878497
    3.500303
    0.882439
    3.497719
    0.887182
    3.494637
    0.891974
    3.491566
    0.896368
    3.488825
    0.900556
    3.486302
    0.904606
    3.483908
    0.908468
    3.481634
    0.912987
    3.479019
    0.919778
    3.475217
    0.929253
    3.470047
    0.939437
    3.464596
    0.947667
    3.460267
    0.953189
    3.457404
    0.957312
    3.455259
    0.961365
    3.453124
    0.965513
    3.450941
    0.969558
    3.448836
    0.973689
    3.446712
    0.977924
    3.444541
    0.981716
    3.442596
    0.984873
    3.440956
    0.988314
    3.439114
    0.993074
    3.436522
    0.998828
    3.433382
    1.004182
    3.430478
    1.008320
    3.428270
    1.011606
    3.426556
    1.014637
    3.424988
    1.017616
    3.423450
    1.020896
    3.421786
    1.025215
    3.419649
    1.030706
    3.416970
    1.036256
    3.414279
    1.040637
    3.412150
    1.043973
    3.410493
    1.047392
    3.408743
    1.051463
    3.406641
    1.055780
    3.404414
    1.059985
    3.402256
    1.064233
    3.400101
    1.068505
    3.397961
    1.072485
    3.395966
    1.076710
    3.393818
    1.082899
    3.390677
    1.092089
    3.386103
    1.102816
    3.380875
    1.112192
    3.376411
    1.118732
    3.373392
    1.123307
    3.371358
    1.127405
    3.369573
    1.131553
    3.367785
    1.135719
    3.366047
    1.140146
    3.364300
    1.144921
    3.362497
    1.149393
    3.360850
    1.152960
    3.359555
    1.156153
    3.358398
    1.160082
    3.356974
    1.164927
    3.355243
    1.169763
    3.353569
    1.173870
    3.352232
    1.177413
    3.351165
    1.180738
    3.350204
    1.183920
    3.349298
    1.187441
    3.348345
    1.192439
    3.347097
    1.199409
    3.345465
    1.207085
    3.343758
    1.213474
    3.342405
    1.217926
    3.341489
    1.221461
    3.340739
    1.225159
    3.339933
    1.229080
    3.339093
    1.232933
    3.338295
    1.236846
    3.337511
    1.240902
    3.336727
    1.244670
    3.336018
    1.248025
    3.335371
    1.252011
    3.334565
    1.257875
    3.333403
    1.265284
    3.332008
    1.272391
    3.330746
    1.277848
    3.329848
    1.281963
    3.329239
    1.285681
    3.328735
    1.289397
    3.328250
    1.293366
    3.327766
    1.298314
    3.327248
    1.304581
    3.326686
    1.311119
    3.326159
    1.316498
    3.325750
    1.320791
    3.325428
    1.325429
    3.325087
    1.331201
    3.324686
    1.337480
    3.324285
    1.343591
    3.323953
    1.349684
    3.323701
    1.355833
    3.323502
    1.361666
    3.323332
    1.367931
    3.323175
    1.377186
    3.323044
    1.391184
    3.322992
    1.407890
    3.323064
    1.422760
    3.323234
    1.433143
    3.323420
    1.440201
    3.323567
    1.446392
    3.323686
    1.452677
    3.323808
    1.458845
    3.323946
    1.465029
    3.324104
    1.471450
    3.324278
    1.477447
    3.324447
    1.482274
    3.324576
    1.486622
    3.324659
    1.492060
    3.324717
    1.498894
    3.324769
    1.505707
    3.324816
    1.511217
    3.324866
    1.515564
    3.324932
    1.519460
    3.325008
    1.523175
    3.325077
    1.527058
    3.325154
    1.532094
    3.325287
    1.538844
    3.325493
    1.546207
    3.325717
    1.552319
    3.325891
    1.556630
    3.325984
    1.560254
    3.326013
    1.564267
    3.325997
    1.568602
    3.325957
    1.572826
    3.325909
    1.577020
    3.325866
    1.581303
    3.325823
    1.585309
    3.325772
    1.589048
    3.325688
    1.593780
    3.325525
    1.600904
    3.325238
    1.609945
    3.324855
    1.618605
    3.324480
    1.625071
    3.324214
    1.629558
    3.324061
    1.633325
    3.323954
    1.637063
    3.323844
    1.640882
    3.323746
    1.645094
    3.323701
    1.649958
    3.323711
    1.654902
    3.323746
    1.658996
    3.323774
    1.662305
    3.323781
    1.665922
    3.323765
    1.670492
    3.323729
    1.675446
    3.323697
    1.679992
    3.323708
    1.684090
    3.323779
    1.688009
    3.323883
    1.691729
    3.323980
    1.695596
    3.324088
    1.700937
    3.324283
    1.708852
    3.324606
    1.718416
    3.324999
    1.727103
    3.325348
    1.733304
    3.325583
    1.737661
    3.325713
    1.741687
    3.325786
    1.745946
    3.325835
    1.750184
    3.325878
    1.754412
    3.325925
    1.758835
    3.325975
    1.763104
    3.326009
    1.766745
    3.326014
    1.770352
    3.325966
    1.775322
    3.325840
    1.782028
    3.325637
    1.789072
    3.325413
    1.794856
    3.325239
    1.799220
    3.325134
    1.802996
    3.325059
    1.806691
    3.324982
    1.810521
    3.324908
    1.815190
    3.324851
    1.821370
    3.324803
    1.828371
    3.324753
    1.834516
    3.324703
    1.839183
    3.324641
    1.843547
    3.324540
    1.848855
    3.324391
    1.854926
    3.324218
    1.860986
    3.324051
    1.866990
    3.323901
    1.873156
    3.323771
    1.879104
    3.323657
    1.884953
    3.323531
    1.892788
    3.323359
    1.905085
    3.323163
    1.921238
    3.323023
    1.937142
    3.323001
    1.949088
    3.323085
    1.957045
    3.323222
    1.963399
    3.323379
    1.969714
    3.323556
    1.976025
    3.323769
    1.982354
    3.324050
    1.989051
    3.324419
    1.995688
    3.324829
    2.001235
    3.325196
    2.005784
    3.325508
    2.010867
    3.325859
    2.017448
    3.326330
    2.024592
    3.326880
    2.030792
    3.327417
    2.035767
    3.327916
    2.040159
    3.328403
    2.044312
    3.328880
    2.048473
    3.329382
    2.053698
    3.330078
    2.061083
    3.331149
    2.069983
    3.332518
    2.078136
    3.333836
    2.084046
    3.334823
    2.088399
    3.335541
    2.092708
    3.336227
    2.097439
    3.336984
    2.102166
    3.337759
    2.106805
    3.338540
    2.111599
    3.339372
    2.116265
    3.340205
    2.120407
    3.340943
    2.124825
    3.341699
    2.131211
    3.342791
    2.139984
    3.344350
    2.149284
    3.346069
    2.156841
    3.347527
    2.162225
    3.348626
    2.166571
    3.349565
    2.170781
    3.350494
    2.175078
    3.351459
    2.179925
    3.352606
    2.185948
    3.354117
    2.192706
    3.355873
    2.198735
    3.357466
    2.203413
    3.358709
    2.207868
    3.359892
    2.213402
    3.361369
    2.219826
    3.363105
    2.226162
    3.364859
    2.232173
    3.366588
    2.238157
    3.368369
    2.243939
    3.370110
    2.249610
    3.371827
    2.256993
    3.374117
    2.268497
    3.377781
    2.283831
    3.382758
    2.299240
    3.387835
    2.311013
    3.391769
    2.318892
    3.394423
    2.325184
    3.396531
    2.331528
    3.398647
    2.337926
    3.400791
    2.344239
    3.402924
    2.350802
    3.405152
    2.357354
    3.407384
    2.362972
    3.409298
    2.367738
    3.410901
    2.373290
    3.412730
    2.380806
    3.415185
    2.389271
    3.417953
    2.396693
    3.420394
    2.402405
    3.422296
    2.407196
    3.423916
    2.411746
    3.425463
    2.416295
    3.427011
    2.421650
    3.428857
    2.428935
    3.431406
    2.437803
    3.434532
    2.446148
    3.437479
    2.452403
    3.439678
    2.457313
    3.441377
    2.462613
    3.443182
    2.468765
    3.445268
    2.475043
    3.447396
    2.481181
    3.449485
    2.487502
    3.451658
    2.493757
    3.453819
    2.499538
    3.455807
    2.506140
    3.458055
    2.516243
    3.461513
    2.530632
    3.466495
    2.546323
    3.471990
    2.559241
    3.476576
    2.568162
    3.479801
    2.574893
    3.482276
    2.581306
    3.484648
    2.587828
    3.487075
    2.594597
    3.489641
    2.602148
    3.492563
    2.610245
    3.495736
    2.617504
    3.498601
    2.623272
    3.500887
    2.628903
    3.503117
    2.636081
    3.505958
    2.644557
    3.509333
    2.652705
    3.512616
    2.659745
    3.515503
    2.666149
    3.518169
    2.672262
    3.520731
    2.678250
    3.523252
    2.685537
    3.526354
    2.696401
    3.531036
    2.711011
    3.537388
    2.726099
    3.543998
    2.737976
    3.549231
    2.746224
    3.552870
    2.753231
    3.555949
    2.760751
    3.559250
    2.768568
    3.562692
    2.776268
    3.566094
    2.784259
    3.569639
    2.792453
    3.573291
    2.799836
    3.576587
    2.806612
    3.579598
    2.815330
    3.583458
    2.828055
    3.589116
    2.843172
    3.595876
    2.856807
    3.602006
    2.867094
    3.606667
    2.875319
    3.610428
    2.883147
    3.614024
    2.891061
    3.617665
    2.899933
    3.621772
    2.911539
    3.627191
    2.925887
    3.633930
    2.939936
    3.640550
    2.951026
    3.645784
    2.960404
    3.650215
    2.971310
    3.655372
    2.984580
    3.661657
    2.998476
    3.668257
    3.012080
    3.674752
    3.025965
    3.681413
    3.039796
    3.688067
    3.052922
    3.694389
    3.068350
    3.701841
    3.092295
    3.713456
    3.126778
    3.730238
    3.164799
    3.748792
    3.196152
    3.764129
    3.217168
    3.774426
    3.232074
    3.781727
    3.245928
    3.788504
    3.259899
    3.795341
    3.273518
    3.802010
    3.287365
    3.808790
    3.301503
    3.815714
    3.314064
    3.821866
    3.323999
    3.826722
    3.333628
    3.831403
    3.345993
    3.837391
    3.360613
    3.844460
    3.374170
    3.851004
    3.384796
    3.856134
    3.393455
    3.860323
    3.401424
    3.864183
    3.409055
    3.867873
    3.417467
    3.871941
    3.428837
    3.877452
    3.443459
    3.884540
    3.458177
    3.891662
    3.469510
    3.897128
    3.477422
    3.900922
    3.484517
    3.904296
    3.492378
    3.908006
    3.500485
    3.911814
    3.508275
    3.915466
    3.516115
    3.919143
    3.523959
    3.922813
    3.531028
    3.926104
    3.537851
    3.929252
    3.547007
    3.933437
    3.560255
    3.939449
    3.575676
    3.946405
    3.589232
    3.952495
    3.598874
    3.956824
    3.605805
    3.959945
    3.611986
    3.962726
    3.618149
    3.965490
    3.624572
    3.968385
    3.631991
    3.971761
    3.640505
    3.975655
    3.648680
    3.979394
    3.655155
    3.982349
    3.660619
    3.984826
    3.666943
    3.987668
    3.674656
    3.991119
    3.682587
    3.994670
    3.689813
    3.997927
    3.696556
    4.000992
    3.703050
    4.003950
    3.709195
    4.006744
    3.716054
    4.009867
    3.726075
    4.014436
    3.740287
    4.020900
    3.756052
    4.028040
    3.769172
    4.033948
    3.778034
    4.037905
    3.784435
    4.040725
    3.790585
    4.043401
    3.796924
    4.046133
    3.803092
    4.048777
    3.809312
    4.051438
    3.815733
    4.054175
    3.821607
    4.056659
    3.826479
    4.058686
    3.831582
    4.060757
    3.838633
    4.063565
    3.847434
    4.067019
    3.855892
    4.070303
    3.862493
    4.072857
    3.867608
    4.074847
    3.872231
    4.076643
    3.876744
    4.078378
    3.881574
    4.080234
    3.887779
    4.082636
    3.895779
    4.085722
    3.904139
    4.088913
    3.910922
    4.091469
    3.916029
    4.093357
    3.921086
    4.095172
    3.927141
    4.097296
    3.933689
    4.099566
    3.940073
    4.101766
    3.946454
    4.103954
    3.952895
    4.106143
    3.958927
    4.108171
    3.965121
    4.110221
    3.973907
    4.113061
    3.987124
    4.117252
    4.003035
    4.122225
    4.017364
    4.126650
    4.027476
    4.129746
    4.034332
    4.131843
    4.040232
    4.133647
    4.046165
    4.135452
    4.052066
    4.137253
    4.058178
    4.139153
    4.064733
    4.141226
    4.070981
    4.143211
    4.076006
    4.144799
    4.080330
    4.146148
    4.085494
    4.147739
    4.091964
    4.149719
    4.098565
    4.151745
    4.104159
    4.153495
    4.108845
    4.155008
    4.113163
    4.156425
    4.117264
    4.157767
    4.121615
    4.159206
    4.127551
    4.161219
    4.135885
    4.164083
    4.145312
    4.167338
    4.153369
    4.170128
    4.159008
    4.172075
    4.163341
    4.173536
    4.167786
    4.174998
    4.172540
    4.176549
    4.177210
    4.178076
    4.181882
    4.179611
    4.186722
    4.181207
    4.191279
    4.182708
    4.195301
    4.184010
    4.199883
    4.185446
    4.206583
    4.187515
    4.215259
    4.190195
    4.223817
    4.192850
    4.230458
    4.194932
    4.235330
    4.196494
    4.239572
    4.197878
    4.243769
    4.199247
    4.248154
    4.200689
    4.253438
    4.202475
    4.260117
    4.204782
    4.267255
    4.207264
    4.273256
    4.209348
    4.277949
    4.210964
    4.282795
    4.212612
    4.288825
    4.214646
    4.295499
    4.216895
    4.301979
    4.219100
    4.308317
    4.221291
    4.314686
    4.223509
    4.320735
    4.225610
    4.326978
    4.227776
    4.335812
    4.230842
    4.349269
    4.235486
    4.365810
    4.241133
    4.380998
    4.246254
    4.391795
    4.249838
    4.398991
    4.252178
    4.405078
    4.254114
    4.411235
    4.256037
    4.417289
    4.257902
    4.423294
    4.259737
    4.429528
    4.261631
    4.435469
    4.263410
    4.440313
    4.264826
    4.444546
    4.266013
    4.449716
    4.267397
    4.456368
    4.269114
    4.463235
    4.270833
    4.468892
    4.272229
    4.473287
    4.273324
    4.477140
    4.274287
    4.480802
    4.275180
    4.484543
    4.276082
    4.489243
    4.277233
    4.495591
    4.278780
    4.502759
    4.280484
    4.508932
    4.281904
    4.513339
    4.282875
    4.516934
    4.283601
    4.520886
    4.284328
    4.525248
    4.285086
    4.529542
    4.285812
    4.533767
    4.286513
    4.538093
    4.287210
    4.542209
    4.287848
    4.546014
    4.288399
    4.550662
    4.288994
    4.557710
    4.289795
    4.566984
    4.290761
    4.576219
    4.291652
    4.583292
    4.292293
    4.588136
    4.292725
    4.592048
    4.293080
    4.595891
    4.293416
    4.599790
    4.293750
    4.603976
    4.294142
    4.608762
    4.294637
    4.613722
    4.295163
    4.617927
    4.295592
    4.621276
    4.295905
    4.624803
    4.296197
    4.629291
    4.296536
    4.634284
    4.296894
    4.638900
    4.297238
    4.642976
    4.297587
    4.646813
    4.297944
    4.650461
    4.298271
    4.654146
    4.298592
    4.659022
    4.299034
    4.666288
    4.299685
    4.675373
    4.300438
    4.683954
    4.301078
    4.690244
    4.301490
    4.694613
    4.301719
    4.698542
    4.301859
    4.702728
    4.301956
    4.706939
    4.302027
    4.711105
    4.302087
    4.715457
    4.302135
    4.719747
    4.302150
    4.723460
    4.302126
    4.727031
    4.302045
    4.731871
    4.301849
    4.738590
    4.301497
    4.745928
    4.301055
    4.752110
    4.300656
    4.756732
    4.300358
    4.760618
    4.300107
    4.764392
    4.299844
    4.768252
    4.299566
    4.772814
    4.299249
    4.778843
    4.298822
    4.785878
    4.298290
    4.792266
    4.297766
    4.797150
    4.297320
    4.801554
    4.296854
    4.806859
    4.296231
    4.813051
    4.295466
    4.819303
    4.294668
    4.825445
    4.293861
    4.831734
    4.293015
    4.837852
    4.292172
    4.843759
    4.291324
    4.851322
    4.290170
    4.863163
    4.288272
    4.879144
    4.285621
    4.895391
    4.282842
    4.907880
    4.280651
    4.916115
    4.279193
    4.922397
    4.278088
    4.928522
    4.277000
    4.934639
    4.275902
    4.940672
    4.274848
    4.946961
    4.273799
    4.953259
    4.272767
    4.958609
    4.271884
    4.962905
    4.271165
    4.967485
    4.270389
    4.973427
    4.269362
    4.980049
    4.268214
    4.985884
    4.267232
    4.990488
    4.266517
    4.994437
    4.265944
    4.998138
    4.265407
    5.001766
    4.264892
    5.006110
    4.264333
    5.012176
    4.263618
    5.019642
    4.262778
    5.026679
    4.262024
    5.031857
    4.261493
    5.035582
    4.261090
    5.039159
    4.260650
    5.043104
    4.260151
    5.047077
    4.259662
    5.050933
    4.259199
    5.054881
    4.258734
    5.058759
    4.258292
    5.062210
    4.257899
    5.065757
    4.257448
    5.070774
    4.256767
    5.077790
    4.255837
    5.085447
    4.254869
    5.091804
    4.254105
    5.096288
    4.253612
    5.099754
    4.253284
    5.103035
    4.253000
    5.106351
    4.252721
    5.109970
    4.252464
    5.114369
    4.252249
    5.119362
    4.252078
    5.123926
    4.251945
    5.127468
    4.251835
    5.130692
    4.251725
    5.134627
    4.251590
    5.139274
    4.251438
    5.143899
    4.251317
    5.148208
    4.251276
    5.152419
    4.251312
    5.156493
    4.251366
    5.160415
    4.251416
    5.165251
    4.251522
    5.172679
    4.251774
    5.182812
    4.252179
    5.193323
    4.252633
    5.201560
    4.253016
    5.207057
    4.253278
    5.211288
    4.253447
    5.215495
    4.253576
    5.219761
    4.253703
    5.223940
    4.253843
    5.228247
    4.253992
    5.232603
    4.254134
    5.236412
    4.254248
    5.239598
    4.254312
    5.243176
    4.254314
    5.248066
    4.254256
    5.253761
    4.254166
    5.258893
    4.254088
    5.262840
    4.254049
    5.266057
    4.254041
    5.269073
    4.254039
    5.272058
    4.254037
    5.275452
    4.254055
    5.280005
    4.254113
    5.285678
    4.254203
    5.291206
    4.254285
    5.295444
    4.254323
    5.298697
    4.254297
    5.302111
    4.254213
    5.306125
    4.254087
    5.310289
    4.253942
    5.314339
    4.253797
    5.318471
    4.253664
    5.322597
    4.253542
    5.326414
    4.253410
    5.330594
    4.253214
    5.336855
    4.252901
    5.345961
    4.252472
    5.356221
    4.252020
    5.364901
    4.251673
    5.370906
    4.251487
    5.375263
    4.251407
    5.379300
    4.251345
    5.383390
    4.251285
    5.387562
    4.251277
    5.392124
    4.251355
    5.397048
    4.251494
    5.401560
    4.251637
    5.405139
    4.251757
    5.408479
    4.251864
    5.412668
    4.251981
    5.417721
    4.252126
    5.422667
    4.252311
    5.426908
    4.252544
    5.430679
    4.252813
    5.434254
    4.253086
    5.437708
    4.253359
    5.441720
    4.253724
    5.447588
    4.254325
    5.455640
    4.255204
    5.464232
    4.256187
    5.471182
    4.257013
    5.475999
    4.257580
    5.479935
    4.258003
    5.484105
    4.258429
    5.488484
    4.258885
    5.492785
    4.259340
    5.497198
    4.259816
    5.501756
    4.260324
    5.505926
    4.260795
    5.509674
    4.261187
    5.514289
    4.261621
    5.521066
    4.262262
    5.529374
    4.263081
    5.537094
    4.263871
    5.542956
    4.264504
    5.547508
    4.265043
    5.551745
    4.265572
    5.556001
    4.266101
    5.560648
    4.266698
    5.566608
    4.267528
    5.574095
    4.268622
    5.581660
    4.269738
    5.587735
    4.270627
    5.592701
    4.271345
    5.598276
    4.272141
    5.605137
    4.273107
    5.612444
    4.274136
    5.619568
    4.275172
    5.626765
    4.276257
    5.633983
    4.277350
    5.640805
    4.278371
    5.648448
    4.279521
    5.660048
    4.281270
    5.677147
    4.283803
    5.696702
    4.286629
    5.713392
    4.288981
    5.724750
    4.290533
    5.732589
    4.291555
    5.739657
    4.292433
    5.746802
    4.293293
    5.753772
    4.294114
    5.760800
    4.294925
    5.768033
    4.295736
    5.774612
    4.296451
    5.779836
    4.296989
    5.784691
    4.297435
    5.790841
    4.297932
    5.798325
    4.298483
    5.805502
    4.298974
    5.811194
    4.299348
    5.815750
    4.299652
    5.819891
    4.299928
    5.823841
    4.300174
    5.828068
    4.300431
    5.833677
    4.300778
    5.841049
    4.301217
    5.848763
    4.301636
    5.854908
    4.301923
    5.859191
    4.302071
    5.862890
    4.302135
    5.866984
    4.302146
    5.871293
    4.302118
    5.875447
    4.302067
    5.879595
    4.302006
    5.883791
    4.301928
    5.887633
    4.301825
    5.891255
    4.301674
    5.895966
    4.301390
    5.902914
    4.300877
    5.911340
    4.300163
    5.919047
    4.299437
    5.924641
    4.298884
    5.928581
    4.298504
    5.931995
    4.298175
    5.935389
    4.297824
    5.938882
    4.297472
    5.942837
    4.297130
    5.947409
    4.296774
    5.951926
    4.296417
    5.955574
    4.296109
    5.958573
    4.295829
    5.961945
    4.295468
    5.966129
    4.294979
    5.970538
    4.294454
    5.974566
    4.294009
    5.978268
    4.293647
    5.981826
    4.293309
    5.985191
    4.292975
    5.988807
    4.292620
    5.993960
    4.292123
    6.001439
    4.291361
    6.010085
    4.290406
    6.017586
    4.289505
    6.022771
    4.288814
    6.026441
    4.288251
    6.029895
    4.287652
    6.033498
    4.286980
    6.037034
    4.286292
    6.040575
    4.285585
    6.044257
    4.284831
    6.047717
    4.284090
    6.050615
    4.283416
    6.053551
    4.282643
    6.057605
    4.281475
    6.062866
    4.279876
    6.068142
    4.278205
    6.072350
    4.276846
    6.075559
    4.275820
    6.078402
    4.274913
    6.081182
    4.273997
    6.084097
    4.273025
    6.087753
    4.271830
    6.092544
    4.270254
    6.097758
    4.268485
    6.102147
    4.266935
    6.105451
    4.265707
    6.108631
    4.264443
    6.112473
    4.262834
    6.116739
    4.260995
    6.120939
    4.259158
    6.125119
    4.257314
    6.129379
    4.255406
    6.133422
    4.253558
    6.137473
    4.251656
    6.143071
    4.248933
    6.151691
    4.244612
    6.162531
    4.239054
    6.172732
    4.233728
    6.180146
    4.229810
    6.185109
    4.227178
    6.189224
    4.224994
    6.193347
    4.222787
    6.197453
    4.220594
    6.201631
    4.218410
    6.206089
    4.216129
    6.210428
    4.213922
    6.213982
    4.212106
    6.216958
    4.210565
    6.220403
    4.208745
    6.224802
    4.206398
    6.229429
    4.203934
    6.233386
    4.201870
    6.236621
    4.200250
    6.239546
    4.198821
    6.242320
    4.197466
    6.245169
    4.196093
    6.248904
    4.194358
    6.254184
    4.191963
    6.260357
    4.189192
    6.265818
    4.186757
    6.269698
    4.185019
    6.272613
    4.183664
    6.275558
    4.182237
    6.278749
    4.180671
    6.281904
    4.179122
    6.285030
    4.177597
    6.288270
    4.176028
    6.291373
    4.174526
    6.294114
    4.173170
    6.297134
    4.171605
    6.301539
    4.169276
    6.307418
    4.166167
    6.313427
    4.163004
    6.318190
    4.160523
    6.321623
    4.158786
    6.324503
    4.157371
    6.327327
    4.155984
    6.330238
    4.154564
    6.333632
    4.152978
    6.337900
    4.151065
    6.342580
    4.148998
    6.346632
    4.147205
    6.349779
    4.145796
    6.352901
    4.144371
    6.356791
    4.142565
    6.361201
    4.140510
    6.365510
    4.138533
    6.369658
    4.136688
    6.373814
    4.134867
    6.377796
    4.133115
    6.381790
    4.131354
    6.387224
    4.128969
    6.395623
    4.125252
    6.406390
    4.120409
    6.416735
    4.115668
    6.424352
    4.112102
    6.429423
    4.109658
    6.433594
    4.107582
    6.437819
    4.105430
    6.442022
    4.103255
    6.446175
    4.101084
    6.450499
    4.098807
    6.454727
    4.096552
    6.458259
    4.094626
    6.461292
    4.092905
    6.464926
    4.090751
    6.469741
    4.087815
    6.474937
    4.084580
    6.479344
    4.081802
    6.482743
    4.079670
    6.485664
    4.077851
    6.488444
    4.076098
    6.491243
    4.074313
    6.494652
    4.072159
    6.499294
    4.069232
    6.504747
    4.065747
    6.509656
    4.062549
    6.513248
    4.060155
    6.516130
    4.058160
    6.519284
    4.055888
    6.522860
    4.053253
    6.526445
    4.050585
    6.529966
    4.047953
    6.533586
    4.045229
    6.537100
    4.042555
    6.540352
    4.040039
    6.544212
    4.036976
    6.550124
    4.032180
    6.558241
    4.025502
    6.566722
    4.018456
    6.573466
    4.012817
    6.578088
    4.008951
    6.581685
    4.005951
    6.585186
    4.003021
    6.588750
    4.000035
    6.592491
    3.996937
    6.596707
    3.993502
    6.601171
    3.989887
    6.605078
    3.986714
    6.608168
    3.984180
    6.611292
    3.981578
    6.615336
    3.978176
    6.620041
    3.974200
    6.624472
    3.970473
