    0.596795
    0.060000
    0.110103
   -0.092716
   -0.388016
   -0.017870
   -0.045000
    0.004759
   -0.165889
   -0.030975
   -0.003655
   -0.003057
   -0.029612
   -0.005320
   -0.001945
   -0.000636
   -0.004094
    0.060000
    0.109242
   -0.092223
   -0.386828
   -0.019662
   -0.045164
    0.005933
   -0.165635
   -0.031801
   -0.003690
   -0.002793
   -0.029498
   -0.005493
   -0.001974
   -0.000580
   -0.004069
    0.060000
    0.108381
   -0.091744
   -0.385678
   -0.021364
   -0.045272
    0.007009
   -0.165414
   -0.032555
   -0.003714
   -0.002557
   -0.029388
   -0.005653
   -0.002001
   -0.000530
   -0.004045
    0.060000
    0.107533
   -0.091284
   -0.384578
   -0.022963
   -0.045328
    0.007983
   -0.165225
   -0.033236
   -0.003726
   -0.002350
   -0.029285
   -0.005798
   -0.002024
   -0.000484
   -0.004024
    0.060000
    0.106698
   -0.090842
   -0.383525
   -0.024467
   -0.045339
    0.008864
   -0.165063
   -0.033852
   -0.003729
   -0.002167
   -0.029187
   -0.005931
   -0.002044
   -0.000443
   -0.004004
    0.060000
    0.105869
   -0.090413
   -0.382510
   -0.025895
   -0.045309
    0.009668
   -0.164926
   -0.034413
   -0.003723
   -0.002005
   -0.029094
   -0.006053
   -0.002062
   -0.000406
   -0.003985
    0.060000
    0.105035
   -0.089990
   -0.381514
   -0.027274
   -0.045240
    0.010412
   -0.164808
   -0.034932
   -0.003710
   -0.001860
   -0.029004
   -0.006168
   -0.002077
   -0.000372
   -0.003967
    0.060000
    0.104181
   -0.089564
   -0.380519
   -0.028631
   -0.045135
    0.011115
   -0.164706
   -0.035422
   -0.003688
   -0.001727
   -0.028915
   -0.006277
   -0.002090
   -0.000339
   -0.003950
    0.060000
    0.103292
   -0.089127
   -0.379510
   -0.029992
   -0.044991
    0.011789
   -0.164618
   -0.035892
   -0.003660
   -0.001603
   -0.028825
   -0.006384
   -0.002102
   -0.000308
   -0.003933
    0.060000
    0.102359
   -0.088674
   -0.378474
   -0.031369
   -0.044806
    0.012440
   -0.164543
   -0.036346
   -0.003623
   -0.001488
   -0.028734
   -0.006490
   -0.002112
   -0.000278
   -0.003917
    0.060000
    0.101377
   -0.088203
   -0.377412
   -0.032764
   -0.044577
    0.013065
   -0.164482
   -0.036783
   -0.003579
   -0.001381
   -0.028642
   -0.006593
   -0.002120
   -0.000248
   -0.003900
    0.060000
    0.100354
   -0.087718
   -0.376333
   -0.034163
   -0.044302
    0.013657
   -0.164436
   -0.037197
   -0.003526
   -0.001284
   -0.028550
   -0.006694
   -0.002126
   -0.000220
   -0.003884
    0.060000
    0.099305
   -0.087225
   -0.375255
   -0.035544
   -0.043986
    0.014205
   -0.164405
   -0.037582
   -0.003466
   -0.001199
   -0.028459
   -0.006791
   -0.002130
   -0.000194
   -0.003869
    0.060000
    0.098250
   -0.086734
   -0.374200
   -0.036877
   -0.043632
    0.014696
   -0.164391
   -0.037929
   -0.003400
   -0.001128
   -0.028370
   -0.006881
   -0.002131
   -0.000170
   -0.003855
    0.060000
    0.097207
   -0.086253
   -0.373185
   -0.038141
   -0.043249
    0.015123
   -0.164393
   -0.038233
   -0.003328
   -0.001071
   -0.028287
   -0.006963
   -0.002130
   -0.000149
   -0.003843
    0.060000
    0.096185
   -0.085787
   -0.372216
   -0.039327
   -0.042841
    0.015486
   -0.164409
   -0.038494
   -0.003252
   -0.001027
   -0.028209
   -0.007038
   -0.002126
   -0.000130
   -0.003831
    0.060000
    0.095183
   -0.085335
   -0.371292
   -0.040441
   -0.042411
    0.015789
   -0.164439
   -0.038716
   -0.003172
   -0.000996
   -0.028135
   -0.007105
   -0.002120
   -0.000114
   -0.003821
    0.060000
    0.094194
   -0.084893
   -0.370404
   -0.041493
   -0.041960
    0.016039
   -0.164480
   -0.038904
   -0.003089
   -0.000975
   -0.028066
   -0.007166
   -0.002111
   -0.000100
   -0.003813
    0.060000
    0.093213
   -0.084458
   -0.369545
   -0.042494
   -0.041486
    0.016242
   -0.164532
   -0.039061
   -0.003002
   -0.000965
   -0.028001
   -0.007222
   -0.002101
   -0.000088
   -0.003805
    0.060000
    0.092234
   -0.084027
   -0.368709
   -0.043452
   -0.040989
    0.016402
   -0.164594
   -0.039190
   -0.002911
   -0.000963
   -0.027938
   -0.007273
   -0.002088
   -0.000077
   -0.003798
    0.060000
    0.091252
   -0.083597
   -0.367891
   -0.044375
   -0.040470
    0.016523
   -0.164664
   -0.039296
   -0.002816
   -0.000969
   -0.027878
   -0.007320
   -0.002074
   -0.000068
   -0.003792
    0.060000
    0.090266
   -0.083168
   -0.367090
   -0.045262
   -0.039928
    0.016605
   -0.164742
   -0.039377
   -0.002718
   -0.000983
   -0.027821
   -0.007363
   -0.002057
   -0.000061
   -0.003787
    0.060000
    0.089280
   -0.082742
   -0.366309
   -0.046111
   -0.039364
    0.016647
   -0.164828
   -0.039433
   -0.002617
   -0.001004
   -0.027766
   -0.007402
   -0.002039
   -0.000055
   -0.003783
    0.060000
    0.088298
   -0.082320
   -0.365553
   -0.046915
   -0.038782
    0.016649
   -0.164921
   -0.039464
   -0.002512
   -0.001034
   -0.027714
   -0.007436
   -0.002019
   -0.000050
   -0.003779
    0.060000
    0.087329
   -0.081908
   -0.364826
   -0.047667
   -0.038187
    0.016609
   -0.165021
   -0.039470
   -0.002405
   -0.001071
   -0.027666
   -0.007465
   -0.001997
   -0.000047
   -0.003776
    0.060000
    0.086383
   -0.081510
   -0.364137
   -0.048358
   -0.037583
    0.016527
   -0.165127
   -0.039449
   -0.002297
   -0.001115
   -0.027622
   -0.007489
   -0.001974
   -0.000046
   -0.003775
    0.060000
    0.085468
   -0.081130
   -0.363491
   -0.048982
   -0.036978
    0.016404
   -0.165237
   -0.039402
   -0.002187
   -0.001167
   -0.027582
   -0.007508
   -0.001949
   -0.000047
   -0.003774
    0.060000
    0.084588
   -0.080771
   -0.362890
   -0.049535
   -0.036373
    0.016240
   -0.165353
   -0.039329
   -0.002077
   -0.001226
   -0.027548
   -0.007521
   -0.001922
   -0.000050
   -0.003774
    0.060000
    0.083742
   -0.080433
   -0.362331
   -0.050017
   -0.035769
    0.016036
   -0.165472
   -0.039231
   -0.001966
   -0.001293
   -0.027518
   -0.007528
   -0.001895
   -0.000054
   -0.003776
    0.060000
    0.082929
   -0.080117
   -0.361813
   -0.050433
   -0.035165
    0.015793
   -0.165596
   -0.039109
   -0.001853
   -0.001366
   -0.027493
   -0.007530
   -0.001866
   -0.000060
   -0.003778
    0.060000
    0.082148
   -0.079821
   -0.361333
   -0.050784
   -0.034564
    0.015515
   -0.165724
   -0.038963
   -0.001740
   -0.001447
   -0.027472
   -0.007526
   -0.001835
   -0.000068
   -0.003781
    0.060000
    0.081405
   -0.079549
   -0.360893
   -0.051072
   -0.033971
    0.015205
   -0.165854
   -0.038798
   -0.001626
   -0.001532
   -0.027456
   -0.007517
   -0.001804
   -0.000077
   -0.003784
    0.060000
    0.080706
   -0.079301
   -0.360495
   -0.051296
   -0.033393
    0.014869
   -0.165985
   -0.038616
   -0.001513
   -0.001623
   -0.027443
   -0.007504
   -0.001773
   -0.000088
   -0.003789
    0.060000
    0.080060
   -0.079082
   -0.360144
   -0.051454
   -0.032837
    0.014514
   -0.166115
   -0.038419
   -0.001404
   -0.001716
   -0.027435
   -0.007487
   -0.001741
   -0.000100
   -0.003794
    0.060000
    0.079476
   -0.078896
   -0.359842
   -0.051544
   -0.032310
    0.014141
   -0.166243
   -0.038211
   -0.001297
   -0.001812
   -0.027431
   -0.007465
   -0.001710
   -0.000113
   -0.003799
    0.060000
    0.078958
   -0.078746
   -0.359592
   -0.051563
   -0.031816
    0.013753
   -0.166368
   -0.037990
   -0.001194
   -0.001911
   -0.027432
   -0.007438
   -0.001679
   -0.000127
   -0.003805
    0.060000
    0.078509
   -0.078633
   -0.359393
   -0.051511
   -0.031355
    0.013350
   -0.166492
   -0.037758
   -0.001094
   -0.002012
   -0.027437
   -0.007408
   -0.001649
   -0.000143
   -0.003812
    0.060000
    0.078127
   -0.078559
   -0.359246
   -0.051387
   -0.030927
    0.012932
   -0.166615
   -0.037514
   -0.000998
   -0.002116
   -0.027447
   -0.007372
   -0.001620
   -0.000159
   -0.003819
    0.060000
    0.077814
   -0.078524
   -0.359150
   -0.051188
   -0.030529
    0.012494
   -0.166738
   -0.037255
   -0.000904
   -0.002224
   -0.027462
   -0.007332
   -0.001591
   -0.000177
   -0.003826
    0.060000
    0.077570
   -0.078532
   -0.359106
   -0.050908
   -0.030162
    0.012034
   -0.166862
   -0.036979
   -0.000811
   -0.002338
   -0.027482
   -0.007286
   -0.001561
   -0.000196
   -0.003835
    0.060000
    0.077399
   -0.078585
   -0.359117
   -0.050542
   -0.029823
    0.011547
   -0.166989
   -0.036682
   -0.000719
   -0.002458
   -0.027508
   -0.007233
   -0.001532
   -0.000217
   -0.003844
    0.060000
    0.077303
   -0.078686
   -0.359185
   -0.050085
   -0.029514
    0.011030
   -0.167120
   -0.036364
   -0.000628
   -0.002585
   -0.027539
   -0.007174
   -0.001503
   -0.000240
   -0.003854
    0.060000
    0.077282
   -0.078834
   -0.359310
   -0.049539
   -0.029234
    0.010485
   -0.167253
   -0.036024
   -0.000538
   -0.002719
   -0.027577
   -0.007109
   -0.001474
   -0.000265
   -0.003864
    0.060000
    0.077335
   -0.079027
   -0.359489
   -0.048911
   -0.028987
    0.009917
   -0.167389
   -0.035666
   -0.000449
   -0.002859
   -0.027619
   -0.007037
   -0.001445
   -0.000292
   -0.003876
    0.060000
    0.077459
   -0.079260
   -0.359718
   -0.048214
   -0.028775
    0.009338
   -0.167524
   -0.035297
   -0.000364
   -0.003001
   -0.027665
   -0.006961
   -0.001417
   -0.000320
   -0.003887
    0.060000
    0.077648
   -0.079526
   -0.359990
   -0.047466
   -0.028600
    0.008759
   -0.167656
   -0.034924
   -0.000285
   -0.003145
   -0.027715
   -0.006882
   -0.001391
   -0.000348
   -0.003899
    0.060000
    0.077896
   -0.079821
   -0.360300
   -0.046677
   -0.028462
    0.008186
   -0.167784
   -0.034552
   -0.000211
   -0.003287
   -0.027767
   -0.006802
   -0.001366
   -0.000377
   -0.003911
    0.060000
    0.078200
   -0.080140
   -0.360645
   -0.045856
   -0.028362
    0.007624
   -0.167907
   -0.034183
   -0.000143
   -0.003426
   -0.027820
   -0.006720
   -0.001343
   -0.000405
   -0.003923
    0.060000
    0.078555
   -0.080481
   -0.361024
   -0.045003
   -0.028294
    0.007069
   -0.168027
   -0.033815
   -0.000081
   -0.003564
   -0.027876
   -0.006637
   -0.001322
   -0.000434
   -0.003935
    0.060000
    0.078961
   -0.080846
   -0.361439
   -0.044112
   -0.028256
    0.006516
   -0.168144
   -0.033445
   -0.000024
   -0.003702
   -0.027933
   -0.006552
   -0.001302
   -0.000463
   -0.003947
    0.060000
    0.079422
   -0.081240
   -0.361895
   -0.043168
   -0.028245
    0.005953
   -0.168261
   -0.033066
    0.000029
   -0.003842
   -0.027994
   -0.006463
   -0.001283
   -0.000492
   -0.003959
    0.060000
    0.079943
   -0.081666
   -0.362401
   -0.042157
   -0.028258
    0.005370
   -0.168380
   -0.032669
    0.000080
   -0.003987
   -0.028059
   -0.006369
   -0.001265
   -0.000524
   -0.003971
    0.060000
    0.080533
   -0.082132
   -0.362967
   -0.041061
   -0.028295
    0.004757
   -0.168504
   -0.032249
    0.000128
   -0.004140
   -0.028129
   -0.006269
   -0.001247
   -0.000557
   -0.003984
    0.060000
    0.081196
   -0.082640
   -0.363597
   -0.039870
   -0.028356
    0.004107
   -0.168633
   -0.031801
    0.000174
   -0.004302
   -0.028204
   -0.006160
   -0.001229
   -0.000592
   -0.003999
    0.060000
    0.081928
   -0.083187
   -0.364291
   -0.038588
   -0.028437
    0.003418
   -0.168768
   -0.031323
    0.000218
   -0.004473
   -0.028284
   -0.006044
   -0.001212
   -0.000630
   -0.004013
    0.060000
    0.082716
   -0.083763
   -0.365039
   -0.037230
   -0.028535
    0.002698
   -0.168907
   -0.030820
    0.000259
   -0.004652
   -0.028369
   -0.005922
   -0.001194
   -0.000670
   -0.004029
    0.060000
    0.083538
   -0.084355
   -0.365825
   -0.035828
   -0.028644
    0.001958
   -0.169048
   -0.030301
    0.000297
   -0.004835
   -0.028456
   -0.005795
   -0.001178
   -0.000711
   -0.004044
    0.060000
    0.084373
   -0.084945
   -0.366628
   -0.034415
   -0.028759
    0.001216
   -0.169188
   -0.029779
    0.000330
   -0.005019
   -0.028543
   -0.005667
   -0.001162
   -0.000753
   -0.004060
    0.060000
    0.085203
   -0.085523
   -0.367431
   -0.033020
   -0.028877
    0.000485
   -0.169325
   -0.029263
    0.000359
   -0.005200
   -0.028628
   -0.005541
   -0.001148
   -0.000794
   -0.004075
    0.060000
    0.086017
   -0.086080
   -0.368226
   -0.031658
   -0.028995
   -0.000226
   -0.169456
   -0.028758
    0.000383
   -0.005376
   -0.028710
   -0.005417
   -0.001135
   -0.000834
   -0.004089
    0.060000
    0.086818
   -0.086620
   -0.369014
   -0.030327
   -0.029114
   -0.000921
   -0.169584
   -0.028263
    0.000403
   -0.005547
   -0.028790
   -0.005296
   -0.001123
   -0.000873
   -0.004103
    0.060000
    0.087616
   -0.087150
   -0.369806
   -0.029006
   -0.029234
   -0.001611
   -0.169709
   -0.027770
    0.000419
   -0.005717
   -0.028868
   -0.005176
   -0.001112
   -0.000912
   -0.004117
    0.060000
    0.088426
   -0.087680
   -0.370617
   -0.027665
   -0.029355
   -0.002312
   -0.169835
   -0.027267
    0.000432
   -0.005890
   -0.028947
   -0.005053
   -0.001101
   -0.000952
   -0.004130
    0.060000
    0.089267
   -0.088225
   -0.371470
   -0.026271
   -0.029479
   -0.003044
   -0.169967
   -0.026740
    0.000443
   -0.006070
   -0.029028
   -0.004925
   -0.001091
   -0.000994
   -0.004144
    0.060000
    0.090155
   -0.088792
   -0.372380
   -0.024793
   -0.029605
   -0.003827
   -0.170107
   -0.026176
    0.000451
   -0.006263
   -0.029114
   -0.004787
   -0.001081
   -0.001038
   -0.004159
    0.060000
    0.091097
   -0.089389
   -0.373360
   -0.023214
   -0.029732
   -0.004673
   -0.170257
   -0.025565
    0.000458
   -0.006472
   -0.029204
   -0.004640
   -0.001071
   -0.001086
   -0.004174
    0.060000
    0.092088
   -0.090011
   -0.374407
   -0.021533
   -0.029855
   -0.005585
   -0.170419
   -0.024904
    0.000463
   -0.006698
   -0.029298
   -0.004481
   -0.001060
   -0.001138
   -0.004190
    0.060000
    0.093112
   -0.090649
   -0.375508
   -0.019773
   -0.029970
   -0.006556
   -0.170592
   -0.024199
    0.000466
   -0.006939
   -0.029396
   -0.004312
   -0.001050
   -0.001193
   -0.004207
    0.060000
    0.094143
   -0.091288
   -0.376636
   -0.017971
   -0.030070
   -0.007568
   -0.170773
   -0.023464
    0.000468
   -0.007191
   -0.029494
   -0.004137
   -0.001040
   -0.001251
   -0.004223
    0.060000
    0.095153
   -0.091910
   -0.377762
   -0.016173
   -0.030151
   -0.008595
   -0.170957
   -0.022715
    0.000468
   -0.007448
   -0.029590
   -0.003959
   -0.001030
   -0.001310
   -0.004240
    0.060000
    0.096121
   -0.092503
   -0.378861
   -0.014422
   -0.030213
   -0.009615
   -0.171140
   -0.021971
    0.000467
   -0.007705
   -0.029682
   -0.003784
   -0.001021
   -0.001368
   -0.004255
    0.060000
    0.097036
   -0.093060
   -0.379918
   -0.012738
   -0.030258
   -0.010612
   -0.171319
   -0.021241
    0.000465
   -0.007957
   -0.029769
   -0.003613
   -0.001013
   -0.001425
   -0.004270
    0.060000
    0.097902
   -0.093584
   -0.380934
   -0.011121
   -0.030287
   -0.011584
   -0.171495
   -0.020528
    0.000462
   -0.008204
   -0.029850
   -0.003446
   -0.001006
   -0.001481
   -0.004284
    0.060000
    0.098734
   -0.094084
   -0.381926
   -0.009545
   -0.030303
   -0.012545
   -0.171670
   -0.019822
    0.000457
   -0.008450
   -0.029928
   -0.003281
   -0.000999
   -0.001536
   -0.004297
    0.060000
    0.099552
   -0.094572
   -0.382918
   -0.007971
   -0.030307
   -0.013519
   -0.171847
   -0.019104
    0.000451
   -0.008700
   -0.030005
   -0.003115
   -0.000994
   -0.001592
   -0.004309
    0.060000
    0.100380
   -0.095064
   -0.383937
   -0.006351
   -0.030296
   -0.014535
   -0.172033
   -0.018353
    0.000444
   -0.008963
   -0.030082
   -0.002941
   -0.000988
   -0.001651
   -0.004322
    0.060000
    0.101234
   -0.095570
   -0.385007
   -0.004649
   -0.030270
   -0.015621
   -0.172233
   -0.017548
    0.000435
   -0.009246
   -0.030160
   -0.002755
   -0.000983
   -0.001714
   -0.004335
    0.060000
    0.102121
   -0.096093
   -0.386138
   -0.002846
   -0.030224
   -0.016791
   -0.172450
   -0.016679
    0.000426
   -0.009553
   -0.030242
   -0.002555
   -0.000979
   -0.001782
   -0.004348
    0.060000
    0.103035
   -0.096629
   -0.387325
   -0.000949
   -0.030157
   -0.018042
   -0.172683
   -0.015746
    0.000415
   -0.009885
   -0.030325
   -0.002341
   -0.000975
   -0.001856
   -0.004362
    0.060000
    0.103959
   -0.097169
   -0.388546
    0.001011
   -0.030069
   -0.019356
   -0.172929
   -0.014764
    0.000403
   -0.010236
   -0.030408
   -0.002116
   -0.000972
   -0.001933
   -0.004375
    0.060000
    0.104866
   -0.097697
   -0.389771
    0.002979
   -0.029962
   -0.020698
   -0.173183
   -0.013757
    0.000389
   -0.010597
   -0.030489
   -0.001885
   -0.000971
   -0.002012
   -0.004387
    0.060000
    0.105734
   -0.098199
   -0.390963
    0.004900
   -0.029840
   -0.022028
   -0.173435
   -0.012756
    0.000375
   -0.010958
   -0.030566
   -0.001657
   -0.000970
   -0.002091
   -0.004399
    0.060000
    0.106543
   -0.098664
   -0.392094
    0.006726
   -0.029710
   -0.023309
   -0.173680
   -0.011788
    0.000359
   -0.011309
   -0.030636
   -0.001436
   -0.000971
   -0.002168
   -0.004409
    0.060000
    0.107287
   -0.099087
   -0.393150
    0.008430
   -0.029577
   -0.024519
   -0.173912
   -0.010870
    0.000343
   -0.011643
   -0.030699
   -0.001226
   -0.000973
   -0.002241
   -0.004418
    0.060000
    0.107971
   -0.099471
   -0.394134
    0.010014
   -0.029446
   -0.025653
   -0.174131
   -0.010006
    0.000327
   -0.011958
   -0.030756
   -0.001029
   -0.000976
   -0.002310
   -0.004426
    0.060000
    0.108609
   -0.099823
   -0.395062
    0.011500
   -0.029318
   -0.026724
   -0.174339
   -0.009186
    0.000308
   -0.012257
   -0.030808
   -0.000842
   -0.000980
   -0.002375
   -0.004432
    0.060000
    0.109221
   -0.100153
   -0.395958
    0.012926
   -0.029193
   -0.027757
   -0.174540
   -0.008392
    0.000289
   -0.012547
   -0.030857
   -0.000661
   -0.000985
   -0.002438
   -0.004438
    0.060000
    0.109824
   -0.100471
   -0.396848
    0.014328
   -0.029070
   -0.028775
   -0.174740
   -0.007606
    0.000266
   -0.012835
   -0.030904
   -0.000481
   -0.000992
   -0.002500
   -0.004444
    0.060000
    0.110432
   -0.100782
   -0.397749
    0.015731
   -0.028947
   -0.029794
   -0.174941
   -0.006814
    0.000241
   -0.013123
   -0.030950
   -0.000300
   -0.000999
   -0.002563
   -0.004449
    0.060000
    0.111050
   -0.101085
   -0.398664
    0.017132
   -0.028830
   -0.030808
   -0.175143
   -0.006021
    0.000211
   -0.013412
   -0.030996
   -0.000118
   -0.001009
   -0.002626
   -0.004454
    0.060000
    0.111672
   -0.101375
   -0.399584
    0.018503
   -0.028724
   -0.031791
   -0.175340
   -0.005246
    0.000177
   -0.013692
   -0.031041
    0.000060
   -0.001019
   -0.002688
   -0.004458
    0.060000
    0.112288
   -0.101643
   -0.400483
    0.019797
   -0.028641
   -0.032703
   -0.175525
   -0.004520
    0.000138
   -0.013952
   -0.031085
    0.000228
   -0.001031
   -0.002745
   -0.004462
    0.060000
    0.112880
   -0.101877
   -0.401333
    0.020961
   -0.028590
   -0.033500
   -0.175689
   -0.003877
    0.000094
   -0.014178
   -0.031126
    0.000377
   -0.001043
   -0.002795
   -0.004466
    0.060000
    0.113435
   -0.102072
   -0.402110
    0.021953
   -0.028577
   -0.034147
   -0.175824
   -0.003344
    0.000047
   -0.014359
   -0.031163
    0.000501
   -0.001055
   -0.002836
   -0.004469
    0.060000
    0.113944
   -0.102225
   -0.402797
    0.022753
   -0.028605
   -0.034628
   -0.175927
   -0.002936
   -0.000002
   -0.014491
   -0.031197
    0.000598
   -0.001067
   -0.002866
   -0.004472
    0.060000
    0.114405
   -0.102337
   -0.403392
    0.023361
   -0.028673
   -0.034943
   -0.175998
   -0.002654
   -0.000054
   -0.014573
   -0.031227
    0.000666
   -0.001079
   -0.002886
   -0.004475
    0.060000
    0.114823
   -0.102413
   -0.403902
    0.023790
   -0.028781
   -0.035102
   -0.176037
   -0.002490
   -0.000107
   -0.014608
   -0.031254
    0.000707
   -0.001090
   -0.002896
   -0.004478
    0.060000
    0.115208
   -0.102457
   -0.404339
    0.024061
   -0.028928
   -0.035119
   -0.176047
   -0.002434
   -0.000163
   -0.014599
   -0.031278
    0.000723
   -0.001100
   -0.002897
   -0.004480
    0.060000
    0.115571
   -0.102472
   -0.404717
    0.024184
   -0.029117
   -0.034998
   -0.176027
   -0.002483
   -0.000223
   -0.014547
   -0.031301
    0.000717
   -0.001110
   -0.002890
   -0.004483
    0.060000
    0.115922
   -0.102458
   -0.405045
    0.024163
   -0.029358
   -0.034732
   -0.175977
   -0.002639
   -0.000290
   -0.014450
   -0.031321
    0.000686
   -0.001120
   -0.002872
   -0.004486
    0.060000
    0.116269
   -0.102414
   -0.405326
    0.023985
   -0.029659
   -0.034305
   -0.175890
   -0.002915
   -0.000365
   -0.014302
   -0.031340
    0.000628
   -0.001131
   -0.002845
   -0.004489
    0.060000
    0.116611
   -0.102334
   -0.405553
    0.023630
   -0.030032
   -0.033695
   -0.175761
   -0.003327
   -0.000453
   -0.014096
   -0.031357
    0.000541
   -0.001143
   -0.002806
   -0.004492
    0.060000
    0.116943
   -0.102214
   -0.405714
    0.023078
   -0.030483
   -0.032885
   -0.175584
   -0.003889
   -0.000553
   -0.013827
   -0.031370
    0.000420
   -0.001156
   -0.002754
   -0.004494
    0.060000
    0.117252
   -0.102055
   -0.405796
    0.022325
   -0.031010
   -0.031878
   -0.175357
   -0.004598
   -0.000666
   -0.013496
   -0.031378
    0.000267
   -0.001171
   -0.002689
   -0.004496
    0.060000
    0.117527
   -0.101859
   -0.405790
    0.021389
   -0.031599
   -0.030700
   -0.175084
   -0.005436
   -0.000790
   -0.013113
   -0.031379
    0.000085
   -0.001187
   -0.002615
   -0.004496
    0.060000
    0.117757
   -0.101633
   -0.405698
    0.020305
   -0.032230
   -0.029397
   -0.174775
   -0.006369
   -0.000921
   -0.012694
   -0.031373
   -0.000118
   -0.001205
   -0.002532
   -0.004495
    0.060000
    0.117936
   -0.101385
   -0.405525
    0.019122
   -0.032880
   -0.028025
   -0.174442
   -0.007358
   -0.001055
   -0.012255
   -0.031360
   -0.000333
   -0.001225
   -0.002446
   -0.004493
    0.060000
    0.118063
   -0.101125
   -0.405285
    0.017880
   -0.033531
   -0.026625
   -0.174094
   -0.008370
   -0.001189
   -0.011811
   -0.031340
   -0.000552
   -0.001245
   -0.002359
   -0.004489
    0.060000
    0.118142
   -0.100856
   -0.404986
    0.016602
   -0.034174
   -0.025222
   -0.173739
   -0.009388
   -0.001322
   -0.011370
   -0.031314
   -0.000773
   -0.001267
   -0.002272
   -0.004484
    0.060000
    0.118177
   -0.100578
   -0.404634
    0.015287
   -0.034813
   -0.023810
   -0.173376
   -0.010413
   -0.001455
   -0.010929
   -0.031282
   -0.000994
   -0.001289
   -0.002186
   -0.004477
    0.060000
    0.118170
   -0.100286
   -0.404224
    0.013915
   -0.035457
   -0.022368
   -0.172999
   -0.011462
   -0.001590
   -0.010483
   -0.031244
   -0.001220
   -0.001313
   -0.002098
   -0.004469
    0.060000
    0.118120
   -0.099972
   -0.403745
    0.012452
   -0.036121
   -0.020862
   -0.172601
   -0.012558
   -0.001730
   -0.010022
   -0.031198
   -0.001456
   -0.001340
   -0.002008
   -0.004458
    0.060000
    0.118020
   -0.099630
   -0.403184
    0.010868
   -0.036817
   -0.019264
   -0.172173
   -0.013720
   -0.001877
   -0.009538
   -0.031143
   -0.001705
   -0.001370
   -0.001913
   -0.004446
    0.060000
    0.117865
   -0.099253
   -0.402530
    0.009145
   -0.037547
   -0.017562
   -0.171714
   -0.014958
   -0.002033
   -0.009027
   -0.031078
   -0.001969
   -0.001403
   -0.001814
   -0.004431
    0.060000
    0.117648
   -0.098844
   -0.401781
    0.007291
   -0.038304
   -0.015767
   -0.171226
   -0.016262
   -0.002196
   -0.008496
   -0.031002
   -0.002247
   -0.001440
   -0.001710
   -0.004414
    0.060000
    0.117369
   -0.098409
   -0.400948
    0.005341
   -0.039069
   -0.013920
   -0.170721
   -0.017602
   -0.002361
   -0.007957
   -0.030917
   -0.002531
   -0.001480
   -0.001605
   -0.004394
    0.060000
    0.117031
   -0.097959
   -0.400052
    0.003350
   -0.039815
   -0.012076
   -0.170216
   -0.018939
   -0.002524
   -0.007425
   -0.030825
   -0.002813
   -0.001521
   -0.001501
   -0.004373
    0.060000
    0.116645
   -0.097507
   -0.399121
    0.001377
   -0.040520
   -0.010291
   -0.169727
   -0.020229
   -0.002678
   -0.006919
   -0.030728
   -0.003084
   -0.001562
   -0.001403
   -0.004350
    0.060000
    0.116223
   -0.097066
   -0.398182
   -0.000527
   -0.041163
   -0.008608
   -0.169267
   -0.021444
   -0.002820
   -0.006450
   -0.030631
   -0.003338
   -0.001603
   -0.001311
   -0.004327
    0.060000
    0.115775
   -0.096641
   -0.397254
   -0.002337
   -0.041739
   -0.007046
   -0.168844
   -0.022569
   -0.002946
   -0.006021
   -0.030535
   -0.003573
   -0.001641
   -0.001228
   -0.004305
    0.060000
    0.115310
   -0.096233
   -0.396342
   -0.004053
   -0.042251
   -0.005601
   -0.168456
   -0.023607
   -0.003059
   -0.005632
   -0.030441
   -0.003789
   -0.001677
   -0.001152
   -0.004283
    0.060000
    0.114824
   -0.095836
   -0.395438
   -0.005699
   -0.042708
   -0.004247
   -0.168096
   -0.024577
   -0.003159
   -0.005273
   -0.030349
   -0.003990
   -0.001712
   -0.001081
   -0.004261
    0.060000
    0.114311
   -0.095441
   -0.394525
   -0.007315
   -0.043124
   -0.002950
   -0.167757
   -0.025506
   -0.003250
   -0.004935
   -0.030256
   -0.004183
   -0.001745
   -0.001015
   -0.004239
    0.060000
    0.113757
   -0.095038
   -0.393580
   -0.008945
   -0.043510
   -0.001674
   -0.167428
   -0.026417
   -0.003334
   -0.004608
   -0.030160
   -0.004372
   -0.001778
   -0.000950
   -0.004217
    0.060000
    0.113149
   -0.094617
   -0.392582
   -0.010622
   -0.043871
   -0.000394
   -0.167106
   -0.027328
   -0.003412
   -0.004286
   -0.030060
   -0.004561
   -0.001812
   -0.000886
   -0.004194
    0.060000
    0.112479
   -0.094172
   -0.391521
   -0.012365
   -0.044207
    0.000902
   -0.166786
   -0.028249
   -0.003485
   -0.003967
   -0.029955
   -0.004752
   -0.001845
   -0.000822
   -0.004170
    0.060000
    0.111741
   -0.093703
   -0.390394
   -0.014173
   -0.044513
    0.002209
   -0.166472
   -0.029175
   -0.003550
   -0.003652
   -0.029844
   -0.004944
   -0.001879
   -0.000758
   -0.004145
    0.060000
    0.110944
   -0.093214
   -0.389216
   -0.016024
   -0.044781
    0.003506
   -0.166170
   -0.030092
   -0.003608
   -0.003345
   -0.029728
   -0.005135
   -0.001913
   -0.000696
   -0.004119
