    0.965625
    0.221813
    4.061537
    0.229946
    4.056132
    0.237776
    4.050721
    0.245233
    4.045379
    0.252882
    4.039726
    0.261574
    4.033105
    0.271651
    4.025215
    0.282491
    4.016544
    0.292954
    4.008067
    0.302307
    4.000458
    0.310700
    3.993646
    0.318784
    3.987100
    0.326978
    3.980446
    0.335209
    3.973724
    0.343321
    3.967076
    0.351594
    3.960315
    0.360686
    3.952919
    0.370975
    3.944541
    0.382012
    3.935467
    0.392777
    3.926484
    0.402547
    3.918188
    0.411516
    3.910438
    0.420547
    3.902502
    0.430387
    3.893715
    0.441104
    3.884007
    0.452197
    3.873853
    0.463156
    3.863774
    0.473978
    3.853819
    0.485169
    3.843516
    0.497199
    3.832389
    0.509967
    3.820506
    0.523054
    3.808260
    0.536701
    3.795445
    0.552256
    3.780813
    0.571100
    3.763101
    0.592898
    3.742685
    0.615234
    3.721892
    0.635344
    3.703334
    0.652187
    3.687959
    0.666723
    3.674851
    0.680388
    3.662667
    0.693704
    3.650916
    0.706353
    3.639872
    0.718137
    3.629717
    0.729461
    3.620125
    0.740934
    3.610607
    0.752705
    3.601027
    0.764292
    3.591735
    0.775031
    3.583212
    0.784748
    3.575561
    0.794060
    3.568281
    0.803942
    3.560613
    0.814869
    3.552211
    0.826359
    3.543490
    0.837402
    3.535269
    0.847365
    3.528049
    0.856446
    3.521682
    0.865297
    3.515670
    0.874306
    3.509713
    0.883355
    3.503868
    0.892282
    3.498242
    0.901460
    3.492637
    0.911713
    3.486615
    0.923485
    3.479963
    0.936147
    3.473032
    0.948305
    3.466532
    0.958911
    3.460952
    0.968033
    3.456193
    0.976538
    3.451766
    0.985164
    3.447265
    0.994000
    3.442628
    1.002726
    3.438038
    1.011131
    3.433660
    1.019356
    3.429472
    1.027734
    3.425304
    1.036453
    3.421010
    1.045331
    3.416633
    1.054039
    3.412324
    1.062660
    3.408050
    1.071970
    3.403448
    1.082879
    3.398114
    1.095427
    3.392100
    1.108465
    3.386028
    1.120508
    3.380639
    1.130902
    3.376223
    1.140103
    3.372538
    1.148931
    3.369190
    1.157744
    3.366003
    1.166384
    3.363025
    1.174747
    3.360304
    1.183202
    3.357762
    1.192340
    3.355266
    1.202349
    3.352774
    1.212686
    3.350381
    1.222492
    3.348226
    1.231363
    3.346349
    1.239731
    3.344640
    1.248466
    3.342916
    1.258117
    3.341079
    1.268507
    3.339205
    1.279002
    3.337468
    1.289142
    3.335991
    1.299062
    3.334761
    1.309315
    3.333688
    1.320262
    3.332711
    1.331707
    3.331832
    1.343360
    3.331075
    1.355707
    3.330438
    1.370059
    3.329920
    1.387307
    3.329557
    1.406594
    3.329392
    1.425564
    3.329415
    1.442157
    3.329558
    1.456073
    3.329741
    1.468448
    3.329926
    1.480394
    3.330100
    1.492108
    3.330245
    1.503247
    3.330351
    1.513722
    3.330444
    1.523932
    3.330573
    1.534337
    3.330754
    1.544970
    3.330940
    1.555386
    3.331068
    1.565092
    3.331111
    1.574133
    3.331077
    1.583270
    3.330965
    1.593427
    3.330753
    1.604827
    3.330436
    1.616693
    3.330066
    1.627884
    3.329729
    1.637848
    3.329491
    1.646938
    3.329365
    1.655850
    3.329316
    1.664897
    3.329305
    1.673909
    3.329314
    1.682797
    3.329364
    1.692032
    3.329498
    1.702371
    3.329745
    1.714046
    3.330090
    1.726293
    3.330458
    1.737870
    3.330765
    1.748081
    3.330969
    1.757292
    3.331080
    1.766451
    3.331114
    1.776214
    3.331065
    1.786529
    3.330928
    1.796927
    3.330740
    1.807087
    3.330565
    1.817161
    3.330443
    1.827620
    3.330350
    1.838746
    3.330238
    1.850318
    3.330090
    1.861992
    3.329919
    1.874139
    3.329734
    1.888042
    3.329548
    1.904809
    3.329406
    1.923942
    3.329393
    1.943271
    3.329573
    1.960575
    3.329944
    1.975242
    3.330463
    1.988248
    3.331106
    2.000768
    3.331874
    2.013103
    3.332760
    2.024928
    3.333736
    2.036167
    3.334806
    2.047342
    3.336048
    2.059067
    3.337551
    2.071376
    3.339309
    2.083600
    3.341181
    2.094953
    3.342997
    2.105302
    3.344706
    2.115400
    3.346421
    2.126288
    3.348323
    2.138384
    3.350505
    2.151122
    3.352906
    2.163509
    3.355387
    2.175029
    3.357870
    2.186023
    3.360418
    2.197207
    3.363168
    2.208902
    3.366172
    2.220859
    3.369352
    2.232936
    3.372676
    2.245850
    3.376374
    2.260896
    3.380870
    2.278608
    3.386357
    2.297776
    3.392457
    2.316117
    3.398405
    2.332077
    3.403646
    2.345889
    3.408215
    2.358878
    3.412521
    2.372006
    3.416866
    2.385253
    3.421238
    2.398173
    3.425500
    2.410654
    3.429650
    2.423089
    3.433853
    2.435964
    3.438266
    2.449353
    3.442879
    2.462796
    3.447503
    2.475798
    3.451961
    2.488655
    3.456363
    2.502664
    3.461166
    2.519139
    3.466846
    2.538002
    3.473422
    2.557529
    3.480338
    2.575695
    3.486907
    2.591776
    3.492865
    2.606580
    3.498482
    2.621268
    3.504163
    2.636214
    3.510033
    2.651087
    3.515956
    2.665848
    3.521930
    2.681364
    3.528331
    2.698783
    3.535658
    2.718254
    3.543975
    2.738440
    3.552689
    2.757538
    3.560991
    2.774879
    3.568569
    2.791482
    3.575855
    2.809056
    3.583599
    2.828530
    3.592217
    2.849465
    3.601536
    2.870705
    3.611072
    2.891562
    3.620537
    2.912500
    3.630143
    2.934651
    3.640399
    2.958546
    3.651541
    2.983566
    3.663273
    3.009199
    3.675357
    3.036873
    3.688481
    3.069625
    3.704116
    3.108992
    3.723016
    3.152333
    3.743917
    3.194057
    3.764099
    3.229905
    3.781467
    3.259771
    3.795943
    3.286369
    3.808824
    3.311885
    3.821157
    3.336456
    3.832999
    3.359370
    3.844005
    3.380725
    3.854241
    3.401566
    3.864230
    3.422749
    3.874380
    3.444043
    3.884553
    3.464337
    3.894192
    3.482729
    3.902864
    3.499554
    3.910734
    3.516367
    3.918527
    3.534688
    3.926935
    3.554599
    3.935985
    3.574618
    3.945012
    3.593033
    3.953277
    3.609346
    3.960597
    3.624402
    3.967371
    3.639280
    3.974072
    3.654269
    3.980806
    3.669013
    3.987410
    3.683534
    3.993908
    3.698808
    4.000754
    3.716020
    4.008478
    3.735170
    4.017046
    3.754626
    4.025684
    3.772309
    4.033442
    3.787376
    4.039953
    3.800660
    4.045596
    3.813591
    4.050988
    3.826905
    4.056421
    3.840379
    4.061793
    3.853482
    4.066918
    3.866056
    4.071781
    3.878460
    4.076548
    3.891197
    4.081387
    3.904373
    4.086294
    3.917571
    4.091088
    3.930457
    4.095647
    3.943609
    4.100182
    3.958417
    4.105158
    3.975782
    4.110845
    3.994870
    4.116952
    4.013481
    4.122797
    4.029783
    4.127869
    4.043609
    4.132174
    4.056061
    4.136072
    4.068151
    4.139862
    4.080028
    4.143585
    4.091402
    4.147161
    4.102360
    4.150648
    4.113555
    4.154282
    4.125590
    4.158271
    4.138310
    4.162537
    4.150816
    4.166731
    4.162247
    4.170528
    4.172588
    4.173923
    4.182706
    4.177208
    4.193583
    4.180692
    4.205486
    4.184457
    4.217841
    4.188346
    4.229839
    4.192156
    4.241192
    4.195830
    4.252334
    4.199509
    4.263905
    4.203382
    4.276056
    4.207467
    4.288425
    4.211623
    4.300960
    4.215833
    4.314587
    4.220428
    4.330626
    4.225848
    4.349261
    4.232100
    4.368809
    4.238551
    4.386829
    4.244363
    4.402019
    4.249126
    4.414907
    4.253040
    4.426826
    4.256527
    4.438535
    4.259808
    4.449915
    4.262844
    4.460649
    4.265577
    4.470839
    4.268086
    4.480941
    4.270523
    4.491283
    4.272951
    4.501726
    4.275279
    4.511783
    4.277356
    4.521141
    4.279125
    4.530167
    4.280678
    4.539808
    4.282168
    4.550799
    4.283668
    4.562891
    4.285122
    4.574956
    4.286422
    4.585924
    4.287523
    4.595613
    4.288474
    4.604639
    4.289361
    4.613635
    4.290225
    4.622702
    4.291047
    4.631619
    4.291805
    4.640487
    4.292539
    4.649938
    4.293332
    4.660590
    4.294212
    4.672290
    4.295093
    4.684040
    4.295832
    4.694784
    4.296338
    4.704301
    4.296622
    4.713295
    4.296731
    4.722677
    4.296677
    4.732811
    4.296434
    4.743390
    4.296005
    4.753888
    4.295451
    4.764117
    4.294839
    4.774403
    4.294169
    4.785242
    4.293368
    4.796740
    4.292368
    4.808536
    4.291182
    4.820484
    4.289832
    4.833395
    4.288225
    4.848648
    4.286153
    4.866718
    4.283512
    4.886188
    4.280501
    4.904574
    4.277551
    4.920254
    4.274995
    4.933459
    4.272856
    4.945455
    4.270943
    4.957092
    4.269104
    4.968321
    4.267343
    4.978851
    4.265729
    4.988844
    4.264277
    4.998856
    4.262938
    5.009255
    4.261670
    5.019806
    4.260466
    5.029860
    4.259350
    5.038973
    4.258334
    5.047392
    4.257384
    5.055947
    4.256409
    5.065346
    4.255331
    5.075544
    4.254170
    5.085790
    4.253060
    5.095329
    4.252144
    5.104043
    4.251464
    5.112419
    4.250967
    5.120963
    4.250582
    5.129725
    4.250279
    5.138477
    4.250056
    5.147332
    4.249931
    5.157026
    4.249938
    5.168325
    4.250116
    5.181083
    4.250449
    5.194043
    4.250856
    5.205764
    4.251237
    5.215754
    4.251541
    5.224638
    4.251770
    5.233323
    4.251933
    5.242177
    4.252015
    5.250994
    4.252016
    5.259502
    4.251975
    5.267748
    4.251955
    5.276047
    4.251982
    5.284657
    4.252022
    5.293500
    4.252013
    5.302221
    4.251924
    5.310659
    4.251762
    5.319314
    4.251532
    5.329144
    4.251221
    5.340671
    4.250831
    5.353280
    4.250423
    5.365581
    4.250100
    5.376527
    4.249936
    5.386143
    4.249937
    5.395179
    4.250067
    5.404223
    4.250293
    5.413275
    4.250598
    5.422127
    4.250983
    5.430970
    4.251484
    5.440447
    4.252180
    5.451042
    4.253118
    5.462461
    4.254238
    5.473741
    4.255389
    5.484074
    4.256451
    5.493530
    4.257419
    5.502962
    4.258377
    5.513221
    4.259404
    5.524477
    4.260527
    5.536213
    4.261731
    5.547794
    4.262997
    5.559094
    4.264336
    5.570596
    4.265801
    5.582867
    4.267433
    5.595914
    4.269200
    5.609304
    4.271026
    5.623124
    4.272928
    5.638595
    4.275089
    5.657180
    4.277697
    5.678800
    4.280682
    5.701217
    4.283672
    5.721582
    4.286259
    5.738603
    4.288289
    5.753074
    4.289890
    5.766482
    4.291248
    5.779509
    4.292428
    5.791917
    4.293408
    5.803441
    4.294195
    5.814369
    4.294865
    5.825272
    4.295483
    5.836390
    4.296036
    5.847387
    4.296451
    5.857666
    4.296678
    5.866988
    4.296726
    5.875849
    4.296616
    5.885185
    4.296324
    5.895562
    4.295798
    5.906612
    4.295041
    5.917333
    4.294159
    5.926967
    4.293293
    5.935570
    4.292512
    5.943751
    4.291775
    5.951970
    4.291006
    5.960201
    4.290178
    5.968261
    4.289317
    5.976371
    4.288435
    5.985198
    4.287480
    5.995212
    4.286363
    6.006040
    4.285045
    6.016589
    4.283586
    6.025920
    4.282097
    6.033983
    4.280618
    6.041488
    4.279058
    6.049158
    4.277261
    6.057174
    4.275156
    6.065260
    4.272821
    6.073119
    4.270405
    6.080759
    4.267981
    6.088474
    4.265462
    6.096541
    4.262696
    6.104910
    4.259633
    6.113283
    4.256361
    6.121646
    4.252898
    6.130667
    4.248962
    6.141280
    4.244105
    6.153666
    4.238191
    6.166760
    4.231724
    6.178964
    4.225556
    6.189404
    4.220234
    6.198394
    4.215667
    6.206782
    4.211423
    6.215037
    4.207241
    6.223060
    4.203176
    6.230687
    4.199341
    6.238134
    4.195674
    6.245876
    4.191980
    6.254142
    4.188142
    6.262617
    4.184246
    6.270679
    4.180509
    6.277974
    4.177066
    6.284780
    4.173797
    6.291793
    4.170369
    6.299525
    4.166515
    6.307881
    4.162294
    6.316289
    4.158053
    6.324253
    4.154113
    6.331780
    4.150504
    6.339298
    4.147000
    6.347168
    4.143390
    6.355331
    4.139661
    6.363563
    4.135897
    6.372083
    4.132017
    6.381713
    4.127670
    6.393151
    4.122507
    6.406031
    4.116598
    6.418921
    4.110518
    6.430394
    4.104918
    6.440096
    4.100004
    6.448727
    4.095459
    6.457127
    4.090852
    6.465556
    4.086031
    6.473781
    4.081135
    6.481613
    4.076328
    6.489219
    4.071583
    6.496957
    4.066707
