    0.340000
    0.221485
    3.919744
    0.311508
    3.901715
    0.401818
    3.883090
    0.492471
    3.864096
    0.583509
    3.844979
    0.674961
    3.826002
    0.766846
    3.807435
    0.859180
    3.789548
    0.951978
    3.772599
    1.045264
    3.756820
    1.139070
    3.742417
    1.233439
    3.729561
    1.328421
    3.718395
    1.424074
    3.709025
    1.520457
    3.701531
    1.617634
    3.695968
    1.715667
    3.692370
    1.814617
    3.690758
    1.914548
    3.691140
    2.015514
    3.693514
    2.117565
    3.697868
    2.220738
    3.704177
    2.325055
    3.712397
    2.430513
    3.722466
    2.537081
    3.734294
    2.644696
    3.747761
    2.753251
    3.762714
    2.862600
    3.778967
    2.972556
    3.796305
    3.082894
    3.814483
    3.193368
    3.833240
    3.303722
    3.852303
    3.413708
    3.871402
    3.523102
    3.890281
    3.631711
    3.908699
    3.739388
    3.926445
    3.846025
    3.943336
    3.951553
    3.959218
    4.055942
    3.973968
    4.159187
    3.987490
    4.261307
    3.999717
    4.362340
    4.010608
    4.462333
    4.020146
    4.561344
    4.028336
    4.659432
    4.035204
    4.756661
    4.040789
    4.853092
    4.045137
    4.948788
    4.048296
    5.043811
    4.050306
    5.138217
    4.051198
    5.232057
    4.050987
    5.325374
    4.049669
    5.418203
    4.047223
    5.510565
    4.043614
    5.602478
    4.038798
    5.693957
    4.032727
    5.785020
    4.025356
    5.875696
    4.016651
    5.966024
    4.006595
    6.056062
    3.995189
    6.145881
    3.982458
    6.235561
    3.968456
    6.325191
    3.953262
    6.414864
    3.936980
