    0.026616
    0.381935
    0.057322
    0.381921
    0.087995
    0.381898
    0.118620
    0.381865
    0.149182
    0.381822
    0.179667
    0.381770
    0.210060
    0.381708
    0.240350
    0.381637
    0.270524
    0.381556
    0.300570
    0.381467
    0.330480
    0.381368
    0.360244
    0.381261
    0.389855
    0.381146
    0.419305
    0.381022
    0.448590
    0.380891
    0.477703
    0.380751
    0.506640
    0.380605
    0.535398
    0.380451
    0.563972
    0.380290
    0.592361
    0.380123
    0.620561
    0.379949
    0.648572
    0.379770
    0.676392
    0.379585
    0.704021
    0.379395
    0.731458
    0.379201
    0.758704
    0.379002
    0.785762
    0.378799
    0.812631
    0.378593
    0.839315
    0.378384
    0.865818
    0.378171
    0.892142
    0.377957
    0.918293
    0.377740
    0.944275
    0.377521
    0.970095
    0.377301
    0.995757
    0.377080
    1.021268
    0.376858
    1.046635
    0.376635
    1.071864
    0.376411
    1.096962
    0.376186
    1.121935
    0.375961
    1.146792
    0.375736
    1.171537
    0.375510
    1.196178
    0.375283
    1.220721
    0.375056
    1.245172
    0.374828
    1.269537
    0.374600
    1.293822
    0.374371
    1.318033
    0.374140
    1.342175
    0.373908
    1.366254
    0.373675
    1.390276
    0.373441
    1.414245
    0.373204
    1.438169
    0.372965
    1.462051
    0.372724
    1.485897
    0.372480
    1.509711
    0.372233
    1.533499
    0.371982
    1.557266
    0.371727
    1.581016
    0.371467
    1.604752
    0.371202
    1.628478
    0.370932
    1.652197
    0.370655
    1.675911
    0.370372
    1.699623
    0.370082
    1.723334
    0.369783
    1.747044
    0.369477
    1.770756
    0.369161
    1.794468
    0.368836
    1.818180
    0.368501
    1.841891
    0.368155
    1.865600
    0.367798
    1.889305
    0.367430
    1.913005
    0.367051
    1.936698
    0.366659
    1.960383
    0.366255
    1.984058
    0.365839
    2.007721
    0.365410
    2.031371
    0.364968
    2.055005
    0.364515
    2.078622
    0.364049
    2.102219
    0.363571
    2.125795
    0.363081
    2.149348
    0.362580
    2.172876
    0.362068
    2.196374
    0.361546
    2.219841
    0.361015
    2.243272
    0.360474
    2.266663
    0.359926
    2.290011
    0.359372
    2.313310
    0.358811
    2.336555
    0.358245
    2.359742
    0.357676
    2.382865
    0.357104
    2.405919
    0.356532
    2.428898
    0.355959
    2.451798
    0.355388
    2.474614
    0.354820
    2.497342
    0.354256
    2.519978
    0.353697
    2.542520
    0.353145
    2.564965
    0.352602
    2.587311
    0.352067
    2.609557
    0.351543
    2.631702
    0.351030
    2.653745
    0.350530
    2.675689
    0.350044
    2.697534
    0.349573
    2.719282
    0.349117
    2.740934
    0.348677
    2.762494
    0.348255
    2.783963
    0.347851
    2.805344
    0.347466
    2.826640
    0.347100
    2.847856
    0.346754
    2.868996
    0.346430
    2.890061
    0.346126
    2.911057
    0.345845
    2.931988
    0.345585
    2.952858
    0.345349
    2.973672
    0.345136
    2.994435
    0.344947
    3.015153
    0.344782
    3.035830
    0.344641
    3.056474
    0.344525
    3.077090
    0.344434
    3.097685
    0.344367
    3.118264
    0.344326
    3.138835
    0.344310
    3.159405
    0.344320
    3.179981
    0.344355
    3.200570
    0.344414
    3.221179
    0.344499
    3.241815
    0.344609
    3.262483
    0.344743
    3.283189
    0.344902
    3.303940
    0.345084
    3.324739
    0.345291
    3.345593
    0.345521
    3.366507
    0.345774
    3.387485
    0.346050
    3.408531
    0.346348
    3.429650
    0.346667
    3.450845
    0.347007
    3.472120
    0.347367
    3.493478
    0.347748
    3.514922
    0.348147
    3.536457
    0.348565
    3.558083
    0.349000
    3.579805
    0.349451
    3.601623
    0.349919
    3.623540
    0.350401
    3.645557
    0.350898
    3.667674
    0.351407
    3.689892
    0.351928
    3.712210
    0.352460
    3.734628
    0.353002
    3.757144
    0.353552
    3.779756
    0.354109
    3.802460
    0.354671
    3.825253
    0.355239
    3.848130
    0.355809
    3.871089
    0.356382
    3.894123
    0.356954
    3.917227
    0.357526
    3.940397
    0.358096
    3.963627
    0.358663
    3.986911
    0.359225
    4.010246
    0.359782
    4.033626
    0.360332
    4.057046
    0.360874
    4.080503
    0.361408
    4.103993
    0.361932
    4.127512
    0.362447
    4.151059
    0.362950
    4.174629
    0.363443
    4.198222
    0.363924
    4.221834
    0.364393
    4.245464
    0.364850
    4.269110
    0.365295
    4.292770
    0.365727
    4.316442
    0.366147
    4.340125
    0.366554
    4.363816
    0.366949
    4.387515
    0.367332
    4.411220
    0.367703
    4.434929
    0.368062
    4.458639
    0.368411
    4.482352
    0.368748
    4.506064
    0.369076
    4.529777
    0.369394
    4.553490
    0.369703
    4.577203
    0.370003
    4.600917
    0.370296
    4.624633
    0.370581
    4.648352
    0.370859
    4.672076
    0.371131
    4.695810
    0.371397
    4.719556
    0.371658
    4.743318
    0.371914
    4.767101
    0.372166
    4.790910
    0.372414
    4.814747
    0.372659
    4.838620
    0.372901
    4.862532
    0.373140
    4.886489
    0.373377
    4.910497
    0.373612
    4.934561
    0.373845
    4.958687
    0.374077
    4.982881
    0.374308
    5.007146
    0.374537
    5.031490
    0.374766
    5.055917
    0.374994
    5.080435
    0.375221
    5.105049
    0.375448
    5.129767
    0.375674
    5.154593
    0.375899
    5.179535
    0.376124
    5.204599
    0.376349
    5.229793
    0.376573
    5.255122
    0.376796
    5.280594
    0.377019
    5.306215
    0.377240
    5.331992
    0.377461
    5.357931
    0.377680
    5.384037
    0.377897
    5.410315
    0.378112
    5.436770
    0.378325
    5.463405
    0.378535
    5.490225
    0.378742
    5.517231
    0.378946
    5.544427
    0.379146
    5.571813
    0.379342
    5.599390
    0.379533
    5.627159
    0.379719
    5.655119
    0.379900
    5.683269
    0.380075
    5.711607
    0.380244
    5.740132
    0.380407
    5.768841
    0.380563
    5.797731
    0.380712
    5.826798
    0.380853
    5.856037
    0.380987
    5.885444
    0.381113
    5.915013
    0.381231
    5.944737
    0.381340
    5.974609
    0.381441
    6.004620
    0.381533
    6.034761
    0.381616
    6.065021
    0.381689
    6.095388
    0.381754
    6.125851
    0.381809
    6.156394
    0.381855
    6.187005
    0.381890
    6.217666
    0.381916
    6.248364
    0.381933
    6.279081
    0.381939
