    4.678570
   -0.144273
    4.866845
   -0.122035
    4.863426
   -0.099716
    4.859904
   -0.077325
    4.856283
   -0.054874
    4.852568
   -0.032381
    4.848763
   -0.009868
    4.844874
    0.012649
    4.840906
    0.035155
    4.836865
    0.057640
    4.832752
    0.080087
    4.828574
    0.102475
    4.824336
    0.124787
    4.820043
    0.147009
    4.815698
    0.169133
    4.811305
    0.191151
    4.806867
    0.213050
    4.802386
    0.234816
    4.797868
    0.256442
    4.793314
    0.277924
    4.788725
    0.299263
    4.784103
    0.320456
    4.779449
    0.341499
    4.774765
    0.362390
    4.770051
    0.383135
    4.765307
    0.403741
    4.760532
    0.424216
    4.755724
    0.444564
    4.750885
    0.464791
    4.746013
    0.484906
    4.741107
    0.504926
    4.736164
    0.524865
    4.731182
    0.544736
    4.726158
    0.564549
    4.721093
    0.584317
    4.715982
    0.604059
    4.710825
    0.623796
    4.705616
    0.643546
    4.700355
    0.663322
    4.695039
    0.683139
    4.689667
    0.703016
    4.684236
    0.722974
    4.678744
    0.743035
    4.673189
    0.763214
    4.667569
    0.783525
    4.661886
    0.803983
    4.656139
    0.824608
    4.650327
    0.845419
    4.644450
    0.866434
    4.638508
    0.887661
    4.632506
    0.909111
    4.626446
    0.930795
    4.620331
    0.952730
    4.614165
    0.974928
    4.607951
    0.997394
    4.601696
    1.020130
    4.595408
    1.043139
    4.589095
    1.066425
    4.582765
    1.089993
    4.576424
    1.113844
    4.570084
    1.137968
    4.563756
    1.162357
    4.557453
    1.187005
    4.551185
    1.211906
    4.544964
    1.237052
    4.538802
    1.262425
    4.532714
    1.288006
    4.526712
    1.313778
    4.520810
    1.339726
    4.515020
    1.365837
    4.509351
    1.392089
    4.503818
    1.418455
    4.498431
    1.444910
    4.493201
    1.471435
    4.488138
    1.498016
    4.483247
    1.524633
    4.478536
    1.551262
    4.474012
    1.577878
    4.469681
    1.604460
    4.465546
    1.630998
    4.461609
    1.657479
    4.457871
    1.683889
    4.454333
    1.710211
    4.450996
    1.736432
    4.447857
    1.762544
    4.444915
    1.788546
    4.442167
    1.814437
    4.439608
    1.840211
    4.437237
    1.865862
    4.435049
    1.891394
    4.433039
    1.916815
    4.431203
    1.942134
    4.429537
    1.967357
    4.428035
    1.992488
    4.426694
    2.017537
    4.425511
    2.042520
    4.424480
    2.067455
    4.423598
    2.092358
    4.422863
    2.117241
    4.422271
    2.142117
    4.421821
    2.167006
    4.421510
    2.191932
    4.421338
    2.216916
    4.421304
    2.241976
    4.421407
    2.267127
    4.421649
    2.292386
    4.422029
    2.317779
    4.422550
    2.343330
    4.423213
    2.369058
    4.424021
    2.394977
    4.424978
    2.421101
    4.426085
    2.447447
    4.427347
    2.474038
    4.428767
    2.500892
    4.430351
    2.528017
    4.432102
    2.555420
    4.434024
    2.583109
    4.436123
    2.611095
    4.438402
    2.639388
    4.440866
    2.667992
    4.443520
    2.696902
    4.446366
    2.726112
    4.449406
    2.755617
    4.452644
    2.785417
    4.456081
    2.815503
    4.459719
    2.845858
    4.463558
    2.876462
    4.467595
    2.907295
    4.471828
    2.938341
    4.476256
    2.969581
    4.480873
    3.000989
    4.485676
    3.032530
    4.490655
    3.064172
    4.495803
    3.095888
    4.501112
    3.127655
    4.506572
    3.159443
    4.512175
    3.191213
    4.517908
    3.222928
    4.523756
    3.254556
    4.529709
    3.286074
    4.535755
    3.317459
    4.541881
    3.348682
    4.548075
    3.379710
    4.554322
    3.410517
    4.560610
    3.441085
    4.566925
    3.471402
    4.573259
    3.501454
    4.579601
    3.531225
    4.585940
    3.560699
    4.592264
    3.589868
    4.598564
    3.618734
    4.604835
    3.647298
    4.611070
    3.675558
    4.617261
    3.703513
    4.623403
    3.731166
    4.629491
    3.758528
    4.635522
    3.785615
    4.641493
    3.812437
    4.647403
    3.839004
    4.653248
    3.865325
    4.659029
    3.891418
    4.664743
    3.917307
    4.670393
    3.943011
    4.675980
    3.968546
    4.681504
    3.993927
    4.686966
    4.019171
    4.692367
    4.044304
    4.697710
    4.069350
    4.702997
    4.094329
    4.708232
    4.119254
    4.713416
    4.144142
    4.718550
    4.169014
    4.723637
    4.193893
    4.728680
    4.218799
    4.733682
    4.243745
    4.738646
    4.268740
    4.743571
    4.293796
    4.748460
    4.318932
    4.753314
    4.344163
    4.758136
    4.369498
    4.762928
    4.394938
    4.767689
    4.420486
    4.772418
    4.446147
    4.777116
    4.471930
    4.781785
    4.497835
    4.786423
    4.523858
    4.791029
    4.549987
    4.795601
    4.576218
    4.800138
    4.602546
    4.804636
    4.628963
    4.809096
    4.655456
    4.813512
    4.682006
    4.817883
    4.708594
    4.822202
    4.735207
    4.826467
    4.761830
    4.830675
    4.788445
    4.834821
    4.815027
    4.838899
    4.841548
    4.842905
    4.867990
    4.846833
    4.894337
    4.850680
    4.920570
    4.854440
    4.946667
    4.858110
    4.972601
    4.861682
    4.998350
    4.865153
    5.023900
    4.868518
    5.049241
    4.871773
    5.074359
    4.874917
    5.099236
    4.877943
    5.123856
    4.880849
    5.148209
    4.883631
    5.172294
    4.886289
    5.196109
    4.888819
    5.219647
    4.891221
    5.242904
    4.893492
    5.265878
    4.895630
    5.288575
    4.897637
    5.311005
    4.899511
    5.333171
    4.901251
    5.355080
    4.902859
    5.376737
    4.904333
    5.398156
    4.905673
    5.419352
    4.906882
    5.440340
    4.907958
    5.461131
    4.908903
    5.481738
    4.909716
    5.502176
    4.910397
    5.522466
    4.910949
    5.542627
    4.911370
    5.562676
    4.911662
    5.582628
    4.911824
    5.602498
    4.911856
    5.622305
    4.911759
    5.642073
    4.911532
    5.661821
    4.911175
    5.681562
    4.910688
    5.701309
    4.910072
    5.721080
    4.909325
    5.740895
    4.908446
    5.760771
    4.907435
    5.780722
    4.906292
    5.800758
    4.905018
    5.820887
    4.903610
    5.841124
    4.902070
    5.861483
    4.900396
    5.881975
    4.898588
    5.902602
    4.896647
    5.923368
    4.894574
    5.944276
    4.892370
    5.965332
    4.890034
    5.986542
    4.887568
    6.007902
    4.884973
    6.029407
    4.882252
    6.051050
    4.879407
    6.072828
    4.876441
    6.094737
    4.873357
    6.116770
    4.870157
