    0.016875
    0.005902
    0.603986
    0.131181
    0.604027
    0.255067
    0.604143
    0.376565
    0.604333
    0.495117
    0.604595
    0.610531
    0.604930
    0.722846
    0.605342
    0.832242
    0.605832
    0.938971
    0.606398
    1.043283
    0.607031
    1.145395
    0.607713
    1.245525
    0.608426
    1.343936
    0.609158
    1.440919
    0.609914
    1.536715
    0.610716
    1.631453
    0.611603
    1.725174
    0.612621
    1.817915
    0.613821
    1.909783
    0.615243
    2.000979
    0.616910
    2.091766
    0.618830
    2.182403
    0.620992
    2.273062
    0.623365
    2.363759
    0.625891
    2.454301
    0.628489
    2.544329
    0.631051
    2.633439
    0.633464
    2.721339
    0.635625
    2.807957
    0.637454
    2.893420
    0.638898
    2.977972
    0.639930
    3.061902
    0.640541
    3.145520
    0.640732
    3.229154
    0.640502
    3.313129
    0.639851
    3.397755
    0.638779
    3.483317
    0.637298
    3.570053
    0.635435
    3.658074
    0.633247
    3.747285
    0.630815
    3.837380
    0.628245
    3.927950
    0.625649
    4.018647
    0.623134
    4.109301
    0.620779
    4.199942
    0.618639
    4.290756
    0.616743
    4.382005
    0.615099
    4.473948
    0.613700
    4.566778
    0.612519
    4.660594
    0.611514
    4.755429
    0.610638
    4.851329
    0.609842
    4.948434
    0.609088
    5.046994
    0.608358
    5.147300
    0.607647
    5.249611
    0.606969
    5.354140
    0.606342
    5.461108
    0.605782
    5.570768
    0.605300
    5.683368
    0.604895
    5.799079
    0.604567
    5.917922
    0.604312
    6.039675
    0.604129
    6.163743
    0.604020
