   0.2632392993822830   0.1774001528812724   0.1869703437362279
   0.2613167259050899   0.1755539531749988   0.1846230472951652
   0.2594958775043505   0.1737625181955572   0.1823465906212750
   0.2577734781718615   0.1720241728989943   0.1801388508740693
   0.2561463626495855   0.1703372399384027   0.1779975686071195
   0.2546114915793516   0.1687000750328451   0.1759204633183512
   0.2531659617011786   0.1671110860324146   0.1739052607824453
   0.2518070147500470   0.1655687502922250   0.1719497157286187
   0.2505320453286018   0.1640716311530136   0.1700516330611640
   0.2493386078210356   0.1626183937160023   0.1682088882290249
   0.2482244223573188   0.1612078199889255   0.1664194470067624
   0.2471873798059243   0.1598388234324038   0.1646813848417526
   0.2462255457501310   0.1585104629031319   0.1629929058646549
   0.2453371633839096   0.1572219559624297   0.1613523616169399
   0.2445206552471192   0.1559726914925587   0.1597582695106472
   0.2437746237059579   0.1547622415377462   0.1582093309980094
   0.2430978500734154   0.1535903722617456   0.1567044493905627
   0.2424892922560501   0.1524570538889952   0.1552427472281908
   0.2419480808082015   0.1513624694721981   0.1538235830578915
   0.2414735132731273   0.1503070223058302   0.1524465674399277
   0.2410650466931137   0.1492913417831901   0.1511115779556548
   0.2407222881778801   0.1483162874748328   0.1498187729471989
   0.2404449834331864   0.1473829511893923   0.1485686036750656
   0.2402330031700849   0.1464926567648814   0.1473618245367332
   0.2400863273402433   0.1456469573306895   0.1461995009487228
   0.2400050271747580   0.1448476297789004   0.1450830144582389
   0.2399892450431764   0.1440966661895908   0.1440140646203093
   0.2400391721963024   0.1433962619698069   0.1429946671548096
   0.2401550245106758   0.1427488004913571   0.1420271478875102
   0.2403370164140693   0.1421568340496939   0.1411141319832745
   0.2405853332392305   0.1416230610161272   0.1402585280007797
   0.2409001023262313   0.1411502991192605   0.1394635063397265
   0.2412813632706146   0.1407414548693304   0.1387324717162648
   0.2417290377928664   0.1403994892309783   0.1380690293928002
   0.2422428997819674   0.1401273797551522   0.1374769450062559
   0.2428225461386988   0.1399280794978055   0.1369600979851084
   0.2434673691093814   0.1398044731794234   0.1365224287197601
   0.2441765308537860   0.1397593311717867   0.1361678798511280
   0.2449489410278734   0.1397952620324235   0.1359003322650676
   0.2457832381785156   0.1399146644376137   0.1357235366197431
   0.2466777757393534   0.1401196794854313   0.1356410414815608
   0.2476306133808838   0.1404121444443948   0.1356561193930517
   0.2486395144008942   0.1407935491036888   0.1357716924314737
   0.2497019497417444   0.1412649959305215   0.1359902590268569
   0.2508151090883617   0.1418271652523363   0.1363138239787737
   0.2519759193364144   0.1424802866506070   0.1367438337281988
   0.2531810705270068   0.1432241176745877   0.1372811189911874
   0.2544270491273629   0.1440579308553992   0.1379258468332795
   0.2557101783031075   0.1449805098233405   0.1386774841490357
   0.2570266645853994   0.1459901551071721   0.1395347743052322
   0.2583726500951634   0.1470846999290037   0.1404957284091212
   0.2597442692577396   0.1482615360108821   0.1415576322801911
   0.2611377087355235   0.1495176490902857   0.1427170697460020
   0.2625492691343727   0.1508496635147030   0.1439699623662677
   0.2639754269115010   0.1522538949648804   0.1453116251354733
   0.2654128948363996   0.1537264100573827   0.1467368371477092
   0.2668586793378770   0.1552630913146484   0.1482399256550914
   0.2683101331127613   0.1568597057782660   0.1498148614406615
   0.2697650014753042   0.1585119753900509   0.1514553629843308
   0.2712214610879104   0.1602156471839838   0.1531550065494736
   0.2726781499275257   0.1619665613249107   0.1549073390767287
   0.2741341875993142   0.1637607150979817   0.1567059906530841
   0.2755891853993308   0.1655943210930451   0.1585447833342559
   0.2770432458385649   0.1674638580338747   0.1604178332355718
   0.2784969516589375   0.1693661129632647   0.1623196430630668
   0.2799513446845298   0.1712982137992219   0.1642451826182040
   0.2814078951461366   0.1732576516106207   0.1661899552575566
   0.2828684623831031   0.1752422923078482   0.1681500488003398
   0.2843352480540494   0.1772503777903415   0.1701221699272994
   0.2858107431704401   0.1792805169245769   0.1721036616791788
   0.2872976703992340   0.1813316670306092   0.1740925042177845
   0.2887989231607203   0.1834031068223698   0.1760872995358354
   0.2903175030749919   0.1854944019686090   0.1780872412746887
   0.2918564572873674   0.1876053646122101   0.1800920712168986
   0.2934188171331414   0.1897360083026088   0.1821020243526017
   0.2950075394905867   0.1918864998586580   0.1841177646682931
   0.2966254520243590   0.1940571096889775   0.1861403139708350
   0.2982752033463799   0.1962481620568957   0.1881709761391930
   0.2999592189252404   0.1984599866922985   0.1902112591950533
   0.3016796633656359   0.2006928730288684   0.1922627975072010
   0.3034384094635986   0.2029470281889463   0.1943272763012440
   0.3052370142282567   0.2052225396566484   0.1964063604452652
   0.3070767018529167   0.2075193433802260   0.1985016292334604
   0.3089583534231538   0.2098371978341799   0.2006145186044707
   0.3108825029722994   0.2121756643574069   0.2027462719198533
   0.3128493393393525   0.2145340938722828   0.2048979001017124
   0.3148587131542180   0.2169116198871960   0.2070701515973939
   0.3169101481726389   0.2193071574971436   0.2092634923132299
   0.3190028561097010   0.2217194079282666   0.2114780953477440
   0.3211357540768998   0.2241468680266070   0.2137138400657634
   0.3233074837131482   0.2265878439718639   0.2159703197956707
   0.3255164311135889   0.2290404684056335   0.2182468572085225
   0.3277607466997951   0.2315027201016465   0.2205425262545523
   0.3300383642382458   0.2339724452730526   0.2228561793928240
   0.3323470182977771   0.2364473796081138   0.2251864787551838
   0.3346842595374362   0.2389251701492200   0.2275319298363835
   0.3370474673299382   0.2414033961785980   0.2298909162970871
   0.3394338593487545   0.2438795883445770   0.2322617345029214
   0.3418404978747075   0.2463512453513507   0.2346426264970975
   0.3442642927068999   0.2488158476391627   0.2370318102118346
   0.3467020006892157   0.2512708675968077   0.2394275058595408
   0.3491502219841516   0.2537137759703847   0.2418279576026770
   0.3516053933374638   0.2561420442575330   0.2442314497755057
   0.3540637786775908   0.2585531430013755   0.2466363171155623
   0.3565214574810924   0.2609445360198097   0.2490409486519937
   0.3589743114079817   0.2633136707207926   0.2514437850866249
   0.3614180097678372   0.2656579647604330   0.2538433096870102
   0.3638479944185089   0.2679747893960584   0.2562380328846777
   0.3662594647239361   0.2702614499694816   0.2586264709329065
   0.3686473632064199   0.2725151640253126   0.2610071191238378
   0.3710063625222084   0.2747330376247066   0.2633784201924634
   0.3733308543683544   0.2769120404559851   0.2657387286434484
   0.3756149408946065   0.2790489803701276   0.2680862718248060
   0.3778524291478609   0.2811404779813711   0.2704191086395490
   0.3800368290199124   0.2831829419715023   0.2727350868323452
   0.3821613551034300   0.2851725457215314   0.2750317998129786
   0.3842189327879432   0.2871052058670464   0.2773065439824066
   0.3862022088488958   0.2889765633346238   0.2795562775109702
   0.3881035667003402   0.2907819673673016   0.2817775814826876
   0.3899151463974588   0.2925164629885363   0.2839666242655604
   0.3916288693907249   0.2941747822876402   0.2861191298967602
   0.3932364679510491   0.2957513398369576   0.2882303511849884
   0.3947295191065661   0.2972402324736307   0.2902950481320540
   0.3960994828586625   0.2986352435985170   0.2923074721639511
   0.3973377443791010   0.2999298520635147   0.2942613565408368
   0.3984356598333145   0.3011172456381945   0.2961499131880381
   0.3993846054285015   0.3021903389692149   0.2979658360594866
   0.4001760292502889   0.3031417958734874   0.2997013110138770
   0.4008015054293713   0.3039640557404029   0.3013480320556567
   0.4012527901703744   0.3046493637614528   0.3028972236708519
   0.4015218791796105   0.3051898046589492   0.3043396688749805
   0.4016010660464148   0.3055773395507779   0.3056657424898678
   0.4014830011641377   0.3058038455664352   0.3068654490808881
   0.4011607508210717   0.3058611578220214   0.3079284649184623
   0.4006278561476629   0.3057411133691368   0.3088441832796610
   0.3998783916732824   0.3054355967551949   0.3096017623791937
   0.3989070233221146   0.3049365868707798   0.3101901752152277
   0.3977090657618757   0.3042362048132666   0.3105982606352810
   0.3962805391092603   0.3033267625648270   0.3108147749714814
   0.3946182250903559   0.3022008123667151   0.3108284436631418
   0.3927197228506666   0.3008511967699009   0.3106280123780163
   0.3905835047056115   0.2992710994540426   0.3102022972619934
   0.3882089722160547   0.2974540970318157   0.3095402340905280
   0.3855965130619126   0.2953942121929712   0.3086309262642963
   0.3827475592673405   0.2930859686913579   0.3074636917871285
   0.3796646474000670   0.2905244488375948   0.3060281095874226
   0.3763514814214103   0.2877053543288876   0.3043140657966852
   0.3728129988978349   0.2846250714241961   0.3023118008827202
   0.3690554412943023   0.2812807416554664   0.3000119588530486
   0.3650864290476644   0.2776703394510347   0.2974056400993232
   0.3609150420571790   0.2737927582314985   0.2944844598489642
   0.3565519061194704   0.2696479067154978   0.2912406146286249
   0.3520092856655876   0.2652368173348496   0.2876669596271971
   0.3473011829148272   0.2605617687941730   0.2837571003735012
   0.3424434432278719   0.2556264249043121   0.2795055027119914
   0.3374538660024153   0.2504359918513545   0.2749076256598177
   0.3323523198874537   0.2449973960073095   0.2699600823438911
   0.3271608603757000   0.2393194842105541   0.2646608348196748
   0.3219038469442365   0.2334132481010595   0.2590094291218478
   0.3166080558295578   0.2272920735344047   0.2530072773284668
   0.3113027832259452   0.2209720152562952   0.2466579936468659
   0.3060199321742010   0.2144720958221669   0.2399677914316903
   0.3007940746621173   0.2078146261122605   0.2329459474654233
   0.2956624785089561   0.2010255426346753   0.2256053385688978
   0.2906650865023596   0.1941347540432465   0.2179630534174778
   0.2858444330852433   0.1871764858539456   0.2100410790294893
   0.2812454817916221   0.1801896081846723   0.2018670564482376
   0.2769153648074977   0.1732179264861085   0.1934750933335654
   0.2729030047651156   0.1663104097797652   0.1849066122281180
   0.2692585985281853   0.1595213251019513   0.1762112019890098
   0.2660329437353998   0.1529102410638589   0.1674474263021575
   0.2632765917487128   0.1465418582794889   0.1586835276770453
   0.2610388159391118   0.1404856207214993   0.1499979486816593
   0.2593663924385722   0.1348150609166591   0.1414795758738945
   0.2583022019637187   0.1296068345638675   0.1332275981167056
   0.2578836761858757   0.1249394080216616   0.1253508627165197
   0.2581411300833697   0.1208913764523110   0.1179666137636314
   0.2590960418971340   0.1175394121436973   0.1111985111933204
   0.2607593631594884   0.1149558718549313   0.1051738601766450
   0.2631299604799913   0.1132061280323785   0.1000200310679524
   0.2661933054041554   0.1123457290490696   0.0958601205597821
   0.2699205353870753   0.1124175342258389   0.0928079917477826
   0.2742680045232187   0.1134490047733283   0.0909629269978888
   0.2791774246821152   0.1154498554425980   0.0904042208797013
   0.2845766651478959   0.1184102770854725   0.0911861155090821
   0.2903812329258673   0.1222999223622923   0.0933335206856194
   0.2964964002467275   0.1270678031938907   0.0968389516048984
   0.3028198865378200   0.1326431809985195   0.1016610491244272
   0.3092449469782514   0.1389374456417495   0.1077249225155635
   0.3156636768561341   0.1458468868266455   0.1149243845287257
   0.3219703172794889   0.1532561753481910   0.1231259559771306
   0.3280643476491861   0.1610423042886242   0.1321743310581500
   0.3338531742409631   0.1690787022478820   0.1418988451336420
   0.3392542688313709   0.1772392275731743   0.1521203976677521
   0.3441966697554495   0.1854017836663573   0.1626582672381157
   0.3486218213493386   0.1934513543634022   0.1733363119501605
   0.3524837874473469   0.2012823344078724   0.1839881632005556
   0.3557489229793772   0.2088001106821896   0.1944611705045052
   0.3583951199321924   0.2159219233993909   0.2046190135419795
   0.3604107583468170   0.2225770940418864   0.2143430404713820
   0.3617934909272154   0.2287067436313883   0.2235325012612271
   0.3625489747312515   0.2342631402380283   0.2321039123535450
   0.3626896399738798   0.2392088112128024   0.2399898140191230
   0.3622335590174238   0.2435155383659486   0.2471371706483431
   0.3612034523247680   0.2471633289634670   0.2535056273096589
   0.3596258455385424   0.2501394274095868   0.2590657848006030
   0.3575303746506320   0.2524374061630676   0.2637976006984764
   0.3549492249669510   0.2540563526732251   0.2676889737389734
   0.3519166838413774   0.2550001533149771   0.2707345283543995
   0.3484687859376516   0.2552768656094186   0.2729345876432568
   0.3446430317890529   0.2548981657192949   0.2742943063443300
   0.3404781643593059   0.2538788580971377   0.2748229289014014
   0.3360139930267487   0.2522364368697912   0.2745331389608468
   0.3312912590414019   0.2499906927869504   0.2734404729853761
   0.3263515404520860   0.2471633643007377   0.2715627796891413
   0.3212371974407938   0.2437778358346295   0.2689197168062067
   0.3159913608141005   0.2398588900940350   0.2655322859990277
   0.3106579671075717   0.2354325241652338   0.2614224147709392
   0.3052818434568545   0.2305258411197935   0.2566126008136438
   0.2999088441979494   0.2251670299669964   0.2511256393828173
   0.2945860391790872   0.2193854471902045   0.2449844583377082
   0.2893619510508310   0.2132118128524964   0.2382120887617064
   0.2842868353425141   0.2066785333781823   0.2308318019201176
   0.2794129928636464   0.1998201615176521   0.2228674458968806
   0.2747950987696451   0.1926740014563786   0.2143440175566915
   0.2704905263557075   0.1852808631553177   0.2052885071807022
   0.2665596361535050   0.1776859642702602   0.1957310535225407
   0.2630659921291342   0.1699399697012994   0.1857064449623642
   0.2600764567836281   0.1621001471619974   0.1752559961889887
   0.2576611060472251   0.1542316012789109   0.1644298170998905
   0.2558928937136967   0.1464085278759952   0.1532894684705717
   0.2548469849800088   0.1387154038194578   0.1419109640578781
   0.2545996713135105   0.1312479962969222   0.1303880277482858
   0.2552267770367667   0.1241140399768900   0.1188354443829687
   0.2568014752029484   0.1174333940846263   0.1073922530793032
   0.2593914507161053   0.1113374592058273   0.0962244248888391
   0.2630553866474987   0.1059676134181223   0.0855265508910796
   0.2678388091021639   0.1014724296750845   0.0755219587304151
   0.2737694086228490   0.0980034737010027   0.0664606011727221
   0.2808520600689992   0.0957095664971496   0.0586140548140553
   0.2890638806018210   0.0947295370558664   0.0522670715132948
   0.2983497820913288   0.0951836900834000   0.0477053772993784
   0.3086190677672566   0.0971644581354309   0.0451998343968438
   0.3197436656815619   0.1007269677742322   0.0449876585484076
   0.3315585555056794   0.1058804773835178   0.0472520534685060
   0.3438648096473412   0.1125817799816768   0.0521022694379575
   0.3564354303533877   0.1207316481792029   0.0595565537377460
   0.3690238409544765   0.1301751899534593   0.0695305697909318
   0.3813745273043790   0.1407065811047478   0.0818334987953492
   0.3932349903194963   0.1520780911501485   0.0961731827141267
   0.4043679333390969   0.1640127191996717   0.1121704348777507
   0.4145625258374622   0.1762192269610767   0.1293812713083746
   0.4236436830593486   0.1884080128579296   0.1473246034705132
   0.4314785636248706   0.2003061886909154   0.1655121570639062
   0.4379798607228573   0.2116704091888816   0.1834772054211132
   0.4431058715309281   0.2222964110972860   0.2007991344550521
   0.4468576972108294   0.2320247426020248   0.2171217431687776
   0.4492741937980164   0.2407426926171366   0.2321642915977028
   0.4504254338420105   0.2483828670563874   0.2457253859750816
   0.4504054519179064   0.2549191478802423   0.2576806440553270
   0.4493249597864688   0.2603608958421503   0.2679756098248054
   0.4473045666876228   0.2647462402525491   0.2766155779324288
   0.4444688654335852   0.2681351802768940   0.2836539045343052
   0.4409415768672239   0.2706030493566425   0.2891801170703902
   0.4368418042461825   0.2722347085130805   0.2933087872053047
   0.4322813446803385   0.2731196649813237   0.2961697768304439
   0.4273629376995303   0.2733481762987343   0.2979001578246582
   0.4221792965921348   0.2730083021652360   0.2986378672817807
   0.4168127588952978   0.2721838050403619   0.2985169960055934
   0.4113354004237528   0.2709527692809226   0.2976645113344755
   0.4058094754664583   0.2693867998872358   0.2961981717206006
   0.4002880687392882   0.2675506681226727   0.2942253845346318
   0.3948158684654362   0.2655022861273215   0.2918427764074485
   0.3894299921189089   0.2632929114356587   0.2891362760092662
   0.3841608156051566   0.2609675017975581   0.2861815445602989
   0.3790327724725344   0.2585651589072153   0.2830446243953860
   0.3740651021774412   0.2561196155236756   0.2797827075917407
   0.3692725357911693   0.2536597336293820   0.2764449536186859
   0.3646659143016577   0.2512099917408627   0.2730733068280596
   0.3602527393259845   0.2487909475107217   0.2697032816428774
   0.3560376590788329   0.2464196677008005   0.2663646961093601
   0.3520228942485536   0.2441101218469436   0.2630823437638474
   0.3482086093557116   0.2418735388396087   0.2598766002411250
   0.3445932354793546   0.2397187275307987   0.2567639653577141
   0.3411737501411524   0.2376523636127884   0.2537575440907533
   0.3379459197913995   0.2356792456116761   0.2508674713867732
   0.3349045098550473   0.2338025230652714   0.2481012864259353
   0.3320434667481928   0.2320238999359907   0.2454642621042755
   0.3293560757180251   0.2303438161380801   0.2429596952782968
   0.3268350978254802   0.2287616098012055   0.2405891628872148
   0.3244728888995181   0.2272756625957555   0.2383527485299740
   0.3222615028552208   0.2258835301404922   0.2362492434964339
   0.3201927813884710   0.2245820592206940   0.2342763256807071
   0.3182584317372352   0.2233674932769230   0.2324307192681803
   0.3164500939301184   0.2222355673875271   0.2307083376027624
   0.3147593987220922   0.2211815937646443   0.2291044112153809
   0.3131780172394490   0.2202005386137441   0.2276136026310447
   0.3116977032153130   0.2192870910689837   0.2262301092683846
   0.3103103285876112   0.2184357248080493   0.2249477554986815
   0.3090079131478832   0.2176407528674217   0.2237600747357291
   0.3077826488666603   0.2168963761185164   0.2226603822774759
   0.3066269194748920   0.2161967258233478   0.2216418395090275
   0.3055333158471424   0.2155359006617161   0.2206975099980631
   0.3044946477076269   0.2149079986072372   0.2198204079621225
   0.3035039521618091   0.2143071440238446   0.2190035395570383
   0.3025544995418970   0.2137275103551435   0.2182399374220500
   0.3016397970423599   0.2131633387839346   0.2175226889154054
   0.3007535906100977   0.2126089532465353   0.2168449584807097
   0.2998898655421394   0.2120587721947149   0.2162000045957399
   0.2990428462310203   0.2115073175059959   0.2155811917692577
   0.2982069954838912   0.2109492209499671   0.2149819980655341
   0.2973770138257352   0.2103792286235661   0.2143960186493351
   0.2965478391798420   0.2097922037718004   0.2138169658550343
   0.2957146472999963   0.2091831284120069   0.2132386662917679
   0.2948728533088892   0.2085471041796777   0.2126550555019724
   0.2940181146763124   0.2078793528123678   0.2120601706934433
   0.2931463359489659   0.2071752166856364   0.2114481420656462
   0.2922536755214387   0.2064301598118088   0.2108131832501219
   0.2913365547152282   0.2056397697090414   0.2101495813832434
   0.2903916694096570   0.2047997605452484   0.2094516873283302
   0.2894160044451042   0.2039059779592715   0.2087139065642027
   0.2884068509950025   0.2029544059607146   0.2079306912597975
   0.2873618270780965   0.2019411763103229   0.2070965340605498
   0.2862789013561030   0.2008625807848787   0.2062059641229538
   0.2851564203333553   0.1997150867342974   0.2052535459500871
   0.2839931390433348   0.1984953563437342   0.2042338816038309
   0.2827882552709994   0.1972002700196268   0.2031416168998538
   0.2815414473180683   0.1958269543249919   0.2019714522297350
   0.2802529152691460   0.1943728148948408   0.2007181587012299
   0.2789234256577714   0.1928355747658193   0.1993766003425805
   0.2775543593607839   0.1912133185530467   0.1979417631794423
   0.2761477624641654   0.1895045428990372   0.1964087920622344
   0.2747063997408369   0.1877082136011528   0.1947730361955312
   0.2732338102575103   0.1858238297911327   0.1930301043962867
   0.2717343644803827   0.1838514954877028   0.1911759311796963
   0.2702133220747047   0.1817919987649671   0.1892068548338984
   0.2686768893879657   0.1796468986678924   0.1871197086889241
   0.2671322753676852   0.1774186198532312   0.1849119267998914
   0.2655877443906863   0.1751105547300924   0.1825816652348983
   0.2640526641704880   0.1727271726084066   0.1801279400660123
   0.2625375465643174   0.1702741350244708   0.1775507829847650
   0.2610540787251906   0.1677584159891291   0.1748514151747672
   0.2596151416451472   0.1651884253851741   0.1720324396422321
   0.2582348127255012   0.1625741331173835   0.1690980515953222
   0.2569283486073459   0.1599271908859041   0.1660542656376867
   0.2557121441262839   0.1572610476119354   0.1629091574623856
   0.2546036629537085   0.1545910536028246   0.1596731163648714
   0.2536213352966087   0.1519345475225888   0.1563591032114525
   0.2527844180023139   0.1493109191699692   0.1529829064918783
   0.2521128126166378   0.1467416400153009   0.1495633867651429
   0.2516268374439308   0.1442502524889397   0.1461226972259453
   0.2513469505298783   0.1418623082527130   0.1426864653733490
   0.2512934218050418   0.1396052452537738   0.1392839180121506
   0.2514859544512640   0.1375081934137734   0.1359479292927459
   0.2519432579247712   0.1356016995199270   0.1327149695074643
   0.2526825779943897   0.1339173634385075   0.1296249312987117
   0.2537191925850718   0.1324873803321416   0.1267208102487728
   0.2550658860437759   0.1313439872566164   0.1240482189971635
   0.2567324184746294   0.1305188173944429   0.1216547185340354
   0.2587250107439052   0.1300421711952933   0.1195889575192437
   0.2610458692680296   0.1299422206363940   0.1178996205626303
   0.2636927773354767   0.1302441703143387   0.1166341992699669
   0.2666587810047600   0.1309694065741741   0.1158376150239085
   0.2699319971075092   0.1321346726421866   0.1155507389892594
   0.2734955681881261   0.1337513129033021   0.1158088712970073
   0.2773277841030196   0.1358246321626625   0.1166402559574751
   0.2814023824819453   0.1383534151451180   0.1180647187206843
   0.2856890306027717   0.1413296470284130   0.1200925197941455
   0.2901539800373887   0.1447384672488756   0.1227235103370891
   0.2947608735661081   0.1485583764078375   0.1259466699597686
   0.2994716724220525   0.1527617006143986   0.1297400820493534
   0.3042476621021706   0.1573153002956452   0.1340713757853327
   0.3090504878940801   0.1621814930388729   0.1388986305430537
   0.3138431678185567   0.1673191442298299   0.1441717033191371
   0.3185910314048322   0.1726848668682549   0.1498339066867430
   0.3232625376597774   0.1782342643896601   0.1558239374139730
   0.3278299343270803   0.1839231484536683   0.1620779374454240
   0.3322697321799568   0.1897086676351356   0.1685315615180239
   0.3365629814508692   0.1955502922244922   0.1751219298807413
   0.3406953512221473   0.2014106137441121   0.1817893595375736
   0.3446570253630141   0.2072559337317918   0.1884787909576318
   0.3484424392820894   0.2130566330668066   0.1951408562189737
   0.3520498895739933   0.2187873289273844   0.2017325656108087
   0.3554810531650606   0.2244268399635180   0.2082176194781502
   0.3587404537854135   0.2299579904645353   0.2145663777789118
   0.3618349118285968   0.2353672907014137   0.2207555394992419
   0.3647730094705337   0.2406445332028442   0.2267675967509186
   0.3675645970169744   0.2457823438463333   0.2325901339713369
   0.3702203595860384   0.2507757229545598   0.2382150418234563
   0.3727514561195666   0.2556216058799588   0.2436377093325817
   0.3751692359565769   0.2603184656724572   0.2488562479631381
   0.3774850322529047   0.2648659731358252   0.2538707892598200
   0.3797100266942816   0.2692647225454056   0.2586828847737056
   0.3818551763755752   0.2735160250244130   0.2632950244603753
   0.3839311914246669   0.2776217663890082   0.2677102784814439
   0.3859485508493231   0.2815843223450987   0.2719320579663728
   0.3879175440194597   0.2854065212848501   0.2759639831142542
   0.3898483259613722   0.2890916435114518   0.2798098421050457
   0.3917509760130229   0.2926434453624656   0.2834736215218058
   0.3936355511523018   0.2960661972037615   0.2869595880970616
   0.3955121272650572   0.2993647254065687   0.2902724022406021
   0.3973908235987372   0.3025444499807052   0.2934172455991588
   0.3992818075189259   0.3056114113178250   0.2963999474593352
   0.4011952783555980   0.3085722813295688   0.2992270977840681
   0.4031414305350792   0.3114343560130842   0.3019061377712630
   0.4051303973155054   0.3142055280441301   0.3044454218045884
   0.4071721772770888   0.3168942393257360   0.3068542473594340
   0.4092765462824460   0.3195094144795705   0.3091428517230804
   0.4114529579488638   0.3220603770554863   0.3113223762340734
   0.4137104358035963   0.3245567507696492   0.3134048001344059
   0.4160574602678477   0.3270083483942811   0.3154028470871831
   0.4185018534766493   0.3294250510512401   0.3173298679939388
   0.4210506647280712   0.3318166806490913   0.3191997040157065
   0.4237100590980408   0.3341928680896817   0.3210265337319865
   0.4264852114816706   0.3365629196922313   0.3228247082321088
   0.4293802080467090   0.3389356840714925   0.3246085776882007
   0.4323979568212550   0.3413194214858176   0.3263923126621885
   0.4355401088921970   0.3437216774580453   0.3281897230937293
   0.4388069914642110   0.3461491622773897   0.3300140776320984
   0.4421975538192537   0.3486076378182429   0.3318779257314476
   0.4457093270187337   0.3511018129613480   0.3337929247332100
   0.4493383979990838   0.3536352487694662   0.3357696740101343
   0.4530793985204140   0.3562102744462671   0.3378175581343801
   0.4569255092321948   0.3588279149849719   0.3399446009427474
   0.4608684789159562   0.3614878312833907   0.3421573322875230
   0.4648986587513075   0.3641882733562705   0.3444606691624844
   0.4690050512291660   0.3669260471079597   0.3468578127618716
   0.4731753731082951   0.3696964949344203   0.3493501628497959
   0.4773961315839402   0.3724934902025870   0.3519372505768515
   0.4816527126183154   0.3753094454093590   0.3546166905731334
   0.4859294801812826   0.3781353335575736   0.3573841527720736
   0.4902098849760547   0.3809607220106300   0.3602333539833089
   0.4944765810895155   0.3837738178119545   0.3631560687471625
   0.4987115489196202   0.3865615231927973   0.3661421584854671
   0.5028962227018655   0.3893094997555577   0.3691796174346959
   0.5070116209896643   0.3920022396233971   0.3722546333314710
   0.5110384785439799   0.3946231417030457   0.3753516603420554
   0.5149573782576490   0.3971545911274187   0.3784535013097574
   0.5187488819787387   0.3995780399367533   0.3815413960579491
   0.5223936594021383   0.4018740871278343   0.3845951122480730
   0.5258726145645746   0.4040225563543539   0.3875930351630460
   0.5291670098993156   0.4060025697993090   0.3905122527730545
   0.5322585882764657   0.4077926170629500   0.3933286325441339
   0.5351296939664248   0.4093706183169151   0.3960168866676124
   0.5377633940122708   0.4107139814673715   0.3985506227158023
   0.5401436020769991   0.4117996536496513   0.4009023771618370
   0.5422552074409800   0.4126041680499295   0.4030436297377566
   0.5440842124620534   0.4131036878264749   0.4049447972496457
   0.5456178824748331   0.4132740498006369   0.4065752062363956
   0.5468449127961589   0.4130908116297402   0.4079030447778726
   0.5477556182174350   0.4125293073922287   0.4088952948755134
   0.5483421510946159   0.4115647179497768   0.4095176482132269
   0.5485987548774163   0.4101721641496867   0.4097344098569660
   0.5485220606226143   0.4083268329483267   0.4095083966997243
   0.5481114346640183   0.4060041489307738   0.4088008403778411
   0.5473693860872270   0.4031800065293076   0.4075713081936574
   0.5463020428644906   0.3998310815486604   0.4057776605492771
   0.5449197052728294   0.3959352444072037   0.4033760698490285
   0.5432374843041413   0.3914721017690698   0.4003211341326295
   0.5412760308423626   0.3864236978564387   0.3965661292508089
   0.5390623579759196   0.3807754114426177   0.3920634565655040
   0.5366307533390640   0.3745170888775274   0.3867653592217867
   0.5340237700804521   0.3676444567280344   0.3806249990285188
   0.5312932730281685   0.3601608585410039   0.3735980074556293
   0.5285014998125298   0.3520793570985315   0.3656446469374048
   0.5257220740305916   0.3434252338425955   0.3567327399576319
   0.5230408780301974   0.3342388975439793   0.3468415386554028
   0.5205566560459447   0.3245791805103117   0.3359667094300894
   0.5183811746829011   0.3145269476531870   0.3241265839645099
   0.5166387192743449   0.3041888663429399   0.3113697644797753
   0.5154646563085102   0.2937010789212721   0.2977840467072696
   0.5150027526885211   0.2832323838234199   0.2835064160678041
   0.5154009258195453   0.2729863705693277   0.2687335597206486
   0.5168051236919806   0.2632017841070997   0.2537319090081240
   0.5193511251550915   0.2541502462261933   0.2388456979105677
   0.5231542324987104   0.2461303861348554   0.2245009521328278
   0.5282971202447707   0.2394574974430356   0.2112028329452554
   0.5348165071135708   0.2344481228929872   0.1995235467905450
   0.5426898019531442   0.2313995375041379   0.1900783522063630
   0.5518233635885657   0.2305649745585486   0.1834883068648440
   0.5620443851326742   0.2321265465659075   0.1803304458256316
   0.5730985083610934   0.2361689617205820   0.1810789557461997
   0.5846549446374910   0.2426580121215860   0.1860441147045969
   0.5963200483518648   0.2514280436556172   0.1953184200426479
   0.6076590156910167   0.2621819115029449   0.2087403517304618
   0.6182238923535639   0.2745052107685935   0.2258847537152221
   0.6275847292170316   0.2878941172752424   0.2460846845171340
   0.6353599134689328   0.3017935659487724   0.2684835862044240
   0.6412416959836617   0.3156404620287819   0.2921103779432714
   0.6450137717855774   0.3289057597705749   0.3159654793188666
   0.6465592273653442   0.3411297780627713   0.3391041739630695
   0.6458588469437163   0.3519468226467208   0.3607054283196358
   0.6429812433139694   0.3610974837463850   0.3801184592170457
   0.6380672399712665   0.3684292153056544   0.3968845042910224
   0.6313112678403315   0.3738874630115095   0.4107358859452587
   0.6229423260440168   0.3775004566788558   0.4215775745819241
   0.6132064808727548   0.3793608578285329   0.4294577484212651
   0.6023521572314090   0.3796069738255781   0.4345335874953148
   0.5906187902762067   0.3784054911593804   0.4370372965028193
   0.5782288600152724   0.3759368806792880   0.4372457193933228
   0.5653829679196726   0.3723839427488823   0.4354553395802671
   0.5522574217719546   0.3679234607305503   0.4319632086233849
   0.5390037360986547   0.3627206227590557   0.4270534963878621
   0.5257494860958819   0.3569257231362760   0.4209888773281442
   0.5126000328952576   0.3506726208291072   0.4140057766052073
   0.4996407370171946   0.3440784697614228   0.4063125006343075
   0.4869393751198148   0.3372443088453768   0.3980893862053765
   0.4745485617412696   0.3302561846068643   0.3894902589417022
   0.4625080481205697   0.3231865609608702   0.3806446556902798
   0.4508468238849598   0.3160958415637621   0.3716604141905998
   0.4395849861249490   0.3090338874536777   0.3626263571747463
   0.4287353667807872   0.3020414565227489   0.3536148947935845
   0.4183049261255549   0.2951515233549386   0.3446844410605985
   0.4082959299784152   0.2883904602744169   0.3358815908467653
   0.3987069332136839   0.2817790752683502   0.3272430382808745
   0.3895335937816945   0.2753335117176653   0.3187972393294368
   0.3807693410399987   0.2690660201879750   0.3105658343239079
   0.3724059205729361   0.2629856151458582   0.3025648530222162
   0.3644338354454871   0.2570986303036971   0.2948057275151468
   0.3568427013810505   0.2514091860302609   0.2872961384266527
   0.3496215309130676   0.2459195813620311   0.2800407184709956
   0.3427589592761717   0.2406306219272390   0.2730416352378180
   0.3362434227444043   0.2355418937551579   0.2662990725486140
   0.3300632983187258   0.2306519916136660   0.2598116271575637
   0.3242070121132236   0.2259587092710878   0.2535766351279730
   0.3186631224734872   0.2214591979508998   0.2475904399929685
   0.3134203827580742   0.2171500982541562   0.2418486128439565
   0.3084677877985419   0.2130276499646202   0.2363461327885731
   0.3037946072987318   0.2090877834176585   0.2310775347687135
   0.2993904088152300   0.2053261954939961   0.2260370305062235
   0.2952450724559064   0.2017384127798195   0.2212186073222823
   0.2913487990227185   0.1983198440018295   0.2166161087291466
   0.2876921129919050   0.1950658234867608   0.2122232999937577
   0.2842658614551181   0.1919716470979905   0.2080339212981776
   0.2810612099272807   0.1890326018568859   0.2040417306510997
   0.2780696357511764   0.1862439902546619   0.2002405383198335
   0.2752829196870272   0.1836011500942149   0.1966242342379622
   0.2726931361610214   0.1810994705643748   0.1931868095875240
   0.2702926425546163   0.1787344051359882   0.1899223735454383
   0.2680740678420935   0.1765014817758917   0.1868251660132436
   0.2660303008238639   0.1743963108975417   0.1838895670097926
   0.2641544781545054   0.1724145914029221   0.1811101032925088
   0.2624399723252949   0.1705521151169328   0.1784814526793501
   0.2608803797291390   0.1688047698708193   0.1759984464668293
   0.2594695089099501   0.1671685414537388   0.1736560702761893
   0.2582013690773989   0.1656395146199661   0.1714494636075294
   0.2570701589507249   0.1642138733124765   0.1693739183382685
   0.2560702559810974   0.1628879002408346   0.1674248763661502
   0.2551962059903291   0.1616579759317795   0.1655979265666634
   0.2544427132540510   0.1605205773540560   0.1638888012091981
   0.2538046310493908   0.1594722762044463   0.1622933719545814
   0.2532769526804440   0.1585097369292315   0.1608076455381369
   0.2528548029891665   0.1576297145441549   0.1594277592265018
   0.2525334303545416   0.1568290523061437   0.1581499761226586
   0.2523081991788585   0.1561046792813502   0.1569706803816247
   0.2521745828565418   0.1554536078463800   0.1558863723886902
   0.2521281572181464   0.1548729311527197   0.1548936639427713
   0.2521645944397584   0.1543598205783119   0.1539892734791773
   0.2522796574061273   0.1539115231848223   0.1531700213587119
   0.2524691945143045   0.1535253591943967   0.1524328252434633
   0.2527291349034026   0.1531987194955398   0.1517746955737743
   0.2530554840952322   0.1529290631841352   0.1511927311556908
   0.2534443200300739   0.1527139151425593   0.1506841148636149
   0.2538917894816105   0.1525508636572852   0.1502461094589162
   0.2543941048351140   0.1524375580733235   0.1498760535218608
   0.2549475412133194   0.1523717064822852   0.1495713574914315
   0.2555484339349878   0.1523510734397834   0.1493294998053797
   0.2561931762919699   0.1523734777072809   0.1491480231312349
   0.2568782176315743   0.1524367900133409   0.1490245306779558
   0.2576000617322168   0.1525389308295315   0.1489566825774738
   0.2583552654616178   0.1526778681569322   0.1489421923255279
   0.2591404377082127   0.1528516153202872   0.1489788232719304
   0.2599522385778806   0.1530582287682900   0.1490643851517044
   0.2607873788495404   0.1532958058802421   0.1491967306503749
   0.2616426196845823   0.1535624827813456   0.1493737519990453
   0.2625147725863995   0.1538564321711218   0.1495933775976837
   0.2634006996074708   0.1541758611718280   0.1498535686682441
   0.2642973138024174   0.1545190092062086   0.1501523159427582
   0.2652015799261928   0.1548841459163941   0.1504876363952852
   0.2661105153770282   0.1552695691381801   0.1508575700305038
   0.2670211913838759   0.1556736029471990   0.1512601767456689
   0.2679307344378766   0.1560945957955657   0.1516935332865093
   0.2688363279667638   0.1565309187593552   0.1521557303213246
   0.2697352142501182   0.1569809639186975   0.1526448696609023
   0.2706246965719754   0.1574431428932569   0.1531590616548161
   0.2715021416054912   0.1579158855563828   0.1536964227970603
   0.2723649820221825   0.1583976389511849   0.1542550735757316
   0.2732107193157355   0.1588868664311969   0.1548331366024625
   0.2740369268275311   0.1593820470470859   0.1554287350574880
   0.2748412529579498   0.1598816751990836   0.1560399914855095
   0.2756214245442332   0.1603842605723952   0.1566650269758569
   0.2763752503822966   0.1608883283698846   0.1573019607578396
   0.2771006248664423   0.1613924198528035   0.1579489102386074
   0.2777955317175684   0.1618950931963458   0.1586039915063612
   0.2784580477672371   0.1623949246623888   0.1592653203163933
   0.2790863467619767   0.1628905100870554   0.1599310135713306
   0.2796787031495477   0.1633804666757528   0.1605991913001523
   0.2802334958066631   0.1638634350932643   0.1612679791332508
   0.2807492116659083   0.1643380818313569   0.1619355112631079
   0.2812244491984459   0.1648031018313866   0.1625999338722706
   0.2816579217085325   0.1652572213346007   0.1632594090023936
   0.2820484603960031   0.1656992009284214   0.1639121188303712
   0.2823950171436881   0.1661278387529966   0.1645562703101821
   0.2826966669882614   0.1665419738288814   0.1651901001322164
   0.2829526102352262   0.1669404894638976   0.1658118799457022
   0.2831621741816556   0.1673223166951152   0.1664199217845536
   0.2833248144138293   0.1676864377205489   0.1670125836326792
   0.2834401156510122   0.1680318892745922   0.1675882750615832
   0.2835077921112348   0.1683577659014412   0.1681454628710875
   0.2835276873799625   0.1686632230817924   0.1686826766632122
   0.2834997737678924   0.1689474801698768   0.1691985142797131
   0.2834241511496906   0.1692098231004104   0.1696916470354505
   0.2833010452811887   0.1694496068282078   0.1701608246826241
   0.2831308055982474   0.1696662574669522   0.1706048800448633
   0.2829139025061209   0.1698592740978639   0.1710227332651116
   0.2826509241735563   0.1700282302236384   0.1714133956170616
   0.2823425728510053   0.1701727748479678   0.1717759728364381
   0.2819896607370636   0.1702926331660552   0.1721096679355420
   0.2815931054215716   0.1703876068567392   0.1724137834719694
   0.2811539249376007   0.1704575739719964   0.1726877232501862
   0.2806732324577991   0.1705024884246411   0.1729309934424459
   0.2801522306732260   0.1705223790798554   0.1731432031232733
   0.2795922058948522   0.1705173484607295   0.1733240642192471
   0.2789945219193445   0.1704875710821451   0.1734733908829220
   0.2783606137015748   0.1704332914311025   0.1735910983063987
   0.2776919808765614   0.1703548216148666   0.1736772009960926
   0.2769901811732147   0.1702525387011149   0.1737318105356565
   0.2762568237614629   0.1701268817765544   0.1737551328686939
   0.2754935625730237   0.1699783487522502   0.1737474651368188
   0.2747020896343892   0.1698074929451825   0.1737091921117614
   0.2738841284485245   0.1696149194663162   0.1736407822626056
   0.2730414274594088   0.1694012814457943   0.1735427835008453
   0.2721757536309534   0.1691672761257344   0.1734158186468567
   0.2712888861690429   0.1689136408506088   0.1732605806615865
   0.2703826104125370   0.1686411489843136   0.1730778276868505
   0.2694587119161082   0.1683506057818801   0.1728683779366631
   0.2685189707447995   0.1680428442423508   0.1726331044805517
   0.2675651559972340   0.1677187209677145   0.1723729299579110
   0.2665990205715319   0.1673791120510085   0.1720888212602260
   0.2656222961852185   0.1670249090147828   0.1717817842154526
   0.2646366886577792   0.1666570148191480   0.1714528583061265
   0.2636438734620624   0.1662763399566143   0.1711031114498956
   0.2626454915484515   0.1658837986489224   0.1707336348682132
   0.2616431454436573   0.1654803051590902   0.1703455380659534
   0.2606383956241254   0.1650667702299977   0.1699399439417618
   0.2596327571624060   0.1646440976589993   0.1695179840460658
   0.2586276966434087   0.1642131810163509   0.1690807940009122
   0.2576246293462610   0.1637749005136313   0.1686295090931532
   0.2566249166864818   0.1633301200268893   0.1681652600500620
   0.2556298639123920   0.1628796842779231   0.1676891690041671
   0.2546407180490770   0.1624244161759320   0.1672023456520370
   0.2536586660827870   0.1619651143207532   0.1667058836098819
   0.2526848333784016   0.1615025506680241   0.1662008569671976
   0.2517202823224781   0.1610374683558703   0.1656883170382491
   0.2507660111844245   0.1605705796921433   0.1651692893099863
   0.2498229531884819   0.1601025643007470   0.1646447705839739
   0.2488919757894537   0.1596340674252742   0.1641157263091203
   0.2479738801454549   0.1591656983879385   0.1635830881013721
   0.2470694007813571   0.1586980292016760   0.1630477514461103
   0.2461792054370859   0.1582315933332588   0.1625105735787042
   0.2453038950954277   0.1577668846153299   0.1619723715385629
   0.2444440041845515   0.1573043563053914   0.1614339203920286
   0.2436000009510155   0.1568444202899792   0.1608959516195899
   0.2427722879995916   0.1563874464324968   0.1603591516631270
   0.2419612029968193   0.1559337620634708   0.1598241606292215
   0.2411670195357407   0.1554836516123068   0.1592915711449634
   0.2403899481598154   0.1550373563799629   0.1587619273631455
   0.2396301375445181   0.1545950744523221   0.1582357241142398
   0.2388876758355884   0.1541569607543942   0.1577134062030939
   0.2381625921433457   0.1537231272458488   0.1571953678488445
   0.2374548581928634   0.1532936432587318   0.1566819522671284
   0.2367643901301420   0.1528685359785572   0.1561734513942445
   0.2360910504847161   0.1524477910702967   0.1556701057535030
   0.2354346502893575   0.1520313534510882   0.1551721044645533
   0.2347949513577390   0.1516191282117645   0.1546795853970335
   0.2341716687210326   0.1512109816895585   0.1541926354704011
   0.2335644732245083   0.1508067426945578   0.1537112911022998
   0.2329729942852030   0.1504062038926792   0.1532355388082771
   0.2323968228117030   0.1500091233480879   0.1527653159561040
   0.2318355142869779   0.1496152262281189   0.1523005116783347
   0.2312885920150647   0.1492242066738505   0.1518409679471197
   0.2307555505321913   0.1488357298395391   0.1513864808156020
   0.2302358591826709   0.1484494341041600   0.1509368018305337
   0.2297289658595812   0.1480649334582919   0.1504916396210152
   0.2292343009098761   0.1476818200695482   0.1500506616684941
   0.2287512812031430   0.1472996670296919   0.1496134962633807
   0.2282793143627350   0.1469180312864628   0.1491797346538248
   0.2278178031574573   0.1465364567630177   0.1487489333923653
   0.2273661500513693   0.1461544776677012   0.1483206168863166
   0.2269237619085876   0.1457716219966533   0.1478942801578866
   0.2264900548492079   0.1453874152315029   0.1474693918201295
   0.2260644592516343   0.1450013842340820   0.1470453972749388
   0.2256464248956786   0.1446130613397360   0.1466217221393520
   0.2252354262397691   0.1442219886503710   0.1461977759064859
   0.2248309678244951   0.1438277225278816   0.1457729558474467
   0.2244325897934730   0.1434298382880039   0.1453466511605239
   0.2240398735211669   0.1430279350939639   0.1449182473739171
   0.2236524473358133   0.1426216410484800   0.1444871310081040
   0.2232699923239609   0.1422106184817520   0.1440526945037434
   0.2228922482013609   0.1417945694319920   0.1436143414207008
   0.2225190192329929   0.1413732413137970   0.1431714919133452
   0.2221501801828917   0.1409464327682376   0.1427235884866892
   0.2217856822721429   0.1405139996868710   0.1422701020371842
   0.2214255591209255   0.1400758614000110   0.1418105381810178
   0.2210699326478023   0.1396320070174275   0.1413444438715382
   0.2207190188965850   0.1391825019072198   0.1408714143059332
   0.2203731337580415   0.1387274942958518   0.1403911001194452
   0.2200326985504673   0.1382672219692587   0.1399032148631950
   0.2196982454197200   0.1378020190514946   0.1394075427590400
   0.2193704225157497   0.1373323228335756   0.1389039467217597
   0.2190499988989579   0.1368586806209698   0.1383923766352216
   0.2187378691259186   0.1363817565635794   0.1378728778649254
   0.2184350574601526   0.1359023384270564   0.1373455999844682
   0.2181427216497939   0.1354213442588879   0.1368108056879073
   0.2178621562102077   0.1349398288968998   0.1362688798537474
   0.2175947951459728   0.1344589902616896   0.1357203387192373
   0.2173422140432250   0.1339801753680346   0.1351658391158793
   0.2171061314602731   0.1335048859836175   0.1346061877084628
   0.2168884095417587   0.1330347838565036   0.1340423501705801
   0.2166910537795605   0.1325716954258240   0.1334754602194763
   0.2165162118422996   0.1321176159231600   0.1329068284222902
   0.2163661713948177   0.1316747127653346   0.1323379506743388
   0.2162433568295621   0.1312453281328738   0.1317705162382168
   0.2161503248335766   0.1308319806224710   0.1312064152202526
   0.2160897587179559   0.1304373658566271   0.1306477453485398
   0.2160644614413464   0.1300643559294607   0.1300968179045284
   0.2160773472655510   0.1297159975647767   0.1295561626483891
   0.2161314319896809   0.1293955088611360   0.1290285315673404
   0.2162298217197535   0.1291062744991900   0.1285169012663203
   0.2163757001432815   0.1288518392892596   0.1280244738122040
   0.2165723142933258   0.1286358999423620   0.1275546758367534
   0.2168229588037637   0.1284622949559572   0.1271111557001653
   0.2171309586771289   0.1283349925168808   0.1266977785170452
   0.2174996506082683   0.1282580763385366   0.1263186188504716
   0.2179323629310889   0.1282357293676474   0.1259779508881058
   0.2184323942816239   0.1282722153178858   0.1256802359276357
   0.2190029910982343   0.1283718580135809   0.1254301070177131
   0.2196473241085743   0.1285390185564290   0.1252323506253976
   0.2203684639825198   0.1287780703615650   0.1250918852322811
   0.2211693563599741   0.1290933721462240   0.1250137367991040
   0.2220527964916913   0.1294892389941296   0.1250030110827859
   0.2230214037592223   0.1299699116611117   0.1250648628401719
   0.2240775963659761   0.1305395243315689   0.1252044620089649
   0.2252235665143795   0.1312020710803927   0.1254269570175849
   0.2264612564032882   0.1319613713398172   0.1257374354410626
   0.2277923353943279   0.1328210347142424   0.1261408822882822
   0.2292181787048815   0.1337844255271507   0.1266421362754281
   0.2307398479882427   0.1348546275215073   0.1272458445096008
   0.2323580741573950   0.1360344091671700   0.1279564160733392
   0.2340732427974492   0.1373261900545776   0.1287779750631234
   0.2358853824926625   0.1387320088720798   0.1297143136907591
   0.2377941563670439   0.1402534934736766   0.1307688461037371
   0.2397988571029179   0.1418918335437232   0.1319445636172663
   0.2418984056597846   0.1436477563546695   0.1332439920749167
   0.2440913538669235   0.1455215060927313   0.1346691520652107
   0.2463758910082040   0.1475128271944215   0.1362215227169405
   0.2487498544574137   0.1496209520943064   0.1379020097758072
   0.2512107443582526   0.1518445937317053   0.1397109186289203
   0.2537557422761851   0.1541819431021225   0.1416479328920630
   0.2563817336809472   0.1566306720690852   0.1437120991081154
   0.2590853340500743   0.1591879415750738   0.1459018180248534
   0.2618629183167384   0.1618504153078787   0.1482148428280176
   0.2647106533208465   0.1646142787926610   0.1506482846029995
   0.2676245328620502   0.1674752637919636   0.1531986251877975
   0.2706004148983028   0.1704286778076895   0.1558617374633531
   0.2736340603849418   0.1734694383923964   0.1586329130073105
   0.2767211732079911   0.1765921118938524   0.1615068969160132
   0.2798574406322872   0.1797909561782875   0.1644779294794656
   0.2830385736608545   0.1830599668056481   0.1675397942772326
   0.2862603466872324   0.1863929260658075   0.1706858721519490
   0.2895186358175966   0.1897834542293164   0.1739092004131862
   0.2928094552447771   0.1932250623209541   0.1772025365297302
   0.2961289910717430   0.1967112056899607   0.1805584254845063
   0.2994736320077139   0.2002353376280877   0.1839692698949780
   0.3028399963955537   0.2037909622759734   0.1874274019442158
   0.3062249550740362   0.2073716860601577   0.1909251561251016
   0.3096256496323582   0.2109712669172660   0.1944549417732843
   0.3130395056761258   0.2145836605883692   0.1980093143541558
   0.3164642407929398   0.2182030633047388   0.2015810444756392
   0.3198978669805959   0.2218239502354509   0.2051631836219459
   0.3233386873804500   0.2254411091265559   0.2087491256432515
   0.3267852872413809   0.2290496686295706   0.2123326630916376
   0.3302365191245482   0.2326451208924758   0.2159080375634018
   0.3336914824443402   0.2362233380675918   0.2194699832903375
   0.3371494975251664   0.2397805824760089   0.2230137633158876
   0.3406100744356780   0.2433135102559392   0.2265351976939786
   0.3440728769404300   0.2468191684107630   0.2300306832565393
   0.3475376819828259   0.2502949852600817   0.2334972046077934
   0.3510043351815432   0.2537387543823368   0.2369323361171387
   0.3544727028847767   0.2571486122193117   0.2403342347956700
   0.3579426213820565   0.2605230095900833   0.2437016240523429
   0.3614138439216851   0.2638606774340527   0.2470337684329846
   0.3648859862228005   0.2671605871690061   0.2503304395477153
   0.3683584712045133   0.2704219061105573   0.2535918734892166
   0.3718304736804883   0.2736439484536343   0.2568187201353547
   0.3753008657856367   0.2768261223650259   0.2600119848149333
   0.3787681639122380   0.2799678737784608   0.2631729628950567
   0.3822304779357472   0.2830686275204278   0.2663031679230615
   0.3856854635055930   0.2861277264260134   0.2694042540255462
   0.3891302781633084   0.2891443691294088   0.2724779333318746
   0.3925615420290881   0.2921175472332608   0.2755258892495917
   0.3959753037681832   0.2950459825743291   0.2785496864740337
   0.3993670125101746   0.2979280653095162   0.2815506786631687
   0.4027314963471200   0.3007617935455096   0.2845299147500923
   0.4060629479808809   0.3035447152263470   0.2874880448977930
   0.4093549180259747   0.3062738729753420   0.2904252271217036
   0.4126003164027687   0.3089457525602882   0.2933410356126423
   0.4157914221777074   0.3115562356131603   0.2962343717834798
   0.4189199021241660   0.3141005571873842   0.2991033790346784
   0.4219768381913369   0.3165732686773166   0.3019453621844698
   0.4249527639818905   0.3189682065565725   0.3047567124370978
   0.4278377102549145   0.3212784673155915   0.3075328386662490
   0.4306212593923880   0.3234963888964164   0.3102681056704874
   0.4332926086989806   0.3256135388369685   0.3129557799143010
   0.4358406423505196   0.3276207092518131   0.3155879831048198
   0.4382540117703499   0.3295079186961540   0.3181556537742308
   0.4405212241995293   0.3312644208899741   0.3206485168469648
   0.4426307392406161   0.3328787202261057   0.3230550609758525
   0.4445710731998966   0.3343385939566683   0.3253625232413049
   0.4463309111329166   0.3356311209545485   0.3275568806323408
   0.4478992266162775   0.3367427169890256   0.3296228475797305
   0.4492654094271902   0.3376591765466141   0.3315438787031409
   0.4504194015127207   0.3383657213798136   0.3333021758811751
   0.4513518418731594   0.3388470561888253   0.3348786987732012
   0.4520542212673326   0.3390874321462928   0.3362531780349234
   0.4525190479686717   0.3390707193758895   0.3374041306995448
   0.4527400261537605   0.3387804900062295   0.3383088775711623
   0.4527122488808940   0.3382001140573925   0.3389435630306828
   0.4524324080012450   0.3373128711944529   0.3392831784283309
   0.4518990237201194   0.3361020823171428   0.3393015912810194
   0.4511126968625232   0.3345512660627026   0.3389715838687973
   0.4500763871573670   0.3326443265926909   0.3382649066059110
   0.4487957209846730   0.3303657805207143   0.3371523538359514
   0.4472793319579728   0.3277010325121574   0.3356038725672233
   0.4455392373429297   0.3246367109261921   0.3335887182340614
   0.4435912525156102   0.3211610768223893   0.3310756759554555
   0.4414554442748353   0.3172645216227955   0.3280333710660220
   0.4391566216334826   0.3129401705441362   0.3244306989828534
   0.4367248594653664   0.3081846103413067   0.3202374117372138
   0.4341960457690573   0.3029987605544842   0.3154249065992352
   0.4316124369760663   0.2973889067849225   0.3099672707887914
   0.4290231973031400   0.2913679117865361   0.3038426445785049
   0.4264848872699792   0.2849566143499849   0.2970349719194782
   0.4240618529085989   0.2781854157964448   0.2895362110947333
   0.4218264508217048   0.2710960378499419   0.2813490749050180
   0.4198590254315418   0.2637434120000804   0.2724903564063917
   0.4182475344500569   0.2561976275021218   0.2629948668216201
   0.4170866986805539   0.2485458215916133   0.2529199602964329
   0.4164765358937431   0.2408938410470342   0.2423505383647709
   0.4165201304691372   0.2333674405949918   0.2314043086589020
   0.4173204972834577   0.2261127156472230   0.2202369138923142
   0.4189764280651499   0.2192954038148842   0.2090463514924567
   0.4215772699805166   0.2130986465396150   0.1980758861384684
   0.4251966874457694   0.2077187999555328   0.1876144486325519
   0.4298856030744134   0.2033589482244329   0.1779933680389212
   0.4356646984846652   0.2002199288250223   0.1695782739317550
   0.4425170645301654   0.1984889458657071   0.1627552182314339
   0.4503817921769874   0.1983262241016365   0.1579105790018497
   0.4591494432390346   0.1998506120274083   0.1554051564980350
   0.4686603784414765   0.2031255072994873   0.1555440059276252
   0.4787067960110745   0.2081468449193140   0.1585448070855259
   0.4890390164241386   0.2148350322535599   0.1645086656978131
   0.4993760490291163   0.2230325256432656   0.1733978237851211
   0.5094198589070501   0.2325081728955868   0.1850245106458738
   0.5188721323782169   0.2429685450051520   0.1990539438418839
   0.5274518572477517   0.2540754080478223   0.2150224161359920
   0.5349118144759417   0.2654674780600229   0.2323688961315488
   0.5410521894958440   0.2767839018906239   0.2504762322354323
   0.5457299383592693   0.2876866872695378   0.2687164784192805
   0.5488631894110030   0.2978796068291579   0.2864944364268867
   0.5504306779144419   0.3071218237927691   0.3032842700124777
   0.5504668476209789   0.3152354318283160   0.3186556975697895
   0.5490536973384026   0.3221070400342473   0.3322883152728010
   0.5463106528378845   0.3276842796879471   0.3439745326093848
   0.5423837187811156   0.3319685601302328   0.3536130419873544
   0.5374349701311606   0.3350055456185463   0.3611955285901204
   0.5316331545542029   0.3368747202431884   0.3667894854211796
   0.5251458687076364   0.3376791447652622   0.3705196880678785
   0.5181334951112029   0.3375361796417302   0.3725503065988769
   0.5107448720590954   0.3365696252770532   0.3730689726984880
   0.5031145255016291   0.3349034589654512   0.3722735109106928
   0.4953612132601399   0.3326571475746415   0.3703615564489645
   0.4875875048960129   0.3299423862490097   0.3675229414595300
   0.4798801293634068   0.3268610455905116   0.3639345269020246
   0.4723108528461242   0.3235040876845604   0.3597570614744905
   0.4649376895130494   0.3199512197012189   0.3551336306816298
   0.4578062903230841   0.3162710797155960   0.3501892892793423
   0.4509513945201751   0.3125217831938889   0.3450315259786376
   0.4443982625110727   0.3087516937809163   0.3397512742113472
   0.4381640365006998   0.3050003147130516   0.3344242466430077
   0.4322589966957210   0.3012992254110322   0.3291124282636838
   0.4266876967614142   0.2976730109215073   0.3238656108134210
   0.4214499734521378   0.2941401500033006   0.3187228895655566
   0.4165418328871467   0.2907138413406678   0.3137140728132032
   0.4119562206886679   0.2874027573293693   0.3088609760421074
   0.4076836858858430   0.2842117218615638   0.3041785881484572
   0.4037129497216598   0.2811423132115528   0.2996761075370801
   0.4000313907504359   0.2781933960782929   0.2953578527124561
   0.3966254572335472   0.2753615885476762   0.2912240560464839
   0.3934810170871153   0.2726416705719729   0.2872715515645498
   0.3905836546872192   0.2700269408111070   0.2834943684444427
   0.3879189228174800   0.2675095285526051   0.2798842419271980
   0.3854725570287777   0.2650806670772561   0.2764310528274963
   0.3832306587180178   0.2627309343731095   0.2731232060399283
   0.3811798523464809   0.2604504665938668   0.2699479575289885
   0.3793074214170539   0.2582291491554825   0.2668916983732386
   0.3776014271117674   0.2560567898940927   0.2639402035758741
   0.3760508128479708   0.2539232782825328   0.2610788525943486
   0.3746454974302123   0.2518187343247458   0.2582928278996127
   0.3733764589402209   0.2497336504130080   0.2555672973551337
   0.3722358110026540   0.2476590291321943   0.2528875858008243
   0.3712168725726503   0.2455865197140627   0.2502393409230231
   0.3703142318961016   0.2435085555650557   0.2476086982679147
   0.3695238047793376   0.2414184949924885   0.2449824500855598
   0.3688428867574419   0.2393107669125565   0.2423482225422262
   0.3682701981578518   0.2371810229129216   0.2396946656705316
   0.3678059204096477   0.2350262965339302   0.2370116601928102
   0.3674517212447793   0.2328451699950727   0.2342905449970718
   0.3672107656774696   0.2306379477954856   0.2315243685009845
   0.3670877088422325   0.2284068356282556   0.2287081663312243
   0.3670886659402893   0.2261561218403977   0.2258392665871725
   0.3672211537229670   0.2238923572232520   0.2229176223556892
   0.3674939971800806   0.2216245272235782   0.2199461690011794
   0.3679171944720268   0.2193642087351081   0.2169312009817904
   0.3685017327391902   0.2171257015029699   0.2138827594664315
   0.3692593473572804   0.2149261219263686   0.2108150178139596
   0.3702022176202884   0.2127854448041090   0.2077466470531485
   0.3713425928789411   0.2107264765178362   0.2047011379907255
   0.3726923450042762   0.2087747415404839   0.2017070507236957
   0.3742624458370181   0.2069582633120411   0.1987981565535678
   0.3760623721454917   0.2053072208218020   0.1960134321990480
   0.3780994456065183   0.2038534640958339   0.1933968625916939
   0.3803781214035714   0.2026298756310297   0.1909970074188745
   0.3828992460226092   0.2016695710041474   0.1888662890867636
   0.3856593123593054   0.2010049406377667   0.1870599670693017
   0.3886497477702239   0.2006665460124546   0.1856347766849459
   0.3918562774382898   0.2006818971293653   0.1846472298025247
   0.3952584104406221   0.2010741529865915   0.1841516007474701
   0.3988290981688926   0.2018608020130449   0.1841976517409939
   0.4025346132515655   0.2030523931505165   0.1848281863925506
   0.4063346910502404   0.2046513986216358   0.1860765537230656
   0.4101829647185120   0.2066512943172948   0.1879642545582336
   0.4140277088524960   0.2090359413644063   0.1904988219907395
   0.4178128867469494   0.2117793415825840   0.1936721532537307
   0.4214794737374505   0.2148458199571271   0.1974594581717929
   0.4249670062142108   0.2181906599098225   0.2018189577930485
   0.4282152851740454   0.2217611842793072   0.2066924170347507
   0.4311661471981396   0.2254982398652552   0.2120065313821913
   0.4337652066838902   0.2293380101483980   0.2176751167293645
   0.4359634724265650   0.2332140534271551   0.2236019819301442
   0.4377187495995728   0.2370594455399075   0.2296843044501432
   0.4389967540341499   0.2408088997729610   0.2358162883264770
   0.4397718876288536   0.2444007420881250   0.2418928654802351
   0.4400276491680020   0.2477786363656695   0.2478132078294173
   0.4397566809200963   0.2508929794426319   0.2534838465470312
   0.4389604753787568   0.2537019158895739   0.2588212410898276
   0.4376487861772484   0.2561719539486025   0.2637536972498488
   0.4358388011095543   0.2582781933755658   0.2682225928376978
   0.4335541427563196   0.2600042003717866   0.2721829247715359
   0.4308237636866991   0.2613415826640098   0.2756032370377318
   0.4276807994685534   0.2622893284810545   0.2784650220549796
   0.4241614350498051   0.2628529770131320   0.2807617074199023
   0.4203038299069261   0.2630436859521773   0.2824973466732395
   0.4161471360695490   0.2628772553277296   0.2836851287226135
   0.4117306318937745   0.2623731576251127   0.2843458086963247
   0.4070929841528975   0.2615536135562027   0.2845061462333537
   0.4022716422146759   0.2604427420615237   0.2841974182269533
   0.3973023610643382   0.2590658030582050   0.2834540540121890
   0.3922188447635351   0.2574485426945787   0.2823124234890528
   0.3870524984881311   0.2556166437269881   0.2808097936687314
   0.3818322753357025   0.2535952781685090   0.2789834570705139
   0.3765846033577462   0.2514087554811607   0.2768700263315441
   0.3713333784622209   0.2490802571001262   0.2745048830990661
   0.3661000096779252   0.2466316467479240   0.2719217653725605
   0.3609035045377811   0.2440833455642796   0.2691524754989417
   0.3557605838312111   0.2414542613041579   0.2662266905409395
   0.3506858165487171   0.2387617615322646   0.2631718573175866
   0.3456917673877670   0.2360216816942514   0.2600131556973715
   0.3407891506366367   0.2332483600374708   0.2567735154190550
   0.3359869855588607   0.2304546924869667   0.2534736736002609
   0.3312927495443255   0.2276522016852031   0.2501322620086886
   0.3267125262684062   0.2248511154313312   0.2467659150057266
   0.3222511469135186   0.2220604506812293   0.2433893907591012
   0.3179123231703474   0.2192881000811622   0.2400156998231317
   0.3136987712649322   0.2165409187037521   0.2366562364881059
   0.3096123266703938   0.2138248092398344   0.2333209094058211
   0.3056540494759561   0.2111448043825637   0.2300182689180684
   0.3018243206177731   0.2085051455318524   0.2267556292661689
   0.2981229293409756   0.2059093572596947   0.2235391844627477
   0.2945491523736617   0.2033603172218251   0.2203741170824834
   0.2911018253626593   0.2008603213894349   0.2172646995966205
   0.2877794071574228   0.1984111446162631   0.2142143881549618
   0.2845800375403337   0.1960140966600321   0.2112259089253220
   0.2815015889954019   0.1936700738504346   0.2083013372482803
   0.2785417130880871   0.1913796066450794   0.2054421699666531
   0.2756978820007235   0.1891429033452632   0.2026493913546207
   0.2729674257340305   0.1869598902595121   0.1999235331092060
   0.2703475654477631   0.1848302486080466   0.1972647288836712
   0.2678354433745758   0.1827534484584988   0.1946727638437851
   0.2654281497018634   0.1807287799745563   0.1921471197181497
   0.2631227467776950   0.1787553822464714   0.1896870157962279
