0.017237847
-0.001294113599999999
-0.015074398
-0.024753421
-0.031079412
-0.034880201
-0.037043494
-0.038495738
-0.04017989899999999
-0.04303268199999999
-0.047961774
-0.055823688
-0.06740266699999999
-0.083390904
-0.10437007
-0.13079394
-0.16297154
-0.2010502499999999
-0.2449982299999999
-0.2945854499999999
-0.34936339
-0.4086434599999999
-0.47147549
-0.53662815
-0.60257458
-0.66748737
-0.7292482599999999
-0.7854783499999999
-0.8335945900000001
-0.8708976399999999
-0.8946934
-0.9024475300000001
-0.8919669900000001
-0.8615970000000001
-0.81041608
-0.7384069399999999
-0.6465788
-0.5370181699999999
-0.4128505
-0.27810547
-0.1374909099999999
0.0039057384
0.1409583
0.26884783
0.38337569
0.4812109399999999
0.56005006
0.61868
0.65694878
0.67565888
0.676405
0.66138088
0.63317754
0.5945919
0.54845834
0.49751067
0.44427641
0.39100196
0.33960465
0.29164673
0.24832635
0.21048108
0.17860061
0.15284616
0.13307529
0.1188712299999999
0.10957636
0.10432962
0.10210741
0.10176738
0.10209405
0.1018450499999999
0.09979660400000001
0.09478671000000001
0.08575492300000001
0.071777846
0.052099953
0.02615989499999999
-0.006387090299999999
-0.045649737
-0.091483195
-0.14347246
-0.20091638
-0.26281247
-0.32784409
-0.39437252
-0.46043786
-0.5237741299999999
-0.58184442
-0.63190235
-0.67108505
-0.69654086
-0.70559095
-0.69591908
-0.6657777
-0.61419188
-0.54113806
-0.44767146
-0.3359779
-0.20933163
-0.071951437
0.07123899599999999
0.2149260899999999
0.3537643
0.48273734
0.59748252
0.69454407
0.7715331
0.82718573
0.86132497
0.8747434300000001
0.8690303800000001
0.84636946
0.8093308999999999
0.76067789
0.70320016
0.63958195
0.57230594
0.5035908199999999
0.43535746
0.36921766
0.30647899
0.24816014
0.19501201
0.14754091
0.1060316199999999
0.070568951
0.041057199