       0.23712513       0.15266413       0.15112513
       0.23745342       0.15305076       0.15130999
       0.23782121       0.15347121       0.15153731
       0.23822679       0.15392360       0.15180515
       0.23866845       0.15440612       0.15211165
       0.23914448       0.15491697       0.15245503
       0.23965315       0.15545437       0.15283357
       0.24019274       0.15601655       0.15324562
       0.24076149       0.15660176       0.15368958
       0.24135761       0.15720824       0.15416385
       0.24197925       0.15783422       0.15466690
       0.24262454       0.15847791       0.15519718
       0.24329156       0.15913751       0.15575316
       0.24397830       0.15981118       0.15633329
       0.24468272       0.16049704       0.15693601
       0.24540272       0.16119319       0.15755973
       0.24613611       0.16189766       0.15820281
       0.24688066       0.16260846       0.15886357
       0.24763405       0.16332353       0.15954030
       0.24839391       0.16404075       0.16023121
       0.24915781       0.16475796       0.16093443
       0.24992326       0.16547294       0.16164804
       0.25068769       0.16618341       0.16237005
       0.25144850       0.16688702       0.16309836
       0.25220302       0.16758138       0.16383082
       0.25294857       0.16826403       0.16456517
       0.25368239       0.16893248       0.16529909
       0.25440173       0.16958415       0.16603016
       0.25510377       0.17021646       0.16675586
       0.25578572       0.17082673       0.16747361
       0.25644475       0.17141229       0.16818072
       0.25707805       0.17197040       0.16887444
       0.25768282       0.17249829       0.16955193
       0.25825626       0.17299319       0.17021027
       0.25879562       0.17345227       0.17084645
       0.25929820       0.17387271       0.17145742
       0.25976133       0.17425167       0.17204003
       0.26018243       0.17458632       0.17259108
       0.26055898       0.17487383       0.17310729
       0.26088858       0.17511136       0.17358534
       0.26116892       0.17529614       0.17402186
       0.26139781       0.17542538       0.17441340
       0.26157322       0.17549636       0.17475650
       0.26169327       0.17550642       0.17504765
       0.26175624       0.17545293       0.17528329
       0.26176064       0.17533338       0.17545988
       0.26170517       0.17514531       0.17557381
       0.26158879       0.17488640       0.17562151
       0.26141070       0.17455446       0.17559940
       0.26117042       0.17414741       0.17550390
       0.26086775       0.17366337       0.17533150
       0.26050286       0.17310064       0.17507872
       0.26007628       0.17245774       0.17474216
       0.25958892       0.17173343       0.17431849
       0.25904216       0.17092677       0.17380454
       0.25843782       0.17003710       0.17319728
       0.25777821       0.16906413       0.17249384
       0.25706618       0.16800797       0.17169161
       0.25630513       0.16686914       0.17078823
       0.25549906       0.16564866       0.16978167
       0.25465261       0.16434807       0.16867027
       0.25377105       0.16296951       0.16745283
       0.25286035       0.16151576       0.16612861
       0.25192718       0.15999029       0.16469751
       0.25097895       0.15839732       0.16316006
       0.25002381       0.15674193       0.16151755
       0.24907067       0.15503006       0.15977215
       0.24812920       0.15326859       0.15792696
       0.24720981       0.15146542       0.15598615
       0.24632365       0.14962951       0.15395510
       0.24548258       0.14777092       0.15184044
       0.24469912       0.14590089       0.14965026
       0.24398636       0.14403182       0.14739415
       0.24335793       0.14217731       0.14508336
       0.24282790       0.14035220       0.14273087
       0.24241061       0.13857248       0.14035149
       0.24212059       0.13685531       0.13796194
       0.24197236       0.13521891       0.13558084
       0.24198027       0.13368250       0.13322879
       0.24215830       0.13226613       0.13092827
       0.24251981       0.13099051       0.12870358
       0.24307734       0.12987686       0.12658071
       0.24384234       0.12894660       0.12458715
       0.24482491       0.12822108       0.12275157
       0.24603358       0.12772131       0.12110353
       0.24747504       0.12746754       0.11967307
       0.24915390       0.12747895       0.11849020
       0.25107253       0.12777324       0.11758437
       0.25323085       0.12836623       0.11698390
       0.25562624       0.12927149       0.11671533
       0.25825344       0.13049999       0.11680280
       0.26110460       0.13205978       0.11726739
       0.26416927       0.13395569       0.11812655
       0.26743456       0.13618919       0.11939354
       0.27088531       0.13875821       0.12107699
       0.27450439       0.14165713       0.12318061
       0.27827292       0.14487685       0.12570291
       0.28217072       0.14840490       0.12863726
       0.28617661       0.15222571       0.13197190
       0.29026886       0.15632090       0.13569028
       0.29442557       0.16066966       0.13977144
       0.29862507       0.16524920       0.14419054
       0.30284625       0.17003515       0.14891949
       0.30706892       0.17500209       0.15392763
       0.31127405       0.18012396       0.15918245
       0.31544402       0.18537448       0.16465033
       0.31956272       0.19072759       0.17029713
       0.32361572       0.19615773       0.17608888
       0.32759030       0.20164018       0.18199225
       0.33147543       0.20715122       0.18797499
       0.33526179       0.21266836       0.19400624
       0.33894172       0.21817043       0.20005677
       0.34250912       0.22363765       0.20609910
       0.34595939       0.22905172       0.21210759
       0.34928938       0.23439579       0.21805841
       0.35249728       0.23965449       0.22392956
       0.35558259       0.24481396       0.22970082
       0.35854607       0.24986181       0.23535366
       0.36138966       0.25478713       0.24087124
       0.36411651       0.25958051       0.24623837
       0.36673087       0.26423407       0.25144149
       0.36923815       0.26874143       0.25646874
       0.37164481       0.27309776       0.26130991
       0.37395840       0.27729979       0.26595657
       0.37618746       0.28134580       0.27040207
       0.37834148       0.28523563       0.27464160
       0.38043087       0.28897066       0.27867229
       0.38246682       0.29255379       0.28249316
       0.38446129       0.29598938       0.28610522
       0.38642681       0.29928318       0.28951141
       0.38837644       0.30244227       0.29271660
       0.39032361       0.30547494       0.29572750
       0.39228201       0.30839061       0.29855264
       0.39426542       0.31119966       0.30120219
       0.39628761       0.31391335       0.30368791
       0.39836217       0.31654364       0.30602295
       0.40050239       0.31910306       0.30822172
       0.40272111       0.32160456       0.31029972
       0.40503060       0.32406137       0.31227334
       0.40744244       0.32648681       0.31415971
       0.40996737       0.32889421       0.31597646
       0.41261525       0.33129670       0.31774160
       0.41539490       0.33370714       0.31947327
       0.41831404       0.33613792       0.32118959
       0.42137921       0.33860089       0.32290846
       0.42459572       0.34110723       0.32464740
       0.42796756       0.34366733       0.32642336
       0.43149743       0.34629070       0.32825260
       0.43518663       0.34898590       0.33015048
       0.43903513       0.35176043       0.33213133
       0.44304152       0.35462070       0.33420834
       0.44720303       0.35757193       0.33639343
       0.45151561       0.36061817       0.33869708
       0.45597389       0.36376223       0.34112834
       0.46057134       0.36700564       0.34369464
       0.46530025       0.37034874       0.34640179
       0.47015187       0.37379060       0.34925393
       0.47511649       0.37732909       0.35225349
       0.48018353       0.38096094       0.35540119
       0.48534169       0.38468177       0.35869607
       0.49057901       0.38848614       0.36213553
       0.49588307       0.39236768       0.36571539
       0.50124103       0.39631918       0.36942996
       0.50663985       0.40033262       0.37327218
       0.51206633       0.40439937       0.37723372
       0.51750728       0.40851023       0.38130511
       0.52294962       0.41265558       0.38547591
       0.52838048       0.41682550       0.38973485
       0.53378732       0.42100985       0.39407000
       0.53915799       0.42519841       0.39846893
       0.54448082       0.42938097       0.40291888
       0.54974467       0.43354741       0.40740692
       0.55493900       0.43768784       0.41192009
       0.56005390       0.44179260       0.41644553
       0.56508011       0.44585237       0.42097062
       0.57000901       0.44985825       0.42548309
       0.57483270       0.45380174       0.42997109
       0.57954392       0.45767481       0.43442332
       0.58413604       0.46146991       0.43882902
       0.58860310       0.46518001       0.44317808
       0.59293971       0.46879855       0.44746101
       0.59714105       0.47231947       0.45166903
       0.60120285       0.47573719       0.45579398
       0.60512131       0.47904659       0.45982839
       0.60889310       0.48224299       0.46376544
       0.61251528       0.48532209       0.46759889
       0.61598529       0.48828000       0.47132310
       0.61930089       0.49111313       0.47493298
       0.62246013       0.49381822       0.47842392
       0.62546130       0.49639228       0.48179178
       0.62830291       0.49883252       0.48503282
       0.63098364       0.50113637       0.48814367
       0.63350233       0.50330141       0.49112126
       0.63585790       0.50532534       0.49396279
       0.63804939       0.50720593       0.49666570
       0.64007588       0.50894102       0.49922758
       0.64193648       0.51052846       0.50164617
       0.64363033       0.51196609       0.50391930
       0.64515655       0.51325168       0.50604485
       0.64651423       0.51438294       0.50802071
       0.64770240       0.51535747       0.50984476
       0.64872006       0.51617272       0.51151478
       0.64956611       0.51682595       0.51302848
       0.65023936       0.51731425       0.51438341
       0.65073854       0.51763445       0.51557694
       0.65106223       0.51778312       0.51660622
       0.65120892       0.51775652       0.51746812
       0.65117697       0.51755058       0.51815923
       0.65096461       0.51716086       0.51867577
       0.65056991       0.51658253       0.51901355
       0.64999085       0.51581031       0.51916794
       0.64922526       0.51483843       0.51913377
       0.64827087       0.51366063       0.51890533
       0.64712530       0.51227008       0.51847624
       0.64578609       0.51065938       0.51783943
       0.64425072       0.50882048       0.51698704
       0.64251668       0.50674466       0.51591031
       0.64058147       0.50442253       0.51459956
       0.63844269       0.50184394       0.51304400
       0.63609810       0.49899797       0.51123170
       0.63354571       0.49587293       0.50914943
       0.63078391       0.49245633       0.50678256
       0.62781157       0.48873487       0.50411493
       0.62462824       0.48469447       0.50112869
       0.62123430       0.48032029       0.49780420
       0.61763124       0.47559680       0.49411987
       0.61382189       0.47050791       0.49005203
       0.60981076       0.46503705       0.48557482
       0.60560446       0.45916742       0.48066009
       0.60121205       0.45288228       0.47527734
       0.59664564       0.44616527       0.46939376
       0.59192094       0.43900094       0.46297424
       0.58705794       0.43137532       0.45598167
       0.58208164       0.42327677       0.44837727
       0.57702292       0.41469694       0.44012116
       0.57191941       0.40563197       0.43117336
       0.56681649       0.39608407       0.42149498
       0.56176821       0.38606327       0.41105009
       0.55683834       0.37558961       0.39980813
       0.55210114       0.36469566       0.38774712
       0.54764213       0.35342937       0.37485782
       0.54355833       0.34185725       0.36114892
       0.53995818       0.33006775       0.34665343
       0.53696063       0.31817462       0.33143627
       0.53469330       0.30632004       0.31560285
       0.53328939       0.29467708       0.29930846
       0.53288307       0.28345085       0.28276766
       0.53360317       0.27287786       0.26626266
       0.53556493       0.26322253       0.25014918
       0.53886006       0.25477030       0.23485768
       0.54354540       0.24781647       0.22088784
       0.54963080       0.24265058       0.20879369
       0.55706762       0.23953648       0.19915774
       0.56573914       0.23868918       0.19255342
       0.57545485       0.24025045       0.18949720
       0.58595020       0.24426621       0.19039439
       0.59689333       0.25066913       0.19548513
       0.60789913       0.25927009       0.20479909
       0.61855023       0.26976098       0.21812785
       0.62842288       0.28173023       0.23502191
       0.63711504       0.29468978       0.25481559
       0.64427300       0.30811040       0.27667782
       0.64961344       0.32146070       0.29968178
       0.65293817       0.33424438       0.32288259
       0.65414047       0.34603117       0.34539149
       0.65320298       0.35647819       0.36643657
       0.65018862       0.36534048       0.38540374
       0.64522652       0.37247136       0.40185586
       0.63849537       0.37781444       0.41553196
       0.63020636       0.38139012       0.42633105
       0.62058743       0.38327921       0.43428599
       0.60986989       0.38360601       0.43953292
       0.59827797       0.38252271       0.44228053
       0.58602133       0.38019589       0.44278224
       0.57329031       0.37679593       0.44131298
       0.56025338       0.37248899       0.43815122
       0.54705646       0.36743164       0.43356587
       0.53382341       0.36176747       0.42780777
       0.52065744       0.35562536       0.42110463
       0.50764297       0.34911899       0.41365875
       0.49484778       0.34234719       0.40564672
       0.48232518       0.33539480       0.39722043
       0.47011606       0.32833385       0.38850886
       0.45825087       0.32122491       0.37962028
       0.44675135       0.31411845       0.37064473
       0.43563205       0.30705615       0.36165628
       0.42490165       0.30007211       0.35271535
       0.41456412       0.29319394       0.34387071
       0.40461962       0.28644380       0.33516128
       0.39506535       0.27983918       0.32661777
       0.38589616       0.27339369       0.31826401
       0.37710509       0.26711766       0.31011814
       0.36868385       0.26101872       0.30219362
       0.36062314       0.25510222       0.29450000
       0.35291293       0.24937162       0.28704369
       0.34554275       0.24382883       0.27982849
       0.33850181       0.23847447       0.27285611
       0.33177916       0.23330810       0.26612653
       0.32536384       0.22832842       0.25963836
       0.31924494       0.22353340       0.25338912
       0.31341168       0.21892045       0.24737541
       0.30785345       0.21448651       0.24159318
       0.30255988       0.21022816       0.23603779
       0.29752084       0.20614169       0.23070422
       0.29272646       0.20222314       0.22558714
       0.28816719       0.19846842       0.22068096
       0.28383374       0.19487329       0.21597997
       0.27971715       0.19143344       0.21147834
       0.27580874       0.18814450       0.20717020
       0.27210014       0.18500208       0.20304968
       0.26858328       0.18200181       0.19911091
       0.26525037       0.17913932       0.19534808
       0.26209393       0.17641026       0.19175545
       0.25910673       0.17381037       0.18832736
       0.25628183       0.17133542       0.18505825
       0.25361255       0.16898126       0.18194268
       0.25109245       0.16674380       0.17897532
       0.24871537       0.16461905       0.17615095
       0.24647534       0.16260309       0.17346451
       0.24436667       0.16069211       0.17091104
       0.24238384       0.15888235       0.16848573
       0.24052159       0.15717019       0.16618391
       0.23877482       0.15555208       0.16400103
       0.23713865       0.15402455       0.16193268
       0.23560838       0.15258424       0.15997458
       0.23417950       0.15122789       0.15812257
       0.23284765       0.14995231       0.15637265
       0.23160865       0.14875442       0.15472092
       0.23045849       0.14763122       0.15316360
       0.22939328       0.14657978       0.15169705
       0.22840930       0.14559729       0.15031772
       0.22750295       0.14468100       0.14902221
       0.22667078       0.14382825       0.14780719
       0.22590945       0.14303644       0.14666947
       0.22521575       0.14230308       0.14560595
       0.22458660       0.14162573       0.14461363
       0.22401899       0.14100203       0.14368962
       0.22351005       0.14042967       0.14283109
       0.22305701       0.13990645       0.14203535
       0.22265717       0.13943020       0.14129976
       0.22230794       0.13899883       0.14062178
       0.22200683       0.13861029       0.13999894
       0.22175140       0.13826262       0.13942886
       0.22153931       0.13795388       0.13890923
       0.22136831       0.13768222       0.13843782
       0.22123619       0.13744582       0.13801245
       0.22114084       0.13724291       0.13763103
       0.22108018       0.13707178       0.13729150
       0.22105224       0.13693076       0.13699191
       0.22105507       0.13681822       0.13673032
       0.22108679       0.13673257       0.13650488
       0.22114558       0.13667228       0.13631377
       0.22122968       0.13663584       0.13615523
       0.22133735       0.13662178       0.13602754
       0.22146694       0.13662868       0.13592906
       0.22161681       0.13665514       0.13585814
       0.22178537       0.13669979       0.13581321
       0.22197110       0.13676130       0.13579274
       0.22217250       0.13683838       0.13579521
       0.22238810       0.13692976       0.13581917
       0.22261649       0.13703420       0.13586317
       0.22285628       0.13715048       0.13592583
       0.22310615       0.13727741       0.13600577
       0.22336476       0.13741385       0.13610166
       0.22363086       0.13755865       0.13621219
       0.22390321       0.13771072       0.13633606
       0.22418060       0.13786896       0.13647204
       0.22446187       0.13803232       0.13661888
       0.22474588       0.13819976       0.13677539
       0.22503154       0.13837029       0.13694038
       0.22531779       0.13854292       0.13711269
       0.22560358       0.13871670       0.13729119
       0.22588795       0.13889068       0.13747476
       0.22616992       0.13906397       0.13766232
       0.22644859       0.13923569       0.13785279
       0.22672307       0.13940500       0.13804514
       0.22699252       0.13957105       0.13823834
       0.22725615       0.13973308       0.13843140
       0.22751320       0.13989031       0.13862334
       0.22776296       0.14004201       0.13881322
       0.22800474       0.14018748       0.13900011
       0.22823794       0.14032607       0.13918311
       0.22846196       0.14045715       0.13936138
       0.22867629       0.14058012       0.13953405
       0.22888044       0.14069444       0.13970034
       0.22907398       0.14079959       0.13985947
       0.22925655       0.14089512       0.14001069
       0.22942782       0.14098059       0.14015332
       0.22958753       0.14105564       0.14028668
       0.22973549       0.14111994       0.14041016
       0.22987153       0.14117321       0.14052317
       0.22999560       0.14121523       0.14062518
       0.23010766       0.14124584       0.14071571
       0.23020777       0.14126492       0.14079431
       0.23029603       0.14127242       0.14086060
       0.23037262       0.14126835       0.14091426
       0.23043781       0.14125280       0.14095501
       0.23049190       0.14122589       0.14098263
       0.23053528       0.14118785       0.14099699
       0.23056842       0.14113895       0.14099800
       0.23059186       0.14107953       0.14098564
       0.23060619       0.14101003       0.14095997
       0.23061210       0.14093094       0.14092114
       0.23061035       0.14084285       0.14086933
       0.23060176       0.14074639       0.14080485
       0.23058724       0.14064232       0.14072805
       0.23056776       0.14053145       0.14063940
       0.23054437       0.14041466       0.14053943
       0.23051818       0.14029294       0.14042876
       0.23049039       0.14016735       0.14030811
       0.23046224       0.14003904       0.14017828
       0.23043507       0.13990922       0.14004018
       0.23041027       0.13977920       0.13989479
       0.23038927       0.13965036       0.13974320
       0.23037359       0.13952418       0.13958659
       0.23036478       0.13940219       0.13942623
       0.23036448       0.13928601       0.13926347
       0.23037433       0.13917733       0.13909979
       0.23039604       0.13907790       0.13893673
       0.23043137       0.13898955       0.13877593
       0.23048209       0.13891416       0.13861910
       0.23055002       0.13885368       0.13846806
       0.23063699       0.13881009       0.13832469
       0.23074486       0.13878545       0.13819095
       0.23087549       0.13878183       0.13806889
       0.23103075       0.13880134       0.13796059
       0.23121253       0.13884614       0.13786822
       0.23142269       0.13891838       0.13779399
       0.23166309       0.13902025       0.13774016
       0.23193555       0.13915393       0.13770903
       0.23224189       0.13932160       0.13770293
       0.23258389       0.13952543       0.13772421
       0.23296327       0.13976756       0.13777525
       0.23338172       0.14005012       0.13785842
       0.23384088       0.14037517       0.13797607
       0.23434232       0.14074476       0.13813058
       0.23488753       0.14116084       0.13832426
       0.23547794       0.14162533       0.13855941
       0.23611491       0.14214005       0.13883829
       0.23679968       0.14270674       0.13916307
       0.23753342       0.14332705       0.13953589
       0.23831721       0.14400250       0.13995879
       0.23915199       0.14473453       0.14043374
       0.24003862       0.14552443       0.14096259
       0.24097784       0.14637338       0.14154711
       0.24197026       0.14728240       0.14218891
       0.24301637       0.14825237       0.14288952
       0.24411655       0.14928402       0.14365029
       0.24527103       0.15037792       0.14447245
       0.24647991       0.15153446       0.14535708
       0.24774317       0.15275388       0.14630506
       0.24906065       0.15403623       0.14731713
       0.25043203       0.15538136       0.14839385
       0.25185688       0.15678897       0.14953559
       0.25333462       0.15825856       0.15074251
       0.25486454       0.15978943       0.15201462
       0.25644580       0.16138070       0.15335168
       0.25807741       0.16303129       0.15475329
       0.25975828       0.16473996       0.15621880
       0.26148717       0.16650526       0.15774739
       0.26326273       0.16832555       0.15933801
       0.26508350       0.17019904       0.16098943
       0.26694790       0.17212375       0.16270018
       0.26885426       0.17409755       0.16446863
       0.27080082       0.17611812       0.16629291
       0.27278572       0.17818304       0.16817100
       0.27480702       0.18028971       0.17010070
       0.27686273       0.18243543       0.17207961
       0.27895077       0.18461738       0.17410520
       0.28106904       0.18683263       0.17617480
       0.28321536       0.18907817       0.17828559
       0.28538755       0.19135092       0.18043466
       0.28758336       0.19364773       0.18261899
       0.28980056       0.19596543       0.18483549
       0.29203687       0.19830079       0.18708101
       0.29429002       0.20065058       0.18935236
       0.29655772       0.20301159       0.19164634
       0.29883769       0.20538058       0.19395976
       0.30112764       0.20775438       0.19628943
       0.30342527       0.21012982       0.19863222
       0.30572829       0.21250379       0.20098504
       0.30803438       0.21487326       0.20334490
       0.31034123       0.21723522       0.20570889
       0.31264651       0.21958675       0.20807418
       0.31494784       0.22192500       0.21043810
       0.31724283       0.22424718       0.21279806
       0.31952903       0.22655059       0.21515160
       0.32180392       0.22883256       0.21749642
       0.32406494       0.23109053       0.21983032
       0.32630942       0.23332194       0.22215122
       0.32853459       0.23552430       0.22445716
       0.33073757       0.23769517       0.22674629
       0.33291536       0.23983208       0.22901686
       0.33506480       0.24193260       0.23126716
       0.33718259       0.24399428       0.23349557
       0.33926524       0.24601462       0.23570048
       0.34130909       0.24799108       0.23788028
       0.34331029       0.24992107       0.24003337
       0.34526479       0.25180188       0.24215807
       0.34716832       0.25363072       0.24425262
       0.34901639       0.25540463       0.24631518
       0.35080433       0.25712056       0.24834373
       0.35252721       0.25877524       0.25033608
       0.35417993       0.26036525       0.25228986
       0.35575717       0.26188697       0.25420244
       0.35725340       0.26333656       0.25607091
       0.35866293       0.26470995       0.25789208
       0.35997990       0.26600287       0.25966243
       0.36119831       0.26721077       0.26137809
       0.36231203       0.26832888       0.26303482
       0.36331485       0.26935219       0.26462800
       0.36420049       0.27027543       0.26615259
       0.36496263       0.27109310       0.26760314
       0.36559499       0.27179948       0.26897377
       0.36609132       0.27238862       0.27025819
       0.36644546       0.27285438       0.27144966
       0.36665140       0.27319040       0.27254103
       0.36670331       0.27339021       0.27352472
       0.36659562       0.27344716       0.27439275
       0.36632304       0.27335451       0.27513675
       0.36588063       0.27310543       0.27574799
       0.36526389       0.27269307       0.27621736
       0.36446878       0.27211055       0.27653545
       0.36349179       0.27135104       0.27669256
       0.36233004       0.27040779       0.27667871
       0.36098134       0.26927421       0.27648371
       0.35944422       0.26794386       0.27609717
       0.35771808       0.26641057       0.27550855
       0.35580321       0.26466849       0.27470723
       0.35370092       0.26271213       0.27368251
       0.35141357       0.26053650       0.27242372
       0.34894475       0.25813710       0.27092024
       0.34629929       0.25551013       0.26916159
       0.34348342       0.25265249       0.26713749
       0.34050488       0.24956195       0.26483797
       0.33737299       0.24623729       0.26225346
       0.33409882       0.24267840       0.25937492
       0.33069528       0.23888647       0.25619396
       0.32717727       0.23486419       0.25270303
       0.32356180       0.23061590       0.24889561
       0.31986811       0.22614787       0.24476644
       0.31611781       0.22146850       0.24031183
       0.31233501       0.21658863       0.23552991
       0.30854638       0.21152181       0.23042112
       0.30478127       0.20628465       0.22498855
       0.30107175       0.20089713       0.21923855
       0.29745261       0.19538296       0.21318126
       0.29396132       0.18976995       0.20683128
       0.29063794       0.18409033       0.20020843
       0.28752489       0.17838111       0.19333855
       0.28466664       0.17268433       0.18625433
       0.28210932       0.16704729       0.17899618
       0.27990009       0.16152261       0.17161312
       0.27808648       0.15616822       0.16416353
       0.27671541       0.15104709       0.15671584
       0.27583216       0.14622680       0.14934891
       0.27547907       0.14177873       0.14215221
       0.27569415       0.13777704       0.13522541
       0.27650947       0.13429722       0.12867755
       0.27794960       0.13141428       0.12262548
       0.28002990       0.12920063       0.11719150
       0.28275499       0.12772363       0.11250033
       0.28611736       0.12704286       0.10867509
       0.29009634       0.12720737       0.10583272
       0.29465740       0.12825289       0.10407879
       0.29975213       0.13019939       0.10350205
       0.30531868       0.13304898       0.10416911
       0.31128306       0.13678457       0.10611965
       0.31756094       0.14136934       0.10936267
       0.32406015       0.14674713       0.11387410
       0.33068367       0.15284392       0.11959622
       0.33733288       0.15957024       0.12643904
       0.34391096       0.16682440       0.13428361
       0.35032612       0.17449641       0.14298708
       0.35649452       0.18247211       0.15238914
       0.36234266       0.19063744       0.16231925
       0.36780907       0.19888235       0.17260415
       0.37284527       0.20710424       0.18307494
       0.37741609       0.21521059       0.19357332
       0.38149918       0.22312082       0.20395650
       0.38508408       0.23076728       0.21410067
       0.38817084       0.23809543       0.22390280
       0.39076831       0.24506336       0.23328114
       0.39289248       0.25164078       0.24217437
       0.39456467       0.25780766       0.25053983
       0.39580995       0.26355270       0.25835115
       0.39665577       0.26887172       0.26559550
       0.39713075       0.27376617       0.27227086
       0.39726380       0.27824178       0.27838331
       0.39708349       0.28230738       0.28394480
       0.39661755       0.28597402       0.28897110
       0.39589271       0.28925423       0.29348033
       0.39493452       0.29216156       0.29749180
       0.39376741       0.29471021       0.30102528
       0.39241474       0.29691485       0.30410049
       0.39089891       0.29879052       0.30673694
       0.38924151       0.30035258       0.30895384
       0.38746339       0.30161675       0.31077024
       0.38558478       0.30259909       0.31220509
       0.38362538       0.30331599       0.31327745
       0.38160434       0.30378423       0.31400664
       0.37954032       0.30402089       0.31441230
       0.37745146       0.30404334       0.31451454
       0.37535531       0.30386917       0.31433389
       0.37326881       0.30351607       0.31389138
       0.37120820       0.30300175       0.31320838
       0.36918893       0.30234382       0.31230658
       0.36722561       0.30155969       0.31120785
       0.36533191       0.30066638       0.30993411
       0.36352048       0.29968049       0.30850719
       0.36180291       0.29861802       0.30694864
       0.36018962       0.29749426       0.30527965
       0.35868984       0.29632372       0.30352083
       0.35731155       0.29512001       0.30169212
       0.35606146       0.29389577       0.29981265
       0.35494496       0.29266260       0.29790059
       0.35396611       0.29143095       0.29597307
       0.35312765       0.29021013       0.29404607
       0.35243098       0.28900819       0.29213430
       0.35187615       0.28783195       0.29025115
       0.35146195       0.28668690       0.28840858
       0.35118586       0.28557721       0.28661704
       0.35104413       0.28450568       0.28488543
       0.35103182       0.28347377       0.28322103
       0.35114285       0.28248154       0.28162940
       0.35137007       0.28152768       0.28011438
       0.35170537       0.28060951       0.27867800
       0.35213970       0.27972298       0.27732047
       0.35266324       0.27886271       0.27604012
       0.35326548       0.27802202       0.27483340
       0.35393534       0.27719295       0.27369481
       0.35466133       0.27636633       0.27261698
       0.35543166       0.27553182       0.27159058
       0.35623444       0.27467802       0.27060440
       0.35705779       0.27379252       0.26964535
       0.35789010       0.27286199       0.26869851
       0.35872016       0.27187233       0.26774718
       0.35953737       0.27080877       0.26677296
       0.36033199       0.26965601       0.26575584
       0.36109530       0.26839836       0.26467428
       0.36181991       0.26701998       0.26350534
       0.36249996       0.26550500       0.26222485
       0.36313137       0.26383782       0.26080752
       0.36371215       0.26200329       0.25922718
       0.36424265       0.25998707       0.25745700
       0.36472589       0.25777591       0.25546974
       0.36516782       0.25535805       0.25323809
       0.36557768       0.25272365       0.25073506
       0.36596827       0.24986526       0.24793449
       0.36635633       0.24677841       0.24481158
       0.36676280       0.24346225       0.24134368
       0.36721312       0.23992024       0.23751109
       0.36773750       0.23616100       0.23329820
       0.36837103       0.23219918       0.22869473
       0.36915387       0.22805641       0.22369728
       0.37013108       0.22376234       0.21831108
       0.37135251       0.21935566       0.21255212
       0.37287224       0.21488512       0.20644945
       0.37474788       0.21041039       0.20004768
       0.37703940       0.20600280       0.19340970
       0.37980764       0.20174567       0.18661925
       0.38311225       0.19773419       0.17978336
       0.38700914       0.19407468       0.17303415
       0.39154746       0.19088299       0.16652973
       0.39676608       0.18828188       0.16045376
       0.40268968       0.18639731       0.15501307
       0.40932474       0.18535350       0.15043293
       0.41665558       0.18526687       0.14694966
       0.42464093       0.18623903       0.14480029
       0.43321128       0.18834922       0.14420955
       0.44226764       0.19164671       0.14537464
       0.45168195       0.19614405       0.14844906
       0.46129949       0.20181174       0.15352676
       0.47094352       0.20857534       0.16062868
       0.48042179       0.21631548       0.16969337
       0.48953485       0.22487129       0.18057346
       0.49808527       0.23404706       0.19303901
       0.50588723       0.24362184       0.20678786
       0.51277548       0.25336097       0.22146224
       0.51861288       0.26302855       0.23666994
       0.52329595       0.27239955       0.25200781
       0.52675799       0.28127050       0.26708488
       0.52896974       0.28946786       0.28154303
       0.52993766       0.29685358       0.29507320
       0.52970035       0.30332764       0.30742625
       0.52832361       0.30882790       0.31841816
       0.52589464       0.31332764       0.32793012
       0.52251610       0.31683144       0.33590431
       0.51830032       0.31937006       0.34233675
       0.51336408       0.32099479       0.34726823
       0.50782421       0.32177197       0.35077459
       0.50179400       0.32177787       0.35295717
       0.49538050       0.32109420       0.35393408
       0.48868272       0.31980440       0.35383256
       0.48179041       0.31799072       0.35278282
       0.47478354       0.31573201       0.35091318
       0.46773220       0.31310216       0.34834644
       0.46069691       0.31016918       0.34519748
       0.45372905       0.30699459       0.34157169
       0.44687162       0.30363331       0.33756420
       0.44015995       0.30013371       0.33325964
       0.43362250       0.29653788       0.32873233
       0.42728171       0.29288200       0.32404680
       0.42115470       0.28919684       0.31925838
       0.41525403       0.28550824       0.31441402
       0.40958836       0.28183758       0.30955308
       0.40416304       0.27820232       0.30470812
       0.39898066       0.27461644       0.29990573
       0.39404151       0.27109089       0.29516719
       0.38934403       0.26763400       0.29050922
       0.38488512       0.26425180       0.28594458
       0.38066051       0.26094842       0.28148259
       0.37666502       0.25772631       0.27712966
       0.37289280       0.25458657       0.27288975
       0.36933749       0.25152916       0.26876469
       0.36599247       0.24855308       0.26475460
       0.36285096       0.24565660       0.26085814
       0.35990616       0.24283743       0.25707281
       0.35715136       0.24009280       0.25339514
       0.35458006       0.23741970       0.24982095
       0.35218599       0.23481491       0.24634550
       0.34996325       0.23227519       0.24296369
       0.34790634       0.22979731       0.23967019
       0.34601018       0.22737822       0.23645958
       0.34427021       0.22501507       0.23332650
       0.34268236       0.22270536       0.23026578
       0.34124314       0.22044700       0.22727255
       0.33994958       0.21823835       0.22434235
       0.33879932       0.21607836       0.22147127
       0.33779053       0.21396659       0.21865604
       0.33692198       0.21190330       0.21589416
       0.33619295       0.20988949       0.21318403
       0.33560324       0.20792699       0.21052501
       0.33515311       0.20601847       0.20791758
       0.33484323       0.20416749       0.20536343
       0.33467461       0.20237854       0.20286554
       0.33464852       0.20065704       0.20042831
       0.33476638       0.19900933       0.19805760
       0.33502963       0.19744267       0.19576081
       0.33543964       0.19596517       0.19354690
       0.33599749       0.19458572       0.19142644
       0.33670388       0.19331394       0.18941155
       0.33755890       0.19215997       0.18751583
       0.33856186       0.19113440       0.18575427
       0.33971106       0.19024801       0.18414308
       0.34100366       0.18951155       0.18269944
       0.34243539       0.18893554       0.18144126
       0.34400044       0.18852992       0.18038678
       0.34569124       0.18830374       0.17955415
       0.34749835       0.18826489       0.17896100
       0.34941031       0.18841972       0.17862389
       0.35141360       0.18877270       0.17855772
       0.35349261       0.18932617       0.17877517
       0.35562972       0.19007998       0.17928609
       0.35780532       0.19103128       0.18009697
       0.35999807       0.19217437       0.18121038
       0.36218510       0.19350053       0.18262453
       0.36434230       0.19499806       0.18433298
       0.36644470       0.19665228       0.18632438
       0.36846689       0.19844572       0.18858242
       0.37038344       0.20035836       0.19108595
       0.37216940       0.20236796       0.19380924
       0.37380074       0.20445050       0.19672237
       0.37525485       0.20658059       0.19979185
       0.37651093       0.20873207       0.20298132
       0.37755045       0.21087848       0.20625233
       0.37835738       0.21299367       0.20956523
       0.37891855       0.21505227       0.21288006
       0.37922378       0.21703024       0.21615744
       0.37926598       0.21890526       0.21935940
       0.37904120       0.22065711       0.22245019
       0.37854857       0.22226797       0.22539688
       0.37779015       0.22372265       0.22816993
       0.37677079       0.22500865       0.23074360
       0.37549785       0.22611628       0.23309622
       0.37398095       0.22703859       0.23521029
       0.37223167       0.22777129       0.23707254
       0.37026321       0.22831259       0.23867378
       0.36809012       0.22866302       0.24000876
       0.36572793       0.22882520       0.24107582
       0.36319288       0.22880361       0.24187665
       0.36050165       0.22860430       0.24241582
       0.35767107       0.22823466       0.24270051
       0.35471791       0.22770317       0.24273999
       0.35165870       0.22701915       0.24254535
       0.34850953       0.22619251       0.24212902
       0.34528589       0.22523360       0.24150451
       0.34200264       0.22415296       0.24068603
       0.33867381       0.22296123       0.23968824
       0.33531265       0.22166895       0.23852596
       0.33193150       0.22028647       0.23721402
       0.32854180       0.21882384       0.23576701
       0.32515409       0.21729075       0.23419915
       0.32177800       0.21569645       0.23252420
       0.31842228       0.21404973       0.23075532
       0.31509479       0.21235884       0.22890501
       0.31180260       0.21063153       0.22698509
       0.30855194       0.20887500       0.22500663
       0.30534831       0.20709588       0.22297997
       0.30219649       0.20530032       0.22091466
       0.29910059       0.20349388       0.21881953
       0.29606411       0.20168166       0.21670266
       0.29308994       0.19986823       0.21457142
       0.29018048       0.19805771       0.21243249
       0.28733759       0.19625376       0.21029190
       0.28456270       0.19445961       0.20815504
       0.28185684       0.19267810       0.20602670
       0.27922063       0.19091167       0.20391114
       0.27665439       0.18916245       0.20181205
       0.27415810       0.18743218       0.19973266
       0.27173149       0.18572236       0.19767575
       0.26937403       0.18403416       0.19564364
       0.26708499       0.18236852       0.19363827
       0.26486344       0.18072614       0.19166124
       0.26270827       0.17910748       0.18971378
       0.26061826       0.17751282       0.18779683
       0.25859205       0.17594229       0.18591104
       0.25662817       0.17439581       0.18405682
       0.25472509       0.17287319       0.18223432
       0.25288121       0.17137412       0.18044350
       0.25109488       0.16989817       0.17868411
       0.24936442       0.16844481       0.17695576
       0.24768814       0.16701346       0.17525787
       0.24606435       0.16560346       0.17358976
       0.24449138       0.16421409       0.17195061
       0.24296757       0.16284462       0.17033951
       0.24149131       0.16149427       0.16875547
       0.24006104       0.16016229       0.16719742
       0.23867528       0.15884790       0.16566424
       0.23733260       0.15755035       0.16415478
       0.23603167       0.15626892       0.16266786
       0.23477126       0.15500293       0.16120228
       0.23355025       0.15375175       0.15975685
       0.23236762       0.15251482       0.15833039
       0.23122250       0.15129165       0.15692176
       0.23011414       0.15008184       0.15552986
       0.22904194       0.14888511       0.15415364
       0.22800547       0.14770127       0.15279212
       0.22700443       0.14653025       0.15144442
       0.22603872       0.14537213       0.15010974
       0.22510841       0.14422714       0.14878740
       0.22421373       0.14309566       0.14747685
       0.22335514       0.14197823       0.14617768
       0.22253327       0.14087558       0.14488964
       0.22174894       0.13978862       0.14361263
       0.22100319       0.13871849       0.14234676
       0.22029726       0.13766649       0.14109233
       0.21963259       0.13663418       0.13984985
       0.21901084       0.13562332       0.13862007
       0.21843385       0.13463591       0.13740396
       0.21790369       0.13367420       0.13620277
       0.21742261       0.13274067       0.13501802
       0.21699305       0.13183805       0.13385149
       0.21661764       0.13096932       0.13270527
       0.21629919       0.13013771       0.13158174
       0.21604066       0.12934670       0.13048360
       0.21584517       0.12860001       0.12941387
       0.21571596       0.12790161       0.12837588
       0.21565641       0.12725569       0.12737329
       0.21566997       0.12666666       0.12641009
       0.21576018       0.12613914       0.12549057
       0.21593063       0.12567794       0.12461936
       0.21618494       0.12528802       0.12380137
       0.21652670       0.12497453       0.12304182
       0.21695950       0.12474270       0.12234618
       0.21748685       0.12459787       0.12172020
       0.21811217       0.12454544       0.12116982
       0.21883875       0.12459083       0.12070119
       0.21966972       0.12473946       0.12032062
       0.22060802       0.12499667       0.12003453
       0.22165634       0.12536774       0.11984940
       0.22281714       0.12585779       0.11977177
       0.22409255       0.12647175       0.11980811
       0.22548439       0.12721431       0.11996484
       0.22699413       0.12808991       0.12024822
       0.22862285       0.12910262       0.12066432
       0.23037122       0.13025617       0.12121893
       0.23223948       0.13155383       0.12191754
       0.23422744       0.13299842       0.12276522
       0.23633444       0.13459225       0.12376660
       0.23855935       0.13633709       0.12492581
       0.24090056       0.13823410       0.12624638
       0.24335600       0.14028385       0.12773124
       0.24592313       0.14248624       0.12938262
       0.24859894       0.14484052       0.13120204
       0.25137999       0.14734528       0.13319024
       0.25426239       0.14999839       0.13534715
       0.25724189       0.15279704       0.13767191
       0.26031384       0.15573774       0.14016275
       0.26347327       0.15881631       0.14281707
       0.26671493       0.16202792       0.14563139
       0.27003329       0.16536710       0.14860136
       0.27342264       0.16882779       0.15172178
       0.27687715       0.17240334       0.15498660
       0.28039084       0.17608660       0.15838897
       0.28395776       0.17986996       0.16192129
       0.28757196       0.18374541       0.16557524
       0.29122757       0.18770456       0.16934182
       0.29491890       0.19173881       0.17321149
       0.29864047       0.19583931       0.17717418
       0.30238707       0.19999713       0.18121938
       0.30615383       0.20420328       0.18533631
       0.30993628       0.20844884       0.18951391
       0.31373041       0.21272501       0.19374105
       0.31753266       0.21702321       0.19800656
       0.32134006       0.22133516       0.20229941
       0.32515016       0.22565294       0.20660879
       0.32896112       0.22996910       0.21092422
       0.33277173       0.23427670       0.21523569
       0.33658136       0.23856938       0.21953372
       0.34039002       0.24284140       0.22380955
       0.34419834       0.24708772       0.22805511
       0.34800750       0.25130400       0.23226322
       0.35181927       0.25548665       0.23642758
       0.35563591       0.25963281       0.24054289
       0.35946018       0.26374040       0.24460483
       0.36329521       0.26780808       0.24861017
       0.36714453       0.27183525       0.25255673
       0.37101192       0.27582202       0.25644338
       0.37490136       0.27976917       0.26027011
       0.37881696       0.28367808       0.26403788
       0.38276288       0.28755074       0.26774869
       0.38674321       0.29138962       0.27140549
       0.39076194       0.29519764       0.27501208
       0.39482280       0.29897810       0.27857310
       0.39892922       0.30273456       0.28209390
       0.40308424       0.30647082       0.28558046
       0.40729041       0.31019077       0.28903929
       0.41154972       0.31389835       0.29247733
       0.41586353       0.31759745       0.29590180
       0.42023250       0.32129181       0.29932014
       0.42465651       0.32498494       0.30273981
       0.42913463       0.32868005       0.30616825
       0.43366505       0.33237994       0.30961269
       0.43824509       0.33608695       0.31308006
       0.44287110       0.33980289       0.31657685
       0.44753852       0.34352895       0.32010902
       0.45224181       0.34726565       0.32368184
       0.45697449       0.35101280       0.32729983
       0.46172915       0.35476946       0.33096665
       0.46649749       0.35853389       0.33468498
       0.47127032       0.36230353       0.33845648
       0.47603764       0.36607500       0.34228173
       0.48078870       0.36984409       0.34616013
       0.48551205       0.37360575       0.35008992
       0.49019564       0.37735414       0.35406812
       0.49482686       0.38108263       0.35809053
       0.49939268       0.38478385       0.36215177
       0.50387972       0.38844973       0.36624526
       0.50827434       0.39207156       0.37036327
       0.51256277       0.39564004       0.37449703
       0.51673117       0.39914536       0.37863669
       0.52076576       0.40257725       0.38277151
       0.52465291       0.40592508       0.38688987
       0.52837923       0.40917791       0.39097940
       0.53193165       0.41232459       0.39502707
       0.53529754       0.41535381       0.39901930
       0.53846474       0.41825419       0.40294206
       0.54142167       0.42101433       0.40678099
       0.54415735       0.42362291       0.41052150
       0.54666150       0.42606870       0.41414884
       0.54892457       0.42834067       0.41764823
       0.55093775       0.43042798       0.42100494
       0.55269307       0.43232005       0.42420435
       0.55418333       0.43400660       0.42723203
       0.55540219       0.43547765       0.43007378
       0.55634416       0.43672353       0.43271571
       0.55700460       0.43773493       0.43514422
       0.55737971       0.43850286       0.43734607
       0.55746656       0.43901867       0.43930838
       0.55726305       0.43927400       0.44101860
       0.55676791       0.43926082       0.44246449
       0.55598073       0.43897136       0.44363416
       0.55490191       0.43839809       0.44451595
       0.55353267       0.43753370       0.44509843
       0.55187507       0.43637107       0.44537030
       0.54993200       0.43490322       0.44532036
       0.54770721       0.43312326       0.44493740
       0.54520533       0.43102440       0.44421014
       0.54243191       0.42859991       0.44312709
       0.53939350       0.42584306       0.44167647
       0.53609767       0.42274714       0.43984611
       0.53255314       0.41930548       0.43762334
       0.52876992       0.41551142       0.43499485
       0.52475939       0.41135838       0.43194663
       0.52053454       0.40683994       0.42846385
       0.51611015       0.40194993       0.42453078
       0.51150302       0.39668257       0.42013076
       0.50673231       0.39103270       0.41524618
       0.50181981       0.38499604       0.40985855
       0.49679041       0.37856958       0.40394857
       0.49167241       0.37175197       0.39749639
       0.48649811       0.36454414       0.39048196
       0.48130426       0.35694999       0.38288553
       0.47613260       0.34897724       0.37468840
       0.47103046       0.34063847       0.36587393
       0.46605128       0.33195230       0.35642888
       0.46125511       0.32294488       0.34634515
       0.45670904       0.31365142       0.33562207
       0.45248746       0.30411806       0.32426909
       0.44867201       0.29440374       0.31230926
       0.44535132       0.28458228       0.29978324
       0.44262013       0.27474426       0.28675397
       0.44057790       0.26499887       0.27331180
       0.43932662       0.25547508       0.25958002
       0.43896770       0.24632227       0.24572020
       0.43959791       0.23770958       0.23193691
       0.44130411       0.22982379       0.21848091
       0.44415713       0.22286522       0.20564993
       0.44820461       0.21704132       0.19378567
       0.45346355       0.21255766       0.18326600
       0.45991282       0.20960655       0.17449119
       0.46748660       0.20835350       0.16786375
       0.47606969       0.20892253       0.16376222
       0.48549553       0.21138165       0.16251021
       0.49554797       0.21573029       0.16434370
       0.50596727       0.22189052       0.16938019
       0.51646048       0.22970386       0.17759464
       0.52671561       0.23893495       0.18880626
       0.53641852       0.24928239       0.20267977
       0.54527080       0.26039598       0.21874217
       0.55300682       0.27189859       0.23641386
       0.55940805       0.28341025       0.25505029
       0.56431313       0.29457143       0.27398869
       0.56762314       0.30506305       0.29259378
       0.56930164       0.31462134       0.31029705
       0.56937030       0.32304647       0.32662559
       0.56790101       0.33020513       0.34121886
       0.56500588       0.33602764       0.35383352
       0.56082620       0.34050113       0.36433809
       0.55552176       0.34366009       0.37270027
       0.54926107       0.34557579       0.37896963
       0.54221315       0.34634579       0.38325869
       0.53454115       0.34608425       0.38572424
       0.52639760       0.34491368       0.38655054
       0.51792144       0.34295828       0.38593514
       0.50923626       0.34033890       0.38407770
       0.50044978       0.33716948       0.38117170
       0.49165400       0.33355475       0.37739861
       0.48292606       0.32958901       0.37292445
       0.47432936       0.32535560       0.36789784
       0.46591496       0.32092704       0.36244946
       0.45772299       0.31636551       0.35669240
       0.44978411       0.31172359       0.35072315
       0.44212086       0.30704515       0.34462284
       0.43474893       0.30236626       0.33845883
       0.42767832       0.29771617       0.33228624
       0.42091431       0.29311814       0.32614949
       0.41445837       0.28859032       0.32008377
       0.40830895       0.28414650       0.31411636
       0.40246208       0.27979678       0.30826783
       0.39691198       0.27554816       0.30255312
       0.39165148       0.27140511       0.29698247
       0.38667246       0.26736999       0.29156224
       0.38196614       0.26344346       0.28629560
       0.37752337       0.25962485       0.28118313
       0.37333486       0.25591240       0.27622332
       0.36939134       0.25230361       0.27141305
       0.36568377       0.24879536       0.26674792
       0.36220338       0.24538420       0.26222262
       0.35894185       0.24206644       0.25783116
       0.35589135       0.23883837       0.25356713
       0.35304463       0.23569635       0.24942393
       0.35039503       0.23263694       0.24539492
       0.34793658       0.22965703       0.24147365
       0.34566396       0.22675392       0.23765395
       0.34357257       0.22392539       0.23393010
       0.34165850       0.22116983       0.23029700
       0.33991855       0.21848631       0.22675023
       0.33835018       0.21587462       0.22328626
       0.33695153       0.21333534       0.21990248
       0.33572134       0.21086992       0.21659739
       0.33465892       0.20848071       0.21337070
       0.33376405       0.20617099       0.21022337
       0.33303696       0.20394501       0.20715782
       0.33247819       0.20180796       0.20417790
       0.33208848       0.19976600       0.20128906
       0.33186864       0.19782624       0.19849834
       0.33181944       0.19599661       0.19581442
       0.33194139       0.19428587       0.19324762
       0.33223462       0.19270344       0.19080985
       0.33269866       0.19125931       0.18851456
       0.33333224       0.18996381       0.18637655
       0.33413309       0.18882745       0.18441186
       0.33509773       0.18786066       0.18263745
       0.33622129       0.18707353       0.18107093
       0.33749730       0.18647553       0.17973019
       0.33891750       0.18607515       0.17863293
       0.34047174       0.18587960       0.17779621
       0.34214786       0.18589447       0.17723587
       0.34393161       0.18612340       0.17696595
       0.34580669       0.18656777       0.17699813
       0.34775475       0.18722644       0.17734113
       0.34975556       0.18809549       0.17800013
       0.35178716       0.18916812       0.17897628
       0.35382615       0.19043449       0.18026632
       0.35584797       0.19188177       0.18186220
       0.35782731       0.19349423       0.18375098
       0.35973852       0.19525337       0.18591479
       0.36155604       0.19713826       0.18833094
       0.36325492       0.19912585       0.19097227
       0.36481125       0.20119144       0.19380762
       0.36620266       0.20330914       0.19680243
       0.36740870       0.20545242       0.19991946
       0.36841126       0.20759464       0.20311966
       0.36919483       0.20970962       0.20636300
       0.36974681       0.21177213       0.20960944
       0.37005762       0.21375840       0.21281972
       0.37012081       0.21564653       0.21595627
       0.36993305       0.21741682       0.21898389
       0.36949405       0.21905205       0.22187043
       0.36880645       0.22053768       0.22458725
       0.36787560       0.22186194       0.22710961
       0.36670930       0.22301585       0.22941692
       0.36531753       0.22399317       0.23149280
       0.36371216       0.22479031       0.23332508
       0.36190659       0.22540614       0.23490568
       0.35991547       0.22584180       0.23623035
       0.35775437       0.22610045       0.23729844
       0.35543947       0.22618705       0.23811250
       0.35298730       0.22610806       0.23867791
       0.35041450       0.22587122       0.23900254
       0.34773755       0.22548526       0.23909626
       0.34497263       0.22495967       0.23897064
       0.34213542       0.22430450       0.23863852
       0.33924098       0.22353013       0.23811370
       0.33630364       0.22264711       0.23741062
       0.33333690       0.22166596       0.23654404
       0.33035340       0.22059711       0.23552887
       0.32736487       0.21945070       0.23437989
       0.32438208       0.21823654       0.23311163
       0.32141488       0.21696404       0.23173816
       0.31847219       0.21564210       0.23027305
       0.31556199       0.21427913       0.22872920
       0.31269139       0.21288296       0.22711883
       0.30986663       0.21146088       0.22545343
       0.30709313       0.21001957       0.22374370
       0.30437554       0.20856517       0.22199954
       0.30171777       0.20710321       0.22023008
       0.29912302       0.20563869       0.21844365
       0.29659387       0.20417604       0.21664780
       0.29413227       0.20271917       0.21484936
       0.29173964       0.20127150       0.21305441
       0.28941686       0.19983595       0.21126835
       0.28716436       0.19841497       0.20949590
       0.28498210       0.19701061       0.20774117
       0.28286969       0.19562449       0.20600765
       0.28082634       0.19425784       0.20429830
       0.27885098       0.19291155       0.20261553
       0.27694221       0.19158616       0.20096124
       0.27509839       0.19028191       0.19933689
       0.27331765       0.18899875       0.19774351
       0.27159792       0.18773635       0.19618170
       0.26993696       0.18649417       0.19465172
       0.26833236       0.18527141       0.19315345
       0.26678162       0.18406710       0.19168647
       0.26528211       0.18288007       0.19025006
       0.26383115       0.18170899       0.18884324
       0.26242597       0.18055240       0.18746476
       0.26106380       0.17940871       0.18611315
       0.25974183       0.17827620       0.18478675
       0.25845726       0.17715309       0.18348369
       0.25720731       0.17603750       0.18220196
       0.25598926       0.17492753       0.18093937
       0.25480041       0.17382121       0.17969363
       0.25363817       0.17271655       0.17846232
       0.25250005       0.17161157       0.17724294
       0.25138363       0.17050428       0.17603290
       0.25028667       0.16939273       0.17482956
       0.24920705       0.16827502       0.17363022
       0.24814281       0.16714929       0.17243217
       0.24709219       0.16601379       0.17123270
       0.24605362       0.16486684       0.17002909
       0.24502575       0.16370689       0.16881866
       0.24400746       0.16253252       0.16759877
       0.24299789       0.16134246       0.16636686
       0.24199645       0.16013564       0.16512044
       0.24100282       0.15891117       0.16385717
       0.24001700       0.15766836       0.16257479
       0.23903932       0.15640679       0.16127125
       0.23807041       0.15512630       0.15994465
       0.23711130       0.15382700       0.15859331
       0.23616335       0.15250934       0.15721581
       0.23522830       0.15117409       0.15581099
       0.23430832       0.14982239       0.15437799
       0.23340595       0.14845577       0.15291631
       0.23252415       0.14707618       0.15142581
       0.23166631       0.14568601       0.14990676
       0.23083622       0.14428811       0.14835992
       0.23003812       0.14288584       0.14678652
       0.22927666       0.14148305       0.14518832
       0.22855690       0.14008415       0.14356769
       0.22788430       0.13869410       0.14192761
       0.22726472       0.13731841       0.14027172
       0.22670438       0.13596319       0.13860438
       0.22620981       0.13463514       0.13693069
       0.22578789       0.13334155       0.13525653
       0.22544570       0.13209028       0.13358859
       0.22519059       0.13088977       0.13193438
       0.22503002       0.12974902       0.13030228
       0.22497156       0.12867752       0.12870152
       0.22502279       0.12768527       0.12714217
       0.22519125       0.12678267       0.12563513
       0.22548432       0.12598050       0.12419210
       0.22590916       0.12528981       0.12282552
       0.22647259       0.12472185       0.12154854
       0.22718103       0.12428799       0.12037485
       0.22804035       0.12399954       0.11931865
       0.22905582       0.12386772       0.11839450
       0.23023198       0.12390346       0.11761715
       0.23157256       0.12411727       0.11700140
       0.23308040       0.12451914       0.11656189
       0.23475736       0.12511833       0.11631292
       0.23660428       0.12592330       0.11626826
       0.23862090       0.12694150       0.11644088
       0.24080585       0.12817927       0.11684278
       0.24315661       0.12964172       0.11748476
       0.24566954       0.13133264       0.11837623
       0.24833987       0.13325436       0.11952501
       0.25116178       0.13540774       0.12093720
       0.25412843       0.13779209       0.12261699
       0.25723201       0.14040518       0.12456662
       0.26046390       0.14324320       0.12678630
       0.26381473       0.14630086       0.12927414
       0.26727448       0.14957139       0.13202622
       0.27083264       0.15304662       0.13503660
       0.27447833       0.15671710       0.13829741
       0.27820039       0.16057221       0.14179899
       0.28198755       0.16460026       0.14552997
       0.28582852       0.16878865       0.14947748
       0.28971214       0.17312398       0.15362730
       0.29362746       0.17759224       0.15796404
       0.29756385       0.18217890       0.16247131
       0.30151110       0.18686908       0.16713194
       0.30545951       0.19164767       0.17192809
       0.30939995       0.19649949       0.17684148
       0.31332396       0.20140939       0.18185351
       0.31722379       0.20636238       0.18694544
       0.32109247       0.21134375       0.19209850
       0.32492389       0.21633919       0.19729406
       0.32871280       0.22133490       0.20251374
       0.33245491       0.22631767       0.20773956
       0.33614689       0.23127501       0.21295404
       0.33978645       0.23619526       0.21814037
       0.34337230       0.24106765       0.22328253
       0.34690425       0.24588239       0.22836540
       0.35038317       0.25063079       0.23337490
       0.35381099       0.25530528       0.23829812
       0.35719072       0.25989951       0.24312345
       0.36052640       0.26440836       0.24784066
       0.36382308       0.26882802       0.25244102
       0.36708675       0.27315596       0.25691740
       0.37032431       0.27739099       0.26126430
       0.37354348       0.28153318       0.26547792
       0.37675268       0.28558392       0.26955619
       0.37996102       0.28954578       0.27349878
       0.38317810       0.29342255       0.27730707
       0.38641395       0.29721908       0.28098413
       0.38967892       0.30094125       0.28453466
       0.39298350       0.30459588       0.28796488
       0.39633827       0.30819057       0.29128250
       0.39975369       0.31173365       0.29449655
       0.40324003       0.31523403       0.29761730
       0.40680724       0.31870107       0.30065609
       0.41046480       0.32214447       0.30362519
       0.41422161       0.32557414       0.30653768
       0.41808589       0.32900005       0.30940723
       0.42206506       0.33243213       0.31224800
       0.42616567       0.33588012       0.31507441
       0.43039326       0.33935348       0.31790102
       0.43475233       0.34286123       0.32074234
       0.43924624       0.34641187       0.32361264
       0.44387717       0.35001325       0.32652583
       0.44864608       0.35367250       0.32949527
       0.45355265       0.35739592       0.33253361
       0.45859529       0.36118888       0.33565264
       0.46377114       0.36505581       0.33886317
       0.46907606       0.36900009       0.34217490
       0.47450465       0.37302402       0.34559626
       0.48005032       0.37712879       0.34913436
       0.48570532       0.38131446       0.35279487
       0.49146081       0.38557994       0.35658196
       0.49730694       0.38992306       0.36049827
       0.50323295       0.39434050       0.36454484
       0.50922726       0.39882791       0.36872115
       0.51527756       0.40337992       0.37302509
       0.52137098       0.40799024       0.37745304
       0.52749413       0.41265168       0.38199988
       0.53363332       0.41735630       0.38665913
       0.53977458       0.42209547       0.39142299
       0.54590388       0.42685999       0.39628248
       0.55200716       0.43164017       0.40122759
       0.55807051       0.43642596       0.40624736
       0.56408026       0.44120707       0.41133009
       0.57002304       0.44597304       0.41646345
       0.57588592       0.45071339       0.42163463
       0.58165646       0.45541766       0.42683053
       0.58732279       0.46007558       0.43203787
       0.59287367       0.46467706       0.43724333
       0.59829853       0.46921236       0.44243372
       0.60358749       0.47367209       0.44759602
       0.60873142       0.47804728       0.45271756
       0.61372194       0.48232944       0.45778607
       0.61855143       0.48651058       0.46278978
       0.62321301       0.49058328       0.46771747
       0.62770057       0.49454063       0.47255852
       0.63200874       0.49837631       0.47730296
       0.63613285       0.50208458       0.48194148
       0.64006895       0.50566026       0.48646548
       0.64381377       0.50909874       0.49086703
       0.64736465       0.51239593       0.49513891
       0.65071959       0.51554832       0.49927460
       0.65387714       0.51855289       0.50326822
       0.65683643       0.52140712       0.50711457
       0.65959710       0.52410895       0.51080910
       0.66215926       0.52665679       0.51434784
       0.66452350       0.52904946       0.51772742
       0.66669083       0.53128618       0.52094503
       0.66866264       0.53336652       0.52399839
       0.67044067       0.53529041       0.52688571
       0.67202700       0.53705810       0.52960570
       0.67342401       0.53867012       0.53215747
       0.67463433       0.54012725       0.53454056
       0.67566083       0.54143053       0.53675490
       0.67650660       0.54258120       0.53880077
       0.67717488       0.54358067       0.54067875
       0.67766911       0.54443054       0.54238974
       0.67799280       0.54513251       0.54393490
       0.67814960       0.54568843       0.54531562
       0.67814321       0.54610019       0.54653349
       0.67797741       0.54636977       0.54759030
       0.67765597       0.54649920       0.54848799
       0.67718270       0.54649050       0.54922860
       0.67656136       0.54634568       0.54981430
       0.67579571       0.54606675       0.55024730
       0.67488943       0.54565564       0.55052989
       0.67384612       0.54511422       0.55066433
       0.67266931       0.54444425       0.55065292
       0.67136241       0.54364739       0.55049787
       0.66992869       0.54272513       0.55020137
       0.66837129       0.54167884       0.54976549
       0.66669322       0.54050966       0.54919220
       0.66489728       0.53921856       0.54848332
       0.66298613       0.53780626       0.54764049
       0.66096222       0.53627324       0.54666516
       0.65882780       0.53461970       0.54555854
       0.65658493       0.53284555       0.54432159
       0.65423544       0.53095036       0.54295498
       0.65178095       0.52893338       0.54145905
       0.64922285       0.52679348       0.53983380
       0.64656230       0.52452912       0.53807884
       0.64380026       0.52213837       0.53619333
       0.64093742       0.51961882       0.53417601
       0.63797430       0.51696759       0.53202506
       0.63491116       0.51418130       0.52973816
       0.63174810       0.51125605       0.52731236
       0.62848501       0.50818734       0.52474405
       0.62512163       0.50497010       0.52202894
       0.62165752       0.50159864       0.51916197
       0.61809219       0.49806661       0.51613721
       0.61442504       0.49436697       0.51294787
       0.61065547       0.49049201       0.50958615
       0.60678293       0.48643325       0.50604321
       0.60280696       0.48218151       0.50230903
       0.59872734       0.47772685       0.49837239
       0.59454417       0.47305856       0.49422069
       0.59025795       0.46816523       0.48983991
       0.58586985       0.46303471       0.48521450
       0.58138175       0.45765423       0.48032724
       0.57679659       0.45201043       0.47515920
       0.57211853       0.44608949       0.46968961
       0.56735328       0.43987731       0.46389581
       0.56250843       0.43335970       0.45775322
       0.55759387       0.42652265       0.45123536
       0.55262224       0.41935277       0.44431388
       0.54760941       0.41183766       0.43695874
       0.54257509       0.40396659       0.42913853
       0.53754347       0.39573122       0.42082083
       0.53254389       0.38712651       0.41197293
       0.52761165       0.37815184       0.40256272
       0.52278870       0.36881238       0.39256001
       0.51812447       0.35912069       0.38193822
       0.51367656       0.34909859       0.37067665
       0.50951137       0.33877933       0.35876343
       0.50570446       0.32820994       0.34619917
       0.50234069       0.31745385       0.33300146
       0.49951379       0.30659360       0.31921031
       0.49732540       0.29573338       0.30489439
       0.49588315       0.28500136       0.29015798
       0.49529786       0.27455129       0.27514825
       0.49567935       0.26456296       0.26006240
       0.49713099       0.25524109       0.24515354
       0.49974275       0.24681185       0.23073438
       0.50358299       0.23951672       0.21717687
       0.50868917       0.23360291       0.20490644
       0.51505834       0.22931043       0.19438880
       0.52263801       0.22685597       0.18610844
       0.53131881       0.22641442       0.18053830
       0.54093022       0.22809966       0.17810193
       0.55124060       0.23194682       0.17913118
       0.56196260       0.23789856       0.18382416
       0.57276428       0.24579811       0.19220980
       0.58328558       0.25539088       0.20412538
       0.59315885       0.26633576       0.21921240
       0.60203124       0.27822540       0.23693343
       0.60958649       0.29061333       0.25660890
       0.61556356       0.30304456       0.27746941
       0.61976999       0.31508581       0.29871592
       0.62208887       0.32635166       0.31957944
       0.62247908       0.33652392       0.33937240
       0.62096977       0.34536292       0.35752619
       0.61765024       0.35271059       0.37361236
       0.61265723       0.35848654       0.38734788
       0.60616110       0.36267900       0.39858714
       0.59835252       0.36533261       0.40730443
       0.58943062       0.36653498       0.41357122
       0.57959332       0.36640362       0.41753166
       0.56902987       0.36507413       0.41937918
       0.55791576       0.36269043       0.41933595
       0.54640955       0.35939708       0.41763611
       0.53465137       0.35533359       0.41451290
       0.52276261       0.35063072       0.41018954
       0.51084664       0.34540812       0.40487329
       0.49898996       0.33977326       0.39875207
       0.48726380       0.33382120       0.39199302
       0.47572584       0.32763489       0.38474247
       0.46442194       0.32128600       0.37712684
       0.45338783       0.31483582       0.36925415
       0.44265061       0.30833634       0.36121574
       0.43223021       0.30183137       0.35308822
       0.42214057       0.29535753       0.34493530
       0.41239069       0.28894523       0.33680957
       0.40298560       0.28261959       0.32875411
       0.39392706       0.27640116       0.32080393
       0.38521428       0.27030665       0.31298725
       0.37684439       0.26434949       0.30532658
       0.36881291       0.25854037       0.29783970
       0.36111413       0.25288765       0.29054040
       0.35374137       0.24739774       0.28343921
       0.34668726       0.24207543       0.27654393
       0.33994389       0.23692412       0.26986012
       0.33350301       0.23194603       0.26339150
       0.32735612       0.22714245       0.25714026
       0.32149458       0.22251382       0.25110732
       0.31590971       0.21805992       0.24529260
       0.31059281       0.21377992       0.23969514
       0.30553523       0.20967254       0.23431332
       0.30072841       0.20573605       0.22914490
       0.29616391       0.20196839       0.22418722
       0.29183340       0.19836722       0.21943721
       0.28772873       0.19492993       0.21489148
       0.28384190       0.19165371       0.21054639
       0.28016506       0.18853556       0.20639809
       0.27669057       0.18557234       0.20244254
       0.27341094       0.18276078       0.19867557
       0.27031887       0.18009750       0.19509289
       0.26740726       0.17757904       0.19169011
       0.26466918       0.17520186       0.18846276
       0.26209787       0.17296235       0.18540632
       0.25968679       0.17085685       0.18251621
       0.25742957       0.16888169       0.17978780
       0.25532001       0.16703315       0.17721646
       0.25335211       0.16530749       0.17479753
       0.25152007       0.16370097       0.17252633
       0.24981825       0.16220985       0.17039818
       0.24824122       0.16083039       0.16840843
       0.24678371       0.15955888       0.16655243
       0.24544065       0.15839161       0.16482555
       0.24420717       0.15732493       0.16322319
       0.24307856       0.15635521       0.16174080
       0.24205031       0.15547886       0.16037389
       0.24111809       0.15469236       0.15911801
       0.24027776       0.15399224       0.15796878
       0.23952533       0.15337508       0.15692190
       0.23885704       0.15283755       0.15597316
       0.23826925       0.15237639       0.15511842
       0.23775852       0.15198840       0.15435366
       0.23732157       0.15167050       0.15367496
       0.23695529       0.15141965       0.15307851
       0.23665670       0.15123294       0.15256064
       0.23642300       0.15110753       0.15211777
       0.23625151       0.15104066       0.15174647
       0.23613969       0.15102968       0.15144344
       0.23608512       0.15107203       0.15120552
       0.23608551       0.15116524       0.15102967
       0.23613865       0.15130690       0.15091299
       0.23624246       0.15149472       0.15085273
       0.23639491       0.15172647       0.15084625
       0.23659408       0.15200000       0.15089106
       0.23683809       0.15231323       0.15098477
       0.23712513       0.15266413       0.15112513
