-0.010224555
-0.014364471
-0.018509499
-0.023425555
-0.029862932
-0.038540995
-0.050133507
-0.06525478299999999
-0.084446721
-0.10816654
-0.13677491
-0.17052396
-0.2095445799999999
-0.2538324799999999
-0.30323249
-0.35742077
-0.41588533
-0.47790526
-0.54253037
-0.60856332
-0.6745475199999999
-0.73876479
-0.79924766
-0.85381127
-0.90010981
-0.9357209599999999
-0.95825999
-0.9655213800000001
-0.9556418300000001
-0.9272735600000001
-0.87975195
-0.8132382099999999
-0.7288164
-0.6285256999999999
-0.5153145799999999
-0.39291182
-0.26562031
-0.13805052
-0.014820077
0.099749084
0.2019038
0.28867573
0.35802188
0.40888206
0.44115681
0.45561804
0.45377077
0.43768589
0.40982325
0.37286058
0.32953937
0.2825338599999999
0.2343455
0.18722178
0.1430969699999999
0.10355121
0.06978471599999999
0.042604775
0.022423649
0.0092669915
0.0027926491
0.002320171499999999
0.0068712026
0.015220412
0.02595587999999999
0.03754700199999999
0.048417182
0.05701809899999999
0.061902089
0.061789464
0.05562813399999999
0.04264372999999999
0.02237938799999999
-0.0052748433
-0.040062343
-0.08134921800000001
-0.1281219399999999
-0.17899333
-0.23221796
-0.28571907
-0.33713026
-0.38385596
-0.42315457
-0.45224728
-0.46845346
-0.46934977
-0.45294592
-0.41786475
-0.36350946
-0.29019781
-0.19924215
-0.092957225
0.025415791
0.15187054
0.28187202
0.41064702
0.5334987199999999
0.64611177
0.74481553
0.8267801999999999
0.8901303999999999
0.93397298
0.9583462000000001
0.9641063600000001
0.95277201
0.92634763
0.88714584
0.8376238900000001
0.78024429
0.71736527
0.65116171
0.58357448
0.51628406
0.45070303
0.3879823399999999
0.3290265199999999
0.27451364
0.22491722
0.1805277
0.14147228
0.1077326
0.079160091
0.055489387
0.036350381
0.021279504
0.0097309091
0.001088068999999999
-0.0053238343