   0.5278180251454393   0.4008130155174539   0.4061964004805311
   0.5274483254509468   0.4002261266557050   0.4061148209076381
   0.5270455472880675   0.3995955802508387   0.4059874853324589
   0.5266098413492202   0.3989207968868187   0.4058134132786844
   0.5261413852250385   0.3982012008733146   0.4055916105490275
   0.5256403844816280   0.3974362212377300   0.4053210716991962
   0.5251070737155724   0.3966252924321796   0.4050007803885973
   0.5245417176470678   0.3957678550398850   0.4046297093751131
   0.5239446122631123   0.3948633565330610   0.4042068204719129
   0.5233160860149266   0.3939112520957520   0.4037310645203742
   0.5226565010724536   0.3929110055195403   0.4032013813964704
   0.5219662546383552   0.3918620901790756   0.4026167000617620
   0.5212457803237380   0.3907639900942646   0.4019759386686654
   0.5204955495876343   0.3896162010860133   0.4012780047293747
   0.5197160732421290   0.3884182320326980   0.4005217953580480
   0.5189079030248462   0.3871696062347856   0.3997061975964067
   0.5180716332403151   0.3858698628953663   0.3988300888335849
   0.5172079024715275   0.3845185587247199   0.3978923373319229
   0.5163173953627326   0.3831152696773590   0.3968918028713109
   0.5154008444742368   0.3816595928303786   0.3958273375257266
   0.5144590322096285   0.3801511484122812   0.3946977865866853
   0.5134927928154412   0.3785895819917857   0.3935019896495036
   0.5125030144528614   0.3769745668364767   0.3922387818795128
   0.5114906413405291   0.3753058064514319   0.3909069954766588
   0.5104566759669354   0.3735830373082812   0.3895054613583224
   0.5094021813702462   0.3718060317753656   0.3880330110816260
   0.5083282834826568   0.3699746012598935   0.3864884790280022
   0.5072361735355504   0.3680885995731235   0.3848707048743778
   0.5061271105208082   0.3661479265296986   0.3831785363769341
   0.5050024237026006   0.3641525317922632   0.3814108324950720
   0.5038635151728391   0.3621024189724025   0.3795664668849081
   0.5027118624422160   0.3599976499987706   0.3776443317933397
   0.5015490210573594   0.3578383497629371   0.3756433423854191
   0.5003766272331220   0.3556247110530452   0.3735624415395096
   0.4991964004873238   0.3533569997847406   0.3714006051462982
   0.4980101462634735   0.3510355605380119   0.3691568479493659
   0.4968197585249780   0.3486608224075803   0.3668302299664598
   0.4956272223022222   0.3462333051731932   0.3644198635319408
   0.4944346161715617   0.3437536257946454   0.3619249210020250
   0.4932441146427731   0.3412225052345189   0.3593446431652792
   0.4920579904288273   0.3386407756094556   0.3566783484014433
   0.4908786165689925   0.3360093876682267   0.3539254426317888
   0.4897084683732330   0.3333294185919199   0.3510854301039750
   0.4885501251526628   0.3306020801081540   0.3481579250535288
   0.4874062716974348   0.3278287269073419   0.3451426642825667
   0.4862796994599351   0.3250108653446179   0.3420395206941646
   0.4851733073974777   0.3221501624060427   0.3388485178176274
   0.4840901024249473   0.3192484549121358   0.3355698453557739
   0.4830331994239810   0.3163077589255315   0.3322038757800526
   0.4820058207514102   0.3133302793226749   0.3287511819926847
   0.4810112951857891   0.3103184194818553   0.3252125560669489
   0.4800530562470361   0.3072747910315563   0.3215890290670022
   0.4791346398205105   0.3042022235940467   0.3178818919370904
   0.4782596810133624   0.3011037744493376   0.3140927174364813
   0.4774319101678053   0.2979827380341288   0.3102233830807692
   0.4766551479531353   0.2948426551791541   0.3062760950321879
   0.4759332994560441   0.2916873219764998   0.3022534128610744
   0.4752703471870884   0.2885207981560503   0.2981582750775200
   0.4746703429202976   0.2853474148373332   0.2939940253064106
   0.4741373982829343   0.2821717815098145   0.2897644389504227
   0.4736756740135497   0.2789987920812866   0.2854737501541187
   0.4732893678088946   0.2758336298206134   0.2811266788480369
   0.4729827006841090   0.2726817710079942   0.2767284576148107
   0.4727599017761361   0.2695489870933273   0.2722848580799750
   0.4726251915277046   0.2664413451515997   0.2678022164886257
   0.4725827631986556   0.2633652064137972   0.2632874580858209
   0.4726367626630804   0.2603272226431286   0.2587481198741989
   0.4727912664648634   0.2573343301197984   0.2541923712773672
   0.4730502581209358   0.2543937409937150   0.2496290321931141
   0.4734176026809867   0.2515129317639093   0.2450675878774422
   0.4738970195746653   0.2486996286466853   0.2405182000600332
   0.4744920538024229   0.2459617896022036   0.2359917136554731
   0.4752060455542081   0.2433075828019747   0.2314996584039598
   0.4760420983709978   0.2407453613381794   0.2270542447520727
   0.4770030459976224   0.2382836340004497   0.2226683532704033
   0.4780914181111608   0.2359310319772331   0.2183555169024579
   0.4793094051470336   0.2336962713775927   0.2141298953503721
   0.4806588224843434   0.2315881115155648   0.2100062409297044
   0.4821410742923731   0.2296153089532188   0.2059998552700089
   0.4837571173808030   0.2277865673603036   0.2021265363019132
   0.4855074254362113   0.2261104833176505   0.1984025150567610
   0.4873919540659384   0.2245954882678171   0.1948443819128373
   0.4894101071062178   0.2232497868991184   0.1914690020536894
   0.4915607046835338   0.2220812923370912   0.1882934200593330
   0.4938419535451603   0.2210975586092563   0.1853347537298371
   0.4962514201954578   0.2203057109430475   0.1826100774416226
   0.4987860073874922   0.2197123745509585   0.1801362955576667
   0.5014419345235809   0.2193236026489897   0.1779300066505201
   0.5042147225122485   0.2191448045417359   0.1760073595473919
   0.5070991836117985   0.2191806746871565   0.1743839024643124
   0.5100894167613041   0.2194351237232118   0.1730744267552468
   0.5131788088577087   0.2199112124941349   0.1720928070548380
   0.5163600423826034   0.2206110901531546   0.1714518398322248
   0.5196251097140427   0.2215359374381716   0.1711630825896193
   0.5229653343779784   0.2226859162147342   0.1712366961242354
   0.5263713994013045   0.2240601263545256   0.1716812924169974
   0.5298333828254445   0.2256565709659943   0.1725037908078951
   0.5333408003275423   0.2274721309158247   0.1737092851583697
   0.5368826547778661   0.2295025494756368   0.1753009246794274
   0.5404474924394376   0.2317424277983918   0.1772798110155776
   0.5440234653921237   0.2341852317751970   0.1796449140165216
   0.5475983996414853   0.2368233106481730   0.1823930084002905
   0.5511598682558939   0.2396479275623024   0.1855186332153655
   0.5546952687670669   0.2426493020330870   0.1890140756498361
   0.5581919039724463   0.2458166640924254   0.1928693803201521
   0.5616370651957809   0.2491383196580065   0.1970723847102026
   0.5650181169975219   0.2526017264576185   0.2016087809352052
   0.5683225822814426   0.2561935796351742   0.2064622034879175
   0.5715382267199367   0.2598999059759107   0.2116143421019131
   0.5746531414187632   0.2637061655197272   0.2170450783537860
   0.5776558227629949   0.2675973591890199   0.2227326441388112
   0.5805352484292331   0.2715581409448609   0.2286537997078693
   0.5832809486137560   0.2755729329062216   0.2347840285611070
   0.5858830716104324   0.2796260418232842   0.2410977461677495
   0.5883324429737146   0.2837017752887070   0.2475685192311997
   0.5906206176179191   0.2877845560996996   0.2541692920508272
   0.5927399243311738   0.2918590332475232   0.2608726164503213
   0.5946835023173176   0.2959101881069679   0.2676508817478173
   0.5964453295180380   0.2999234345229471   0.2744765413326647
   0.5980202426070698   0.3038847116402357   0.2813223325824021
   0.5994039486847500   0.3077805684906458   0.2881614870933448
   0.6005930288314292   0.3115982395341700   0.2949679284991800
   0.6015849337993143   0.3153257105414108   0.3017164555026121
   0.6023779722316916   0.3189517743983861   0.3083829081327222
   0.6029712918942727   0.3224660766064297   0.3149443156523264
   0.6033648544841224   0.3258591504345360   0.3213790249622084
   0.6035594046463969   0.3291224418549352   0.3276668087702929
   0.6035564338774606   0.3322483245513559   0.3337889532022110
   0.6033581400251511   0.3352301054305321   0.3397283249153082
   0.6029673831133767   0.3380620211889935   0.3454694181324805
   0.6023876382199518   0.3407392265877645   0.3509983823287346
   0.6016229461248168   0.3432577751667629   0.3563030315771893
   0.6006778624220087   0.3456145931885604   0.3613728367894040
   0.5995574057546861   0.3478074476384761   0.3661989022661541
   0.5982670057898976   0.3498349091259559   0.3707739281093770
   0.5968124515004051   0.3516963105324792   0.3750921601355850
   0.5951998402665207   0.3533917022357581   0.3791493289784445
   0.5934355282532733   0.3549218047108730   0.3829425800770271
   0.5915260824588341   0.3562879592684620   0.3864703962208681
   0.5894782347704406   0.3574920776403959   0.3897325142680406
   0.5872988383053221   0.3585365910666965   0.3927298375730248
   0.5849948262573297   0.3594243994759247   0.3954643455619926
   0.5825731734161409   0.3601588212867288   0.3979390017792175
   0.5800408604755161   0.3607435442924936   0.4001576616039783
   0.5774048412008577   0.3611825780255427   0.4021249807067934
   0.5746720124844553   0.3614802079334103   0.4038463251807724
   0.5718491872795497   0.3616409516384031   0.4053276841514156
   0.5689430703718059   0.3616695174938109   0.4065755855391634
   0.5659602369188228   0.3615707655963915   0.4075970155254455
   0.5629071136648937   0.3613496713655243   0.4083993421567334
   0.5597899627190580   0.3610112917550339   0.4089902434133760
   0.5566148677693358   0.3605607341241975   0.4093776399716607
   0.5533877225945881   0.3600031277599091   0.4095696327991198
   0.5501142217273680   0.3593435980122201   0.4095744456447848
   0.5467998531160195   0.3585872429803653   0.4094003724177832
   0.5434498926319038   0.3577391126656079   0.4090557293891400
   0.5400694002674535   0.3568041904905324   0.4085488121024137
   0.5366632178726529   0.3557873770714026   0.4078878568383090
   0.5332359682810088   0.3546934761205582   0.4070810064459882
   0.5297920556809177   0.3535271823491813   0.4061362803287666
   0.5263356670942619   0.3522930712367309   0.4050615483534433
   0.5228707748307848   0.3509955905316304   0.4038645084399801
   0.5194011397941710   0.3496390533480154   0.4025526675808123
   0.5159303155234685   0.3482276327252139   0.4011333260361203
   0.5124616528615081   0.3467653575198681   0.3996135644521430
   0.5089983051500406   0.3452561095049365   0.3980002336535711
   0.5055432338593597   0.3437036215549694   0.3962999468675292
   0.5020992145680951   0.3421114768029223   0.3945190741452092
   0.4986688432165563   0.3404831086600222   0.3926637387573573
   0.4952545425644187   0.3388218015968307   0.3907398153511275
   0.4918585687906318   0.3371306925903850   0.3887529296679602
   0.4884830181801428   0.3354127731491200   0.3867084596347907
   0.4851298338483321   0.3336708918340286   0.3846115376538184
   0.4818008124599923   0.3319077572011414   0.3824670539289896
   0.4784976109051527   0.3301259410968610   0.3802796606801727
   0.4752217528991415   0.3283278822438657   0.3780537771084806
   0.4719746354789340   0.3265158900612235   0.3757935949883191
   0.4687575353721194   0.3246921486679704   0.3735030847733136
   0.4655716152186776   0.3228587210246783   0.3711860021143287
   0.4624179296292952   0.3210175531725096   0.3688458946981940
   0.4592974310671012   0.3191704785338499   0.3664861093255627
   0.4562109755425354   0.3173192222428975   0.3641097991554493
   0.4531593281135998   0.3154654054785291   0.3617199310524901
   0.4501431681859829   0.3136105497753759   0.3593192929807917
   0.4471630946095035   0.3117560812923766   0.3569105013954463
   0.4442196305690760   0.3099033350210638   0.3544960085893861
   0.4413132282698831   0.3080535589185876   0.3520781099592429
   0.4384442734177500   0.3062079179529495   0.3496589511593421
   0.4356130894968290   0.3043674980501306   0.3472405351178668
   0.4328199418476446   0.3025333099347877   0.3448247288936681
   0.4300650415493386   0.3007062928579648   0.3424132703561495
   0.4273485491106250   0.2988873182068297   0.3400077746741997
   0.4246705779744814   0.2970771929928421   0.3376097406032763
   0.4220311978420470   0.2952766632159774   0.3352205565625241
   0.4194304378215064   0.2934864171036850   0.3328415064962443
   0.4168682894080200   0.2917070882242022   0.3304737755161697
   0.4143447093008847   0.2899392584746338   0.3281184553228461
   0.4118596220642682   0.2881834609448891   0.3257765494060338
   0.4094129226378670   0.2864401826591623   0.3234489780254068
   0.4070044787038735   0.2847098671971150   0.3211365829740064
   0.4046341329165773   0.2829929171973398   0.3188401321278861
   0.4023017050008681   0.2812896967460059   0.3165603237862105
   0.4000069937257923   0.2796005336538652   0.3142977908067476
   0.3977497787591979   0.2779257216249924   0.3120531045422335
   0.3955298224093505   0.2762655223208103   0.3098267785835381
   0.3933468712592387   0.2746201673230454   0.3076192723158657
   0.3912006576991148   0.2729898599993500   0.3054309942945028
   0.3890909013626271   0.2713747772753574   0.3032623054467549
   0.3870173104717137   0.2697750713169570   0.3011135221068471
   0.3849795830952197   0.2681908711265552   0.2989849188905827
   0.3829774083260137   0.2666222840570627   0.2968767314165655
   0.3810104673811667   0.2650693972472872   0.2947891588807272
   0.3790784346295578   0.2635322789823525   0.2927223664908309
   0.3771809785510799   0.2620109799826751   0.2906764877674993
   0.3753177626314168   0.2605055346249530   0.2886516267181890
   0.3734884461961623   0.2590159620985102   0.2866478598903565
   0.3716926851878821   0.2575422675002439   0.2846652383099150
   0.3699301328895176   0.2560844428713107   0.2827037893108678
   0.3682004405973600   0.2546424681785795   0.2807635182618289
   0.3665032582466595   0.2532163122437537   0.2788444101949329
   0.3648382349927371   0.2518059336229659   0.2769464313424227
   0.3632050197503501   0.2504112814395184   0.2750695305860139
   0.3616032616938670   0.2490322961723314   0.2732136408239056
   0.3600326107206776   0.2476689104025564   0.2713786802601102
   0.3584927178801242   0.2463210495206781   0.2695645536205674
   0.3569832357700956   0.2449886323963434   0.2677711533003008
   0.3555038189032912   0.2436715720130234   0.2659983604456755
   0.3540541240450593   0.2423697760695284   0.2642460459756284
   0.3526338105245603   0.2410831475502766   0.2625140715455332
   0.3512425405209294   0.2398115852661304   0.2608022904572052
   0.3498799793259804   0.2385549843675085   0.2591105485183410
   0.3485457955848975   0.2373132368313932   0.2574386848545396
   0.3472396615162715   0.2360862319237578   0.2557865326768683
   0.3459612531127301   0.2348738566388586   0.2541539200077841
   0.3447102503233435   0.2336759961167432   0.2525406703680613
   0.3434863372188865   0.2324925340402542   0.2509466034272294
   0.3422892021409656   0.2313233530127244   0.2493715356198821
   0.3411185378359590   0.2301683349174884   0.2478152807300796
   0.3399740415746160   0.2290273612602639   0.2462776504459362
   0.3388554152581356   0.2279003134953833   0.2447584548863626
   0.3377623655114441   0.2267870733367988   0.2432575031018034
   0.3366946037643599   0.2256875230547132   0.2417746035507077
   0.3356518463212656   0.2246015457586317   0.2403095645533485
   0.3346338144198480   0.2235290256675755   0.2388621947245129
   0.3336402342794411   0.2224698483681379   0.2374323033864759
   0.3326708371394302   0.2214239010610100   0.2360197009635802
   0.3317253592881545   0.2203910727965613   0.2346241993596506
   0.3308035420826911   0.2193712546999986   0.2332456123193855
   0.3299051319598752   0.2183643401865936   0.2318837557747844
   0.3290298804388601   0.2173702251674142   0.2305384481775863
   0.3281775441155016   0.2163888082459574   0.2292095108186238
   0.3273478846488110   0.2154199909060412   0.2278967681349194
   0.3265406687396902   0.2144636776912696   0.2266000480052797
   0.3257556681021415   0.2135197763763497   0.2253191820350811
   0.3249926594271084   0.2125881981305039   0.2240540058308676
   0.3242514243390915   0.2116688576731854   0.2228043592653232
   0.3235317493456495   0.2107616734222675   0.2215700867331252
   0.3228334257798836   0.2098665676348525   0.2203510373981135
   0.3221562497359802   0.2089834665408095   0.2191470654321727
   0.3215000219978677   0.2081123004691199   0.2179580302461507
   0.3208645479610391   0.2072530039670871   0.2167837967131017
   0.3202496375475544   0.2064055159124331   0.2156242353840778
   0.3196551051142539   0.2055697796182807   0.2144792226966539
   0.3190807693541779   0.2047457429309952   0.2133486411763095
   0.3185264531911907   0.2039333583208347   0.2122323796307639
   0.3179919836677957   0.2031325829653366   0.2111303333372928
   0.3174771918261247   0.2023433788253400   0.2100424042230296
   0.3169819125820713   0.2015657127135322   0.2089685010381993
   0.3165059845925435   0.2007995563553780   0.2079085395221950
   0.3160492501158033   0.2000448864422761   0.2068624425623673
   0.3156115548648638   0.1993016846767725   0.2058301403453548
   0.3151927478539056   0.1985699378096330   0.2048115705007437
   0.3147926812376917   0.1978496376685746   0.2038066782368092
   0.3144112101439479   0.1971407811784320   0.2028154164680559
   0.3140481924986938   0.1964433703725235   0.2018377459342313
   0.3137034888445033   0.1957574123949744   0.2008736353104610
   0.3133769621516935   0.1950829194937355   0.1999230613081146
   0.3130684776224425   0.1944199090040363   0.1989860087659795
   0.3127779024878495   0.1937684033219939   0.1980624707312944
   0.3125051057979643   0.1931284298681013   0.1971524485301548
   0.3122499582048257   0.1925000210403076   0.1962559518267860
   0.3120123317385666   0.1918832141564033   0.1953729986711450
   0.3117920995766537   0.1912780513854229   0.1945036155342898
   0.3115891358063603   0.1906845796677723   0.1936478373309355
   0.3114033151805768   0.1901028506237990   0.1928057074285903
   0.3112345128670965   0.1895329204505219   0.1919772776426541
   0.3110826041915294   0.1889748498062450   0.1911626082168353
   0.3109474643740292   0.1884287036827872   0.1903617677882410
   0.3108289682600323   0.1878945512650785   0.1895748333364755
   0.3107269900452542   0.1873724657778726   0.1888018901160791
   0.3106414029951922   0.1868625243193548   0.1880430315716347
   0.3105720791594375   0.1863648076814358   0.1872983592348663
   0.3105188890811157   0.1858794001565416   0.1865679826030608
   0.3104817015018115   0.1854063893307381   0.1858520189981464
   0.3104603830623689   0.1849458658630506   0.1851505934057744
   0.3104547979999858   0.1844979232508677   0.1844638382937665
   0.3104648078420675   0.1840626575813533   0.1837918934093078
   0.3104902710973302   0.1836401672688222   0.1831349055542889
   0.3105310429446830   0.1832305527780709   0.1824930283382354
   0.3105869749204623   0.1828339163336984   0.1818664219082873
   0.3106579146046152   0.1824503616154914   0.1812552526557433
   0.3107437053064823   0.1820799934399947   0.1806596928987163
   0.3108441857508520   0.1817229174284355   0.1800799205405089
   0.3109591897650085   0.1813792396612213   0.1795161187033651
   0.3110885459675185   0.1810490663192838   0.1789684753373230
   0.3112320774595534   0.1807325033125949   0.1784371828039568
   0.3113896015195624   0.1804296558962452   0.1779224374348718
   0.3115609293021587   0.1801406282745240   0.1774244390648982
   0.3117458655421046   0.1798655231935165   0.1769433905400093
   0.3119442082643128   0.1796044415227809   0.1764794972000893
   0.3121557485008193   0.1793574818267493   0.1760329663367640
   0.3123802700156926   0.1791247399265500   0.1756040066266192
   0.3126175490388812   0.1789063084530236   0.1751928275402286
   0.3128673540100225   0.1787022763917711   0.1747996387275433
   0.3131294453332404   0.1785127286211379   0.1744246493802886
   0.3134035751439922   0.1783377454441117   0.1740680675721568
   0.3136894870890198   0.1781774021151735   0.1737300995777021
   0.3139869161204775   0.1780317683632127   0.1734109491709664
   0.3142955883053090   0.1779009079116804   0.1731108169050123
   0.3146152206509408   0.1777848779972211   0.1728298993736555
   0.3149455209483570   0.1776837288880809   0.1725683884568363
   0.3152861876336061   0.1775975034036543   0.1723264705512068
   0.3156369096687790   0.1775262364365858   0.1721043257876350
   0.3159973664434684   0.1774699544788912   0.1719021272374740
   0.3163672276976935   0.1774286751536185   0.1717200401095774
   0.3167461534672503   0.1774024067536064   0.1715582209401598
   0.3171337940523962   0.1773911477889382   0.1714168167777490
   0.3175297900107361   0.1773948865447230   0.1712959643655796
   0.3179337721751370   0.1774136006508618   0.1711957893239089
   0.3183453616974238   0.1774472566654724   0.1711164053348364
   0.3187641701185623   0.1774958096736711   0.1710579133323173
   0.3191897994659585   0.1775592029033954   0.1710204007001490
   0.3196218423784293   0.1776373673599719   0.1710039404807949
   0.3200598822593270   0.1777302214811053   0.1710085905979853
   0.3205034934582059   0.1778376708139520   0.1710343930960886
   0.3209522414813373   0.1779596077159167   0.1710813733993017
   0.3214056832312737   0.1780959110807668   0.1711495395937343
   0.3218633672755839   0.1782464460916170   0.1712388817354900
   0.3223248341447499   0.1784110640022825   0.1713493711878392
   0.3227896166591316   0.1785896019484279   0.1714809599905762
   0.3232572402847884   0.1787818827898747   0.1716335802646176
   0.3237272235178262   0.1789877149853353   0.1718071436548518
   0.3241990782968371   0.1792068925007596   0.1720015408141871
   0.3246723104428733   0.1794391947523737   0.1722166409316631
   0.3251464201262784   0.1796843865853787   0.1724522913073818
   0.3256209023595913   0.1799422182891676   0.1727083169769081
   0.3260952475156105   0.1802124256497834   0.1729845203876386
   0.3265689418695980   0.1804947300402204   0.1732806811294917
   0.3270414681644805   0.1807888385490164   0.1735965557220931
   0.3275123061978056   0.1810944441474587   0.1739318774604456
   0.3279809334290915   0.1814112258955592   0.1742863563208659
   0.3284468256061074   0.1817388491868112   0.1746596789287452
   0.3289094574085312   0.1820769660315788   0.1750515085894636
   0.3293683031073210   0.1824252153788112   0.1754614853835355
   0.3298228372380666   0.1827832234756145   0.1758892263268048
   0.3302725352864930   0.1831506042640476   0.1763343255962395
   0.3307168743842193   0.1835269598143528   0.1767963548215981
   0.3311553340128153   0.1839118807936684   0.1772748634429555
   0.3315873967141279   0.1843049469691148   0.1777693791337840
   0.3320125488048185   0.1847057277439886   0.1782794082889947
   0.3324302810929973   0.1851137827256580   0.1788044365770496
   0.3328400895948194   0.1855286623235964   0.1793439295549585
   0.3332414762488924   0.1859499083758679   0.1798973333446883
   0.3336339496263199   0.1863770548022362   0.1804640753692197
   0.3340170256342300   0.1868096282819546   0.1810435651462147
   0.3343902282106228   0.1872471489541821   0.1816351951369757
   0.3347530900084207   0.1876891311388616   0.1822383416481297
   0.3351051530666091   0.1881350840758136   0.1828523657832092
   0.3354459694664267   0.1885845126797111   0.1834766144410783
   0.3357751019705884   0.1890369183085355   0.1841104213579246
   0.3360921246436114   0.1894917995430571   0.1847531081893437
   0.3363966234513672   0.1899486529748398   0.1854039856288534
   0.3366881968380774   0.1904069740002352   0.1860623545590191
   0.3369664562790446   0.1908662576178199   0.1867275072312221
   0.3372310268075246   0.1913259992267161   0.1873987284699880
   0.3374815475142308   0.1917856954232538   0.1880752968976945
   0.3377176720180868   0.1922448447934427   0.1887564861754011
   0.3379390689069571   0.1927029486987664   0.1894415662554939
   0.3381454221471920   0.1931595120528489   0.1901298046418146
   0.3383364314609750   0.1936140440866063   0.1908204676529340
   0.3385118126705697   0.1940660590995657   0.1915128216842562
   0.3386712980086988   0.1945150771951104   0.1922061344646798
   0.3388146363944322   0.1949606249975047   0.1928996763036110
   0.3389415936740869   0.1954022363486518   0.1935927213242080
   0.3390519528267772   0.1958394529826430   0.1942845486788514
   0.3391455141343970   0.1962718251762773   0.1949744437429536
   0.3392220953159449   0.1966989123738554   0.1956616992833808
   0.3392815316262298   0.1971202837846761   0.1963456165979158
   0.3393236759191414   0.1975355189518043   0.1970255066223727
   0.3393483986757719   0.1979442082908202   0.1977006910021763
   0.3393555879978261   0.1983459535973933   0.1983705031254177
   0.3393451495668451   0.1987403685226834   0.1990342891146252
   0.3393170065699119   0.1991270790157055   0.1996914087747118
   0.3392710995925836   0.1995057237319530   0.2003412364948048
   0.3392073864799267   0.1998759544077117   0.2009831621018992
   0.3391258421665971   0.2002374361996516   0.2016165916645266
   0.3390264584770205   0.2005898479894188   0.2022409482448828
   0.3389092438967908   0.2009328826531003   0.2028556725981075
   0.3387742233164836   0.2012662472955629   0.2034602238176569
   0.3386214377491529   0.2015896634498058   0.2040540799259632
   0.3384509440228302   0.2019028672415954   0.2046367384098174
   0.3382628144493999   0.2022056095197690   0.2052077167001505
   0.3380571364712612   0.2024976559527169   0.2057665525961234
   0.3378340122872369   0.2027787870916576   0.2063128046336616
   0.3375935584591996   0.2030487984014296   0.2068460523987873
   0.3373359055009180   0.2033075002596122   0.2073658967863095
   0.3370611974506335   0.2035547179248883   0.2078719602046301
   0.3367695914288905   0.2037902914756311   0.2083638867276121
   0.3364612571831325   0.2040140757197808   0.2088413421946250
   0.3361363766205792   0.2042259400771364   0.2093040142600495
   0.3357951433308814   0.2044257684352499   0.2097516123936728
   0.3354377621000359   0.2046134589801590   0.2101838678335356
   0.3350644484170109   0.2047889240032400   0.2106005334929219
   0.3346754279745117   0.2049520896854891   0.2110013838232880
   0.3342709361652790   0.2051028958605819   0.2113862146350243
   0.3338512175752699   0.2052412957580695   0.2117548428780250
   0.3334165254750384   0.2053672557280872   0.2121071063841121
   0.3329671213105785   0.2054807549489633   0.2124428635734155
   0.3325032741948469   0.2055817851191073   0.2127619931268571
   0.3320252604011353   0.2056703501345600   0.2130643936269157
   0.3315333628594010   0.2057464657535723   0.2133499831688751
   0.3310278706566159   0.2058101592495624   0.2136186989447639
   0.3305090785421333   0.2058614690537858   0.2138704968021930
   0.3299772864390130   0.2059004443890178   0.2141053507802940
   0.3294327989621934   0.2059271448955277   0.2143232526249308
   0.3288759249443264   0.2059416402505818   0.2145242112853377
   0.3283069769700486   0.2059440097826820   0.2147082523942928
   0.3277262709193824   0.2059343420817036   0.2148754177338978
   0.3271341255209274   0.2059127346060513   0.2150257646889808
   0.3265308619154135   0.2058792932879135   0.2151593656900821
   0.3259168032301569   0.2058341321376422   0.2152763076479258
   0.3252922741648880   0.2057773728482408   0.2153766913812049
   0.3246576005893709   0.2057091444008929   0.2154606310394463
   0.3240131091531732   0.2056295826724130   0.2155282535226410
   0.3233591269079109   0.2055388300454499   0.2155796978992534
   0.3226959809422166   0.2054370350222249   0.2156151148241391
   0.3220239980296535   0.2053243518425297   0.2156346659578269
   0.3213435042897410   0.2052009401066668   0.2156385233885322
   0.3206548248622126   0.2050669644039538   0.2156268690581888
   0.3199582835945882   0.2049225939473746   0.2155998941937108
   0.3192542027431032   0.2047680022149013   0.2155577987445962
   0.3185429026869927   0.2046033665979702   0.2155007908279239
   0.3178247016561037   0.2044288680575440   0.2154290861816974
   0.3170999154717618   0.2042446907881457   0.2153429076274190
   0.3163688573008018   0.2040510218902149   0.2152424845426952
   0.3156318374226329   0.2038480510510780   0.2151280523446001
   0.3148891630091812   0.2036359702348015   0.2149998519844515
   0.3141411379175397   0.2034149733811416   0.2148581294545746
   0.3133880624951167   0.2031852561137786   0.2147031353075730
   0.3126302333970682   0.2029470154579802   0.2145351241885433
   0.3118679434157694   0.2027004495678076   0.2143543543806192
   0.3111014813220732   0.2024457574629464   0.2141610873641627
   0.3103311317180817   0.2021831387752104   0.2139555873898630
   0.3095571749011492   0.2019127935047432   0.2137381210659500
   0.3087798867388198   0.2016349217859099   0.2135089569596751
   0.3079995385543952   0.2013497236628508   0.2132683652131627
   0.3072163970228205   0.2010573988746437   0.2130166171736913
   0.3064307240765701   0.2007581466499996   0.2127539850384166
   0.3056427768212066   0.2004521655113978   0.2124807415135103
   0.3048528074602849   0.2001396530885482   0.2121971594876520
   0.3040610632292750   0.1998208059410512   0.2119035117197720
   0.3032677863381664   0.1994958193901114   0.2116000705409165
   0.3024732139224216   0.1991648873591457   0.2112871075700719
   0.3016775780019538   0.1988282022231206   0.2109648934437637
   0.3008811054477892   0.1984859546664325   0.2106336975592152
   0.3000840179560956   0.1981383335491444   0.2102937878308325
   0.2992865320292430   0.1977855257813809   0.2099454304597652
   0.2984888589635862   0.1974277162056744   0.2095888897162670
   0.2976912048436469   0.1970650874870542   0.2092244277345753
   0.2968937705423850   0.1966978200106589   0.2088523043200047
   0.2960967517272590   0.1963260917866567   0.2084727767679506
   0.2953003388717718   0.1959500783622470   0.2080860996944748
   0.2945047172722126   0.1955699527405217   0.2076925248781511
   0.2937100670693086   0.1951858853059576   0.2072923011128322
   0.2929165632745110   0.1947980437563144   0.2068856740710013
   0.2921243758006407   0.1944065930407140   0.2064728861773644
   0.2913336694966378   0.1940116953036715   0.2060541764923380
   0.2905446041861522   0.1936135098348573   0.2056297806050876
   0.2897573347097354   0.1932121930243670   0.2051999305357710
   0.2889720109703932   0.1928078983232787   0.2047648546466418
   0.2881887779822674   0.1924007762092823   0.2043247775616708
   0.2874077759222246   0.1919909741571658   0.2038799200943471
   0.2866291401841420   0.1915786366139503   0.2034304991833224
   0.2858530014356810   0.1911639049784652   0.2029767278355687
   0.2850794856773507   0.1907469175851657   0.2025188150767210
   0.2843087143036764   0.1903278096919901   0.2020569659082896
   0.2835408041662878   0.1899067134720711   0.2015913812714212
   0.2827758676387542   0.1894837580091049   0.2011222580169097
   0.2820140126830034   0.1890590692962026   0.2006497888811479
   0.2812553429171640   0.1886327702380438   0.2001741624677312
   0.2804999576846814   0.1882049806561558   0.1996955632344293
   0.2797479521245653   0.1877758172971595   0.1992141714852431
   0.2789994172426307   0.1873453938438110   0.1987301633672793
   0.2782544399836075   0.1869138209286895   0.1982437108721833
   0.2775131033039921   0.1864812061503756   0.1977549818418710
   0.2767754862455264   0.1860476540919763   0.1972641399783199
   0.2760416640091997   0.1856132663418566   0.1967713448571775
   0.2753117080296653   0.1851781415164392   0.1962767519449614
   0.2745856860499764   0.1847423752849464   0.1957805126196293
   0.2738636621965527   0.1843060603959556   0.1952827741943069
   0.2731456970542908   0.1838692867056529   0.1947836799439676
   0.2724318477417365   0.1834321412076634   0.1942833691348723
   0.2717221679862493   0.1829947080643560   0.1937819770565752
   0.2710167081990857   0.1825570686395118   0.1932796350563206
   0.2703155155503363   0.1821193015322588   0.1927764705756572
   0.2696186340436597   0.1816814826121758   0.1922726071891001
   0.2689261045907551   0.1812436850554756   0.1917681646446903
   0.2682379650855233   0.1808059793821790   0.1912632589062972
   0.2675542504778667   0.1803684334941989   0.1907580021975203
   0.2668749928470902   0.1799311127142555   0.1902525030470566
   0.2662002214748542   0.1794940798255468   0.1897468663354033
   0.2655299629176545   0.1790573951121071   0.1892411933427711
   0.2648642410787870   0.1786211163997841   0.1887355817980944
   0.2642030772797723   0.1781852990977727   0.1882301259290251
   0.2635464903312125   0.1777499962406463   0.1877249165128085
   0.2628944966030575   0.1773152585308297   0.1872200409279398
   0.2622471100942570   0.1768811343814602   0.1867155832065101
   0.2616043425017826   0.1764476699595882   0.1862116240871532
   0.2609662032890030   0.1760149092296699   0.1857082410685114
   0.2603326997533986   0.1755828939973098   0.1852055084631426
   0.2597038370936034   0.1751516639532113   0.1847034974517943
   0.2590796184757659   0.1747212567172977   0.1842022761379800
   0.2584600450992209   0.1742917078829688   0.1837019096027915
   0.2578451162614649   0.1738630510614584   0.1832024599598868
   0.2572348294224344   0.1734353179262651   0.1827039864106040
   0.2566291802680814   0.1730085382576253   0.1822065452991420
   0.2560281627732453   0.1725827399870033   0.1817101901677669
   0.2554317692638248   0.1721579492415757   0.1812149718119958
   0.2548399904782458   0.1717341903886859   0.1807209383357212
   0.2542528156282341   0.1713114860802508   0.1802281352062336
   0.2536702324588912   0.1708898572970986   0.1797366053091149
   0.2530922273080818   0.1704693233932245   0.1792463890029639
   0.2525187851651368   0.1700499021399458   0.1787575241739318
   0.2519498897288799   0.1696316097699456   0.1782700462900374
   0.2513855234649829   0.1692144610211913   0.1777839884552430
   0.2508256676626591   0.1687984691807181   0.1772993814632651
   0.2502703024907047   0.1683836461282684   0.1768162538511082
   0.2497194070528937   0.1679700023797776   0.1763346319522979
   0.2491729594427409   0.1675575471307015   0.1758545399498063
   0.2486309367976378   0.1671462882991770   0.1753759999286518
   0.2480933153523772   0.1667362325690135   0.1748990319281677
   0.2475600704920726   0.1663273854325099   0.1744236539939259
   0.2470311768044872   0.1659197512330944   0.1739498822293150
   0.2465066081317825   0.1655133332077864   0.1734777308467618
   0.2459863376216964   0.1651081335294753   0.1730072122185948
   0.2454703377781670   0.1647041533490225   0.1725383369275499
   0.2449585805114079   0.1643013928371796   0.1720711138169096
   0.2444510371874522   0.1638998512263285   0.1716055500402862
   0.2439476786771745   0.1634995268520426   0.1711416511110393
   0.2434484754048040   0.1631004171944725   0.1706794209513400
   0.2429533973959379   0.1627025189195576   0.1702188619408771
   0.2424624143250725   0.1623058279200669   0.1697599749652145
   0.2419754955626567   0.1619103393564738   0.1693027594638027
   0.2414926102216848   0.1615160476976667   0.1688472134776528
   0.2410137272038395   0.1611229467615007   0.1683933336966752
   0.2405388152451927   0.1607310297551963   0.1679411155066965
   0.2400678429614795   0.1603402893155871   0.1674905530361577
   0.2396007788929540   0.1599507175492238   0.1670416392025057
   0.2391375915488380   0.1595623060723395   0.1665943657582856
   0.2386782494513722   0.1591750460506826   0.1661487233369447
   0.2382227211794825   0.1587889282392204   0.1657047014983589
   0.2377709754120669   0.1584039430217232   0.1652622887740903
   0.2373229809709167   0.1580200804502305   0.1648214727123900
   0.2368787068632776   0.1576373302844117   0.1643822399229565
   0.2364381223240631   0.1572556820308194   0.1639445761214597
   0.2360011968577230   0.1568751249820495   0.1635084661738476
   0.2355679002797819   0.1564956482558089   0.1630738941404423
   0.2351382027580482   0.1561172408339001   0.1626408433198428
   0.2347120748535067   0.1557398916011273   0.1622092962926454
   0.2342894875608970   0.1553635893841319   0.1617792349649947
   0.2338704123489857   0.1549883229901615   0.1613506406119802
   0.2334548212005389   0.1546140812457805   0.1609234939208890
   0.2330426866519973   0.1542408530355276   0.1604977750343322
   0.2326339818328630   0.1538686273405254   0.1600734635932543
   0.2322286805047978   0.1534973932770493   0.1596505387798438
   0.2318267571004388   0.1531271401350589   0.1592289793603526
   0.2314281867619341   0.1527578574167013   0.1588087637278469
   0.2310329453792027   0.1523895348747866   0.1583898699448928
   0.2306410096279161   0.1520221625512445   0.1579722757861999
   0.2302523570072089   0.1516557308155647   0.1575559587812297
   0.2298669658771142   0.1512902304032271   0.1571408962567858
   0.2294848154957270   0.1509256524541229   0.1567270653795997
   0.2291058860560948   0.1505619885509761   0.1563144431989230
   0.2287301587228317   0.1501992307577623   0.1559030066891414
   0.2283576156684596   0.1498373716581335   0.1554927327924241
   0.2279882401094681   0.1494764043938490   0.1550835984614184
   0.2276220163420949   0.1491163227032156   0.1546755807020070
   0.2272589297778206   0.1487571209595397   0.1542686566161360
   0.2268989669785734   0.1483987942095919   0.1538628034447289
   0.2265421156916409   0.1480413382120875   0.1534579986106977
   0.2261883648842799   0.1476847494761806   0.1530542197620632
   0.2258377047780215   0.1473290252999760   0.1526514448151952
   0.2254901268826593   0.1469741638090553   0.1522496519981856
   0.2251456240299192   0.1466201639950182   0.1518488198943628
   0.2248041904067949   0.1462670257540391   0.1514489274859613
   0.2244658215885467   0.1459147499254341   0.1510499541979530
   0.2241305145713461   0.1455633383302386   0.1506518799420530
   0.2237982678045605   0.1452127938097922   0.1502546851609074
   0.2234690812226661   0.1448631202643267   0.1498583508724730
   0.2231429562767705   0.1445143226915530   0.1494628587145965
   0.2228198959657372   0.1441664072252427   0.1490681909898028
   0.2224999048668967   0.1438193811737991   0.1486743307102965
   0.2221829891663273   0.1434732530588091   0.1482812616431889
   0.2218691566886876   0.1431280326535716   0.1478889683559489
   0.2215584169265904   0.1427837310215942   0.1474974362620928
   0.2212507810694918   0.1424403605550470   0.1471066516671095
   0.2209462620320833   0.1420979350131678   0.1467166018146311
   0.2206448744821628   0.1417564695606051   0.1463272749328492
   0.2203466348679672   0.1414159808056899   0.1459386602811820
   0.2200515614449410   0.1410764868386232   0.1455507481971929
   0.2197596743019243   0.1407380072695666   0.1451635301437614
   0.2194709953867295   0.1404005632666219   0.1447769987565092
   0.2191855485310882   0.1400641775936827   0.1443911478914765
   0.2189033594749415   0.1397288746481470   0.1440059726730531
   0.2186244558900441   0.1393946804984683   0.1436214695421553
   0.2183488674028603   0.1390616229215300   0.1432376363046499
   0.2180766256167188   0.1387297314398219   0.1428544721800191
   0.2178077641332015   0.1383990373584028   0.1424719778502597
   0.2175423185727315   0.1380695738016203   0.1420901555090119
   0.2172803265943341   0.1377413757495722   0.1417090089109067
   0.2170218279145331   0.1374144800742811   0.1413285434211257
   0.2167668643253559   0.1370889255755588   0.1409487660651610
   0.2165154797114080   0.1367647530165324   0.1405696855787625
   0.2162677200659836   0.1364420051588079   0.1401913124580610
   0.2160236335061789   0.1361207267972357   0.1398136590098511
   0.2157832702869666   0.1358009647942549   0.1394367394020172
   0.2155466828141976   0.1354827681137784   0.1390605697140855
   0.2153139256564907   0.1351661878545895   0.1386851679878824
   0.2150850555559685   0.1348512772832123   0.1383105542782759
   0.2148601314378024   0.1345380918662217   0.1379367507039807
   0.2146392144185221   0.1342266893019545   0.1375637814983975
   0.2144223678130506   0.1339171295515821   0.1371916730604640
   0.2142096571404194   0.1336094748695041   0.1368204540054867
   0.2140011501281217   0.1333037898330217   0.1364501552159212
   0.2137969167150576   0.1330001413712442   0.1360808098920729
   0.2135970290530290   0.1326985987931866   0.1357124536026782
   0.2134015615067349   0.1323992338150085   0.1353451243353325
   0.2132105906522237   0.1321021205863477   0.1349788625467235
   0.2130241952737530   0.1318073357156961   0.1346137112126308
   0.2128424563590107   0.1315149582947679   0.1342497158776433
   0.2126654570926506   0.1312250699218064   0.1338869247045550
   0.2124932828480905   0.1309377547237721   0.1335253885233821
   0.2123260211775266   0.1306530993773592   0.1331651608799566
   0.2121637618001149   0.1303711931287786   0.1328062980840390
   0.2120065965882694   0.1300921278122498   0.1324488592568945
   0.2118546195520273   0.1298159978671379   0.1320929063782723
   0.2117079268214322   0.1295429003536766   0.1317385043327287
   0.2115666166268850   0.1292729349672073   0.1313857209552241
   0.2114307892774139   0.1290062040508723   0.1310346270759314
   0.2113005471368114   0.1287428126066933   0.1306852965641826
   0.2111759945975925   0.1284828683049643   0.1303378063714787
   0.2110572380527234   0.1282264814918923   0.1299922365734890
   0.2109443858650712   0.1279737651954097   0.1296486704109593
   0.2108375483345275   0.1277248351290873   0.1293071943294456
   0.2107368376627606   0.1274798096940743   0.1289678980177887
   0.2106423679155465   0.1272388099789878   0.1286308744452404
   0.2105542549826361   0.1270019597576763   0.1282962198971501
   0.2104726165351115   0.1267693854847787   0.1279640340091171
   0.2103975719801908   0.1265412162890008   0.1276344197995095
   0.2103292424134363   0.1263175839640293   0.1273074837002508
   0.2102677505683298   0.1260986229570023   0.1269833355857682
   0.2102132207631709   0.1258844703544567   0.1266620887999975
   0.2101657788452657   0.1256752658656696   0.1263438601813335
   0.2101255521323682   0.1254711518033126   0.1260287700854133
   0.2100926693513438   0.1252722730613364   0.1257169424056169
   0.2100672605740190   0.1250787770900029   0.1254085045911676
   0.2100494571501963   0.1248908138679828   0.1251035876627085
   0.2100393916378017   0.1247085358714375   0.1248023262252344
   0.2100371977301468   0.1245320980400003   0.1245048584782502
   0.2100430101802828   0.1243616577395799   0.1242113262230281
   0.2100569647224314   0.1241973747219011   0.1239218748668336
   0.2100791979904783   0.1240394110807062   0.1236366534239843
   0.2101098474335198   0.1238879312045365   0.1233558145136098
   0.2101490512284576   0.1237431017260171   0.1230795143539727
   0.2101969481896384   0.1236050914675703   0.1228079127532146
   0.2102536776755428   0.1234740713834804   0.1225411730963854
   0.2103193794925272   0.1233502144982419   0.1222794623286148
   0.2103941937956336   0.1232336958411176   0.1220229509342866
   0.2104782609864813   0.1231246923768428   0.1217718129120684
   0.2105717216082626   0.1230233829324080   0.1215262257456576
   0.2106747162378685   0.1229299481198611   0.1212863703700982
   0.2107873853751783   0.1228445702550702   0.1210524311335268
   0.2109098693295487   0.1227674332723921   0.1208245957542037
   0.2110423081035476   0.1226987226351995   0.1206030552726873
   0.2111848412739808   0.1226386252422153   0.1203880039990154
   0.2113376078702707   0.1225873293296183   0.1201796394547470
   0.2115007462502450   0.1225450243688809   0.1199781623097371
   0.2116743939734106   0.1225119009603089   0.1197837763135021
   0.2118586876717820   0.1224881507222569   0.1195966882210505
   0.2120537629183526   0.1224739661760019   0.1194171077130480
   0.2122597540932981   0.1224695406262588   0.1192452473101934
   0.2124767942480073   0.1224750680373363   0.1190813222816877
   0.2127050149670483   0.1224907429049282   0.1189255505476804
   0.2129445462281808   0.1225167601235522   0.1187781525755828
   0.2131955162605370   0.1225533148496506   0.1186393512701497
   0.2134580514010967   0.1226006023603776   0.1185093718572275
   0.2137322759495965   0.1226588179081026   0.1183884417610852
   0.2140183120220133   0.1227281565706755   0.1182767904752434
   0.2143162794027771   0.1228088130974998   0.1181746494267290
   0.2146262953958734   0.1229009817514757   0.1180822518336954
   0.2149484746750016   0.1230048561468814   0.1179998325563482
   0.2152829291329685   0.1231206290832742   0.1179276279411406
   0.2156297677304997   0.1232484923754983   0.1178658756581980
   0.2159890963446618   0.1233886366799026   0.1178148145319579
   0.2163610176170965   0.1235412513168791   0.1177746843650126
   0.2167456308022751   0.1237065240898458   0.1177457257551616
   0.2171430316159877   0.1238846411008062   0.1177281799056898
   0.2175533120842927   0.1240757865626335   0.1177222884289069
   0.2179765603931561   0.1242801426082375   0.1177282931429940
   0.2184128607390202   0.1244978890967827   0.1177464358622201
   0.2188622931805433   0.1247292034171405   0.1177769581806103
   0.2193249334917658   0.1249742602887703   0.1178201012491594
   0.2198008530169584   0.1252332315602352   0.1178761055467064
   0.2202901185274150   0.1255062860055745   0.1179452106446010
   0.2207927920804616   0.1257935891187593   0.1180276549653117
   0.2213089308809550   0.1260953029064809   0.1181236755351459
   0.2218385871455496   0.1264115856795259   0.1182335077312688
   0.2223818079700151   0.1267425918430062   0.1183573850232307
   0.2229386351998942   0.1270884716857265   0.1184955387092313
   0.2235091053047887   0.1274493711689808   0.1186481976473687
   0.2240932492565660   0.1278254317150834   0.1188155879821454
   0.2246910924117837   0.1282167899959494   0.1189979328665184
   0.2253026543986242   0.1286235777220530   0.1191954521798111
   0.2259279490086390   0.1290459214321005   0.1194083622418139
   0.2265669840935985   0.1294839422837668   0.1196368755234328
   0.2272197614677418   0.1299377558458523   0.1198812003542611
   0.2278862768157226   0.1304074718922298   0.1201415406274695
   0.2285665196065411   0.1308931941979538   0.1204180955024337
   0.2292604730137520   0.1313950203379212   0.1207110591055394
   0.2299681138422331   0.1319130414884695   0.1210206202296210
   0.2306894124617933   0.1324473422323159   0.1213469620325160
   0.2314243327478950   0.1329980003672377   0.1216902617352301
   0.2321728320297586   0.1335650867189050   0.1220506903202330
   0.2329348610461082   0.1341486649582788   0.1224284122304183
   0.2337103639088104   0.1347487914239912   0.1228235850692784
   0.2344992780746481   0.1353655149501265   0.1232363593028660
   0.2353015343254622   0.1359988766998228   0.1236668779641236
   0.2361170567568809   0.1366489100051153   0.1241152763601795
   0.2369457627758451   0.1373156402134408   0.1245816817832212
   0.2377875631071261   0.1379990845412185   0.1250662132255697
   0.2386423618090169   0.1386992519349248   0.1255689810995862
   0.2395100562983650   0.1394161429400683   0.1260900869630557
   0.2403905373850945   0.1401497495784692   0.1266296232506935
   0.2412836893163572   0.1409000552342427   0.1271876730124326
   0.2421893898304261   0.1416670345488707   0.1277643096591498
   0.2431075102204299   0.1424506533257448   0.1283595967164914
   0.2440379154080140   0.1432508684445441   0.1289735875874601
   0.2449804640269823   0.1440676277858090   0.1296063253244250
   0.2459350085169639   0.1449008701660487   0.1302578424112077
   0.2469013952271232   0.1457505252837123   0.1309281605558982
   0.2478794645299122   0.1466165136763339   0.1316172904950425
   0.2488690509448374   0.1474987466891477   0.1323252318098342
   0.2498699832722019   0.1483971264554438   0.1330519727549325
   0.2508820847367453   0.1493115458889270   0.1337974901005134
   0.2519051731410946   0.1502418886883065   0.1345617489881435
   0.2529390610289068   0.1511880293543327   0.1353447028010488
   0.2539835558575663   0.1521498332194675   0.1361462930493304
   0.2550384601802701   0.1531271564903560   0.1369664492706529
   0.2561035718373170   0.1541198463032338   0.1378050889469103
   0.2571786841563863   0.1551277407923854   0.1386621174373440
   0.2582635861615744   0.1561506691717413   0.1395374279285587
   0.2593580627909270   0.1571884518296656   0.1404309014018514
   0.2604618951221891   0.1582409004369681   0.1413424066182340
   0.2615748606064648   0.1593078180681375   0.1422718001214962
   0.2626967333094612   0.1603889993357663   0.1432189262596175
   0.2638272841599684   0.1614842305381065   0.1441836172247971
   0.2649662812052014   0.1625932898196624   0.1451656931123348
   0.2661134898726163   0.1637159473447036   0.1461649619985466
   0.2672686732377887   0.1648519654835369   0.1471812200378629
   0.2684315922979196   0.1660010990113584   0.1482142515792096
   0.2696020062505283   0.1671630953194676   0.1492638293017260
   0.2707796727768583   0.1683376946385963   0.1503297143698276
   0.2719643483295184   0.1695246302740761   0.1514116566075802
   0.2731557884238595   0.1707236288525350   0.1525093946922914
   0.2743537479325788   0.1719344105797865   0.1536226563671930
   0.2755579813830228   0.1731566895095461   0.1547511586730276
   0.2767682432566586   0.1743901738225758   0.1558946081983096
   0.2779842882901634   0.1756345661158388   0.1570527013479810
   0.2792058717775819   0.1768895637012103   0.1582251246301364
   0.2804327498729866   0.1781548589132730   0.1594115549604411
   0.2816646798930751   0.1794301394256935   0.1606116599838190
   0.2829014206191340   0.1807150885756595   0.1618250984129476
   0.2841427325977913   0.1820093856958325   0.1630515203830422
   0.2853883784399829   0.1833127064532465   0.1642905678223754
   0.2866381231175595   0.1846247231945724   0.1655418748379326
   0.2878917342569538   0.1859451052971405   0.1668050681155637
   0.2891489824293431   0.1872735195251058   0.1680797673339496
   0.2904096414367371   0.1886096303901217   0.1693655855916713
   0.2916734885934311   0.1899531005158739   0.1706621298466248
   0.2929403050022739   0.1913035910058197   0.1719690013669981
   0.2942098758252046   0.1926607618134685   0.1732857961929969
   0.2954819905475273   0.1940242721145231   0.1746121056084677
   0.2967564432354017   0.1953937806802115   0.1759475166215526
   0.2980330327860423   0.1967689462511209   0.1772916124534789
   0.2993115631701345   0.1981494279108507   0.1786439730345661
   0.3005918436659877   0.1995348854588024   0.1800041755065185
   0.3018736890849670   0.2009249797814230   0.1813717947300520
   0.3031569199877620   0.2023193732212225   0.1827464037968946
   0.3044413628910663   0.2037177299428972   0.1841275745451865
   0.3057268504642708   0.2051197162958877   0.1855148780773027
   0.3070132217157818   0.2065250011727223   0.1869078852791147
   0.3083003221686104   0.2079332563624955   0.1883061673397059
   0.3095880040248896   0.2093441568988542   0.1897092962705607
   0.3108761263190135   0.2107573814018693   0.1911168454232489
   0.3121645550590982   0.2121726124131929   0.1925283900046323
   0.3134531633565052   0.2135895367239167   0.1939435075886388
   0.3147418315431879   0.2150078456945612   0.1953617786236492
   0.3160304472766367   0.2164272355666536   0.1967827869345726
   0.3173189056322439   0.2178474077653653   0.1982061202186879
   0.3186071091829104   0.2192680691927066   0.1996313705343614
   0.3198949680657697   0.2206889325107980   0.2010581347817687
   0.3211824000359003   0.2221097164147627   0.2024860151747717
   0.3224693305069533   0.2235301458948079   0.2039146197031290
   0.3237556925786205   0.2249499524870880   0.2053435625842516
   0.3250414270509136   0.2263688745129750   0.2067724647037346
   0.3263264824252371   0.2277866573063782   0.2082009540439417
   0.3276108148922749   0.2292030534287912   0.2096286660999406
   0.3288943883067166   0.2306178228717681   0.2110552442821271
   0.3301771741488925   0.2320307332465594   0.2124803403049121
   0.3314591514733963   0.2334415599606657   0.2139036145608815
   0.3327403068448058   0.2348500863810962   0.2153247364798736
   0.3340206342606197   0.2362561039841436   0.2167433848724617
   0.3353001350615757   0.2376594124915243   0.2181592482573644
   0.3365788178295026   0.2390598199927460   0.2195720251723468
   0.3378566982729096   0.2404571430536056   0.2209814244682157
   0.3391337991005111   0.2418512068107393   0.2223871655855492
   0.3404101498829209   0.2432418450521766   0.2237889788138404
   0.3416857869027549   0.2446289002838724   0.2251866055327779
   0.3429607529934058   0.2460122237822243   0.2265797984354179
   0.3442350973667617   0.2473916756325954   0.2279683217330467
   0.3455088754301654   0.2487671247538985   0.2293519513415668
   0.3467821485929121   0.2501384489093134   0.2307304750492751
   0.3480549840626043   0.2515055347032322   0.2321036926659447
   0.3493274546316992   0.2528682775645528   0.2334714161531459
   0.3505996384545769   0.2542265817164568   0.2348334697357889
   0.3518716188154912   0.2555803601328331   0.2361896899948883
   0.3531434838877613   0.2569295344815187   0.2375399259415997
   0.3544153264845598   0.2582740350545568   0.2388840390725896
   0.3556872438016944   0.2596138006856804   0.2402219034068468
   0.3569593371527491   0.2609487786552495   0.2415534055040558
   0.3582317116969801   0.2622789245828859   0.2428784444646941
   0.3595044761603649   0.2636042023080581   0.2441969319120265
   0.3607777425501941   0.2649245837588885   0.2455087919562029
   0.3620516258636207   0.2662400488094637   0.2468139611406847
   0.3633262437905633   0.2675505851259380   0.2481123883712444
   0.3646017164113817   0.2688561880017358   0.2494040348278060
   0.3658781658897237   0.2701568601821584   0.2506888738594081
   0.3671557161609738   0.2714526116787224   0.2519668908625890
   0.3684344926166989   0.2727434595735523   0.2532380831435124
   0.3697146217855194   0.2740294278141611   0.2545024597641564
   0.3709962310108149   0.2753105469989609   0.2557600413729148
   0.3722794481256777   0.2765868541538476   0.2570108600199548
   0.3735644011255324   0.2778583925002086   0.2582549589577040
   0.3748512178388265   0.2791252112147080   0.2594923924268265
   0.3761400255962165   0.2803873651812045   0.2607232254280770
   0.3774309508986401   0.2816449147351626   0.2619475334804158
   0.3787241190847040   0.2828979254009172   0.2631654023657753
   0.3800196539977732   0.2841464676221550   0.2643769278608763
   0.3813176776531803   0.2853906164859759   0.2655822154564973
   0.3826183099059448   0.2866304514409014   0.2667813800645992
   0.3839216681194066   0.2878660560091942   0.2679745457137111
   0.3852278668351693   0.2890975174938510   0.2691618452329945
   0.3865370174447385   0.2903249266806414   0.2703434199253879
   0.3878492278632530   0.2915483775355485   0.2715194192302514
   0.3891646022056917   0.2927679668979850   0.2726900003759241
   0.3904832404659329   0.2939837941701389   0.2738553280226072
   0.3918052381990570   0.2951959610028190   0.2750155738959881
   0.3931306862072562   0.2964045709781593   0.2761709164120259
   0.3944596702297329   0.2976097292895387   0.2773215402933040
   0.3957922706369487   0.2988115424190849   0.2784676361773822
   0.3971285621295924   0.3000101178131123   0.2796094002175473
   0.3984686134426263   0.3012055635558525   0.2807470336763922
   0.3998124870547667   0.3023979880418415   0.2818807425126399
   0.4011602389037543   0.3035874996473055   0.2830107369616267
   0.4025119181077607   0.3047742064009138   0.2841372311098675
   0.4038675666932706   0.3059582156542378   0.2852604424641306
   0.4052272193297919   0.3071396337522795   0.2863805915154345
   0.4065909030717116   0.3083185657044161   0.2874979012984069
   0.4079586371076389   0.3094951148561059   0.2886125969464201
   0.4093304325175567   0.3106693825617173   0.2897249052429460
   0.4107062920380955   0.3118414678588144   0.2908350541695608
   0.4120862098362496   0.3130114671442579   0.2919432724510357
   0.4134701712918377   0.3141794738524636   0.2930497890979620
   0.4148581527890094   0.3153455781361632   0.2941548329473538
   0.4162501215170897   0.3165098665500107   0.2952586322016786
   0.4176460352810492   0.3176724217373864   0.2963614139667802
   0.4190458423218806   0.3188333221207257   0.2974634037891449
   0.4204494811471410   0.3199926415957277   0.2985648251929884
   0.4218568803719427   0.3211504492297743   0.2996658992176328
   0.4232679585706164   0.3223068089648972   0.3007668439556471
   0.4246826241393207   0.3234617793256326   0.3018678740922483
   0.4261007751698045   0.3246154131320899   0.3029692004464411
   0.4275222993345659   0.3257677572185675   0.3040710295143974
   0.4289470737835999   0.3269188521580412   0.3051735630155802
   0.4303749650529506   0.3280687319928517   0.3062769974421100
   0.4318058289852452   0.3292174239718988   0.3073815236118921
   0.4332395106623866   0.3303649482946712   0.3084873262260204
   0.4346758443505660   0.3315113178624089   0.3095945834309708
   0.4361146534577418   0.3326565380367074   0.3107034663861143
   0.4375557505037173   0.3338006064058602   0.3118141388370714
   0.4389989371029283   0.3349435125592252   0.3129267566954353
   0.4404440039600534   0.3360852378699031   0.3140414676253933
   0.4418907308785154   0.3372257552859951   0.3151584106377719
   0.4433388867819570   0.3383650291307120   0.3162777156920337
   0.4447882297487285   0.3395030149115814   0.3173995033067525
   0.4462385070594251   0.3406396591390036   0.3185238841790805
   0.4476894552574872   0.3417748991543807   0.3196509588137328
   0.4491408002228601   0.3429086629680525   0.3207808171619894
   0.4505922572586836   0.3440408691072305   0.3219135382712232
   0.4520435311909700   0.3451714264741321   0.3230491899454436
   0.4534943164812136   0.3463002342144954   0.3241878284173350
   0.4549442973518341   0.3474271815966308   0.3253294980322644
   0.4563931479243680   0.3485521479011604   0.3264742309447075
   0.4578405323702676   0.3496750023215747   0.3276220468275358
   0.4592861050741724   0.3507956038757167   0.3287729525945818
   0.4607295108094894   0.3519138013282867   0.3299269421368911
   0.4621703849260911   0.3530294331244475   0.3310839960730345
   0.4636083535499348   0.3541423273345737   0.3322440815138388
   0.4650430337943708   0.3552523016101901   0.3334071518418768
   0.4664740339829002   0.3563591631511068   0.3345731465060152
   0.4679009538831217   0.3574627086837418   0.3357419908313015
   0.4693233849515789   0.3585627244506052   0.3369135958444412
   0.4707409105892155   0.3596589862108884   0.3380878581150835
   0.4721531064071184   0.3607512592520900   0.3392646596130973
   0.4735595405022126   0.3618392984125736   0.3404438675819950
   0.4749597737425647   0.3629228481149426   0.3416253344286160
   0.4763533600619280   0.3640016424100909   0.3428088976291523
   0.4777398467631421   0.3650754050317597   0.3439943796515574
   0.4791187748300121   0.3661438494614167   0.3451815878943429
   0.4804896792472479   0.3672066790032437   0.3463703146417306
   0.4818520893280578   0.3682635868690073   0.3475603370350759
   0.4832055290489668   0.3693142562725501   0.3487514170604561
   0.4845495173914359   0.3703583605336380   0.3499433015522633
   0.4858835686898264   0.3713955631908579   0.3511357222125968
   0.4872071929852858   0.3724255181232594   0.3523283956462244
   0.4885198963850851   0.3734478696804028   0.3535210234108289
   0.4898211814269678   0.3744622528204625   0.3547132920822080
   0.4911105474480538   0.3754682932560145   0.3559048733340796
   0.4923874909578474   0.3764656076071254   0.3570954240320740
   0.4936515060148899   0.3774538035613407   0.3582845863414758
   0.4949020846066268   0.3784324800401592   0.3594719878482380
   0.4961387170320253   0.3794012273715660   0.3606572416927337
   0.4973608922865293   0.3803596274681859   0.3618399467157044
   0.4985680984489107   0.3813072540106108   0.3630196876158014
   0.4997598230696048   0.3822436726354443   0.3641960351180950
   0.5009355535601320   0.3831684411275995   0.3653685461529014
   0.5020947775832058   0.3840811096163851   0.3665367640442244
   0.5032369834431599   0.3849812207749055   0.3677002187071011
   0.5043616604763349   0.3858683100223033   0.3688584268531065
   0.5054682994410811   0.3867419057283717   0.3700108922032428
   0.5065563929070681   0.3876015294200634   0.3711571057074206
   0.5076254356435941   0.3884466959894314   0.3722965457697183
   0.5086749250066288   0.3892769139025329   0.3734286784785888
   0.5097043613243394   0.3900916854088529   0.3745529578411598
   0.5107132482808785   0.3908905067507867   0.3756688260207728
   0.5117010932982378   0.3916728683727600   0.3767757135768778
   0.5126674079160095   0.3924382551295564   0.3778730397064114
   0.5136117081689162   0.3931861464934500   0.3789602124857618
   0.5145335149620106   0.3939160167597495   0.3800366291124346
   0.5154323544434807   0.3946273352503868   0.3811016761455207
   0.5163077583750225   0.3953195665152007   0.3821547297440805
   0.5171592644997899   0.3959921705305827   0.3831951559025535
   0.5179864169079594   0.3966446028951915   0.3842223106823103
   0.5187887663999867   0.3972763150224511   0.3852355404384822
   0.5195658708476841   0.3978867543296000   0.3862341820412040
   0.5203172955532694   0.3984753644230623   0.3872175630904227
   0.5210426136065934   0.3990415852799718   0.3881850021234503
   0.5217414062407872   0.3995848534256918   0.3891358088144473
   0.5224132631866246   0.4001046021072332   0.3900692841650495
   0.5230577830259291   0.4006002614624919   0.3909847206853826
   0.5236745735444033   0.4010712586852864   0.3918814025647227
   0.5242632520843151   0.4015170181862085   0.3927586058311014
   0.5248234458975080   0.4019369617493552   0.3936155984991874
   0.5253547924992641   0.4023305086850518   0.3944516407058021
   0.5258569400235874   0.4026970759787354   0.3952659848324717
   0.5263295475805381   0.4030360784362145   0.3960578756144663
   0.5267722856162866   0.4033469288255897   0.3968265502358006
   0.5271848362766206   0.4036290380161610   0.3975712384097437
   0.5275668937746769   0.4038818151147348   0.3982911624444075
   0.5279181647637421   0.4041046675997930   0.3989855372930677
   0.5282383687160068   0.4042970014540556   0.3996535705889003
   0.5285272383082172   0.4044582212960594   0.4002944626638987
   0.5287845198152262   0.4045877305114298   0.4009074065517875
   0.5290099735125029   0.4046849313846186   0.4014915879748358
   0.5292033740887199   0.4047492252319672   0.4020461853145270
   0.5293645110695820   0.4047800125370287   0.4025703695661383
   0.5294931892541439   0.4047766930891973   0.4030633042773650
   0.5295892291649011   0.4047386661267811   0.4035241454712132
   0.5296524675130105   0.4046653304857591   0.4039520415534859
   0.5296827576800520   0.4045560847555799   0.4043461332052949
   0.5296799702178103   0.4044103274434725   0.4047055532611431
   0.5296439933676073   0.4042274571488645   0.4050294265732490
   0.5295747336007831   0.4040068727496279   0.4053168698629095
   0.5294721161819820   0.4037479736020199   0.4055669915598534
   0.5293360857569571   0.4034501597563170   0.4057788916306797
   0.5291666069666711   0.4031128321903096   0.4059516613976525
   0.5289636650895245   0.4027353930629624   0.4060843833493006
   0.5287272667135972   0.4023172459907439   0.4061761309444684
   0.5284574404408514   0.4018577963492789   0.4062259684116725
   0.5281542376252875   0.4013564516031868   0.4062329505458608
   0.5278177331470946   0.4008126216671535   0.4061961225049024
