   0.2362534352715084   0.1484929629698761   0.1484349735024776
   0.2362782870624569   0.1486827062359120   0.1484941772521542
   0.2363285808908855   0.1489008238656940   0.1485890543096262
   0.2364029180612685   0.1491452841832720   0.1487169266730550
   0.2365000252469160   0.1494141680778591   0.1488752739351330
   0.2366187446497161   0.1497056673741382   0.1490617379145980
   0.2367580233983687   0.1500180815896132   0.1492741223810520
   0.2369169024341344   0.1503498136706477   0.1495103909820324
   0.2370945050190102   0.1506993648437460   0.1497686636791172
   0.2372900249836162   0.1510653286730050   0.1500472118182341
   0.2375027148282419   0.1514463844109646   0.1503444519336132
   0.2377318737880979   0.1518412897330164   0.1506589383884031
   0.2379768359708687   0.1522488729488503   0.1509893549621779
   0.2382369586708486   0.1526680247870905   0.1513345055027961
   0.2385116109592063   0.1530976898509528   0.1516933037663651
   0.2388001626442814   0.1535368578432855   0.1520647625739069
   0.2391019736893619   0.1539845546586776   0.1524479824164552
   0.2394163841682307   0.1544398334384616   0.1528421396416386
   0.2397427048310390   0.1549017656814539   0.1532464743543329
   0.2400802083448997   0.1553694324992833   0.1536602781617844
   0.2404281212651332   0.1558419161002471   0.1540828818898242
   0.2407856167844823   0.1563182915799466   0.1545136433915778
   0.2411518082989570   0.1567976190906062   0.1549519355635652
   0.2415257438204176   0.1572789364541029   0.1553971346764741
   0.2419064012576431   0.1577612522764636   0.1558486091193269
   0.2422926845795896   0.1582435396140351   0.1563057086464285
   0.2426834208669005   0.1587247302338370   0.1567677542065510
   0.2430773582505762   0.1592037095028752   0.1572340284234316
   0.2434731647301287   0.1596793119335478   0.1577037667860088
   0.2438694278575977   0.1601503174048187   0.1581761495960481
   0.2442646552685458   0.1606154480716732   0.1586502947100665
   0.2446572760366378   0.1610733659686094   0.1591252511019033
   0.2450456428246708   0.1615226713066373   0.1595999932620511
   0.2454280348019892   0.1619619014575555   0.1600734164400911
   0.2458026612961124   0.1623895306142210   0.1605443327274081
   0.2461676661451140   0.1628039701111904   0.1610114679689197
   0.2465211327168258   0.1632035693865553   0.1614734594849553
   0.2468610895612745   0.1635866175630625   0.1619288545777898
   0.2471855166638496   0.1639513456247495   0.1623761097917454
   0.2474923522685257   0.1642959291643420   0.1628135908913388
   0.2477795002429423   0.1646184916765938   0.1632395735187168
   0.2480448379602267   0.1649171083735677   0.1636522444896573
   0.2482862246760479   0.1651898104995688   0.1640497036867497
   0.2485015103834141   0.1654345901260039   0.1644299665090194
   0.2486885451320956   0.1656494054098100   0.1647909668392336
   0.2488451888041444   0.1658321863032271   0.1651305604933879
   0.2489693213416839   0.1659808407074965   0.1654465291213921
   0.2490588534278586   0.1660932610684803   0.1657365845336784
   0.2491117376264123   0.1661673314181220   0.1659983734352838
   0.2491259799897164   0.1662009348719996   0.1662294825568005
   0.2490996521490454   0.1661919615998583   0.1664274441803499
   0.2490309039043915   0.1661383172928297   0.1665897420682926
   0.2489179763339953   0.1660379321579242   0.1667138178126168
   0.2487592154459160   0.1658887704772117   0.1667970776337117
   0.2485530863952697   0.1656888407757360   0.1668368996684065
   0.2482981882910955   0.1654362066485246   0.1668306417985853
   0.2479932696160541   0.1651289983029152   0.1667756500832559
   0.2476372442802121   0.1647654248776907   0.1666692678685068
   0.2472292083268841   0.1643437876050543   0.1665088456612012
   0.2467684573037931   0.1638624938851385   0.1662917518634083
   0.2462545043065288   0.1633200723453718   0.1660153844753104
   0.2456870986933074   0.1627151889584707   0.1656771838845413
   0.2450662454602430   0.1620466642928918   0.1652746468694395
   0.2443922252545599   0.1613134919680894   0.1648053419524168
   0.2436656149892862   0.1605148583836636   0.1642669262473602
   0.2428873090067816   0.1596501637862049   0.1636571639515207
   0.2420585407198211   0.1587190447300917   0.1629739466374657
   0.2411809046376803   0.1577213979783644   0.1622153155041062
   0.2402563786605968   0.1566574058767508   0.1613794857472308
   0.2392873464989017   0.1555275632175740   0.1604648732089729
   0.2382766200428919   0.1543327055902080   0.1594701234617222
   0.2372274614759699   0.1530740391904970   0.1583941434745798
   0.2361436048866028   0.1517531720326140   0.1572361359988322
   0.2350292770941875   0.1503721464726526   0.1559956367922606
   0.2338892173599311   0.1489334729132600   0.1546725547794208
   0.2327286956064800   0.1474401645122368   0.1532672152152133
   0.2315535287194589   0.1458957726646811   0.1517804058808124
   0.2303700944507034   0.1443044229673918   0.1502134262929332
   0.2291853423873516   0.1426708513054074   0.1485681398478966
   0.2280068013939280   0.1410004396233916   0.1468470287493402
   0.2268425828772175   0.1392992508589174   0.1450532514809741
   0.2257013791675318   0.1375740624206272   0.1431907024817468
   0.2245924562567704   0.1358323974921775   0.1412640735585076
   0.2235256400857466   0.1340825533336555   0.1392789164292873
   0.2225112955333489   0.1323336256371748   0.1372417056275676
   0.2215602972315135   0.1305955278746547   0.1351599008138323
   0.2206839913164875   0.1288790044561964   0.1330420073355418
   0.2198941472327536   0.1271956364007115   0.1308976336517222
   0.2192028987360389   0.1255578381112735   0.1287375439962577
   0.2186226733011470   0.1239788437518919   0.1265737043990429
   0.2181661092343044   0.1224726816470484   0.1244193199227261
   0.2178459599236364   0.1210541350785210   0.1222888607135336
   0.2176749848404265   0.1197386878449769   0.1201980742189275
   0.2176658271324244   0.1185424529886368   0.1181639807067383
   0.2178308779321591   0.1174820831907203   0.1162048490469709
   0.2181821278398944   0.1165746615042273   0.1143401496084870
   0.2187310064324258   0.1158375713393417   0.1125904811004199
   0.2194882110925737   0.1152883449526174   0.1109774682763650
   0.2204635269439868   0.1149444901232816   0.1095236276426656
   0.2216656402020170   0.1148232952325261   0.1082521986942454
   0.2231019478000913   0.1149416135943447   0.1071869387635420
   0.2247783667040043   0.1153156286137394   0.1063518803264543
   0.2266991468613417   0.1159606021579666   0.1057710505727480
   0.2288666922233597   0.1168906093996207   0.1054681542160216
   0.2312813946923576   0.1181182642996724   0.1054662218765749
   0.2339414861571438   0.1196544408091282   0.1057872278910642
   0.2368429139503301   0.1215079957374832   0.1064516830412087
   0.2399792450631557   0.1236855000162903   0.1074782093887676
   0.2433416042593371   0.1261909857245896   0.1088831060783196
   0.2469186508183192   0.1290257166860257   0.1106799165321237
   0.2506965979982048   0.1321879906437804   0.1128790088119556
   0.2546592784384075   0.1356729809236097   0.1154871819566135
   0.2587882576332474   0.1394726250721919   0.1185073117191210
   0.2630629963255668   0.1435755671867705   0.1219380492338558
   0.2674610612331888   0.1479671595295601   0.1257735856696531
   0.2719583819828865   0.1526295275636998   0.1300034948265954
   0.2765295505497611   0.1575417007954003   0.1346126639021729
   0.2811481579557579   0.1626798098193542   0.1395813203162848
   0.2857871615447368   0.1680173478208036   0.1448851596147372
   0.2904192748976245   0.1735254925828286   0.1504955761779482
   0.2950173714486815   0.1791734828867040   0.1563799948912087
   0.2995548921712620   0.1849290411857111   0.1625022982581148
   0.3040062473621998   0.1907588326843203   0.1688233398492799
   0.3083472025932872   0.1966289495602139   0.1753015316675178
   0.3125552393207984   0.2025054081035301   0.1818934901617239
   0.3166098814328134   0.2083546460699260   0.1885547233944898
   0.3204929801318440   0.2141440075779715   0.1952403403872865
   0.3241889509413646   0.2198422034236877   0.2019057630110072
   0.3276849582192655   0.2254197357030579   0.2085074209869899
   0.3309710442792331   0.2308492770673522   0.2150034115898155
   0.3340402019785981   0.2361059967039780   0.2213541074234621
   0.3368883913455562   0.2411678271388791   0.2275226980583699
   0.3395145024136498   0.2460156680877195   0.2334756542164456
   0.3419202678419055   0.2506335257332249   0.2391831064002953
   0.3441101300744016   0.2550085878719155   0.2446191332000916
   0.3460910686993117   0.2591312372640779   0.2497619577995687
   0.3478723942880083   0.2629950071623650   0.2545940542815647
   0.3494655153298224   0.2665964843334990   0.2591021680695013
   0.3508836849428597   0.2699351658926589   0.2632772571331735
   0.3521417338636862   0.2730132769311948   0.2671143623702911
   0.3532557958359422   0.2758355562449460   0.2706124168205637
   0.3542430309732114   0.2784090174888257   0.2737740040815718
   0.3551213520106301   0.2807426928324561   0.2766050765086977
   0.3559091576282966   0.2828473657191600   0.2791146435511357
   0.3566250762702043   0.2847352986887863   0.2813144399743150
   0.3572877231330255   0.2864199614668108   0.2832185828267191
   0.3579154722914262   0.2879157636988017   0.2848432249096380
   0.3585262452856295   0.2892377958669261   0.2862062112828274
   0.3591373169406790   0.2904015811035828   0.2873267440618215
   0.3597651387265243   0.2914228398491438   0.2882250594988217
   0.3604251796087021   0.2923172686111141   0.2889221201426867
   0.3611317840806769   0.2931003334883481   0.2894393237870164
   0.3618980469059253   0.2937870786368297   0.2897982299696362
   0.3627357040220284   0.2943919494773215   0.2900203040022666
   0.3636550390590881   0.2949286301789889   0.2901266778966181
   0.3646648049873921   0.2954098947915372   0.2901379271150540
   0.3657721605199357   0.2958474713326018   0.2900738618059029
   0.3669826210390880   0.2962519181554565   0.2899533310751347
   0.3683000239782908   0.2966325120109139   0.2897940388824236
   0.3697265087546840   0.2969971473615372   0.2896123703115878
   0.3712625115034728   0.2973522466900893   0.2894232272308153
   0.3729067749976918   0.2977026817514144   0.2892398727022091
   0.3746563742377708   0.2980517059317812   0.2890737838962593
   0.3765067582563029   0.2984008980871490   0.2889345136869621
   0.3784518086998316   0.2987501184182928   0.2888295615190477
   0.3804839157195976   0.2990974770948539   0.2887642545224731
   0.3825940716286492   0.2994393164535998   0.2887416401751294
   0.3847719826687396   0.2997702076634702   0.2887623920601868
   0.3870061990855274   0.3000829627705258   0.2888247304122272
   0.3892842635465658   0.3003686630136372   0.2889243591856236
   0.3915928777677229   0.3006167042457251   0.2890544213072464
   0.3939180870562485   0.3008148602199576   0.2892054736011567
   0.3962454823496447   0.3009493644250568   0.2893654826141680
   0.3985604192452799   0.3010050111029516   0.2895198422584958
   0.4008482534906840   0.3009652760835589   0.2896514138635550
   0.4030945924493595   0.3008124581562063   0.2897405889472268
   0.4052855621767891   0.3005278418971191   0.2897653748420622
   0.4074080899337384   0.3000918832187482   0.2897015033175084
   0.4094502022169975   0.2994844194279994   0.2895225626062023
   0.4114013386779356   0.2986849062997982   0.2892001538567539
   0.4132526825894705   0.2976726856047123   0.2887040740861767
   0.4149975087590048   0.2964272876775508   0.2880025292812732
   0.4166315498967953   0.2949287749644832   0.2870623834856108
   0.4181533823429245   0.2931581340034449   0.2858494525846924
   0.4195648316143183   0.2910977249104905   0.2843288551281644
   0.4208713973118594   0.2887317990567541   0.2824654369380396
   0.4220826953534760   0.2860470970662000   0.2802242914325221
   0.4232129130696825   0.2830335403114619   0.2775714034562105
   0.4242812691847957   0.2796850294096372   0.2744744507392944
   0.4253124658642635   0.2760003623821799   0.2709038035189248
   0.4263371135924008   0.2719842825637371   0.2668337686872034
   0.4273921014471791   0.2676486612868273   0.2622441290507549
   0.4285208752420551   0.2630138119333522   0.2571220293646637
   0.4297735740653585   0.2581099190934772   0.2514642565733929
   0.4312069623131592   0.2529785482087408   0.2452799492461622
   0.4328840801758987   0.2476741761931822   0.2385937468568542
   0.4348735221304074   0.2422656514779247   0.2314493490224126
   0.4372482425685916   0.2368374528394764   0.2239133935829576
   0.4400837835242653   0.2314905717314050   0.2160794766972337
   0.4434558258607329   0.2263427961993658   0.2080720263949824
   0.4474369874629504   0.2215281322230778   0.2000496062275446
   0.4520928354900967   0.2171950703532352   0.1922070781351122
   0.4574771493996344   0.2135034051970674   0.1847759142098191
   0.4636265696178846   0.2106193586617044   0.1780218491653085
   0.4705548910531994   0.2087088609938761   0.1722390548787769
   0.4782474015870786   0.2079290182870260   0.1677401485562499
   0.4866558046013991   0.2084180423439181   0.1648416657754450
   0.4956943735780276   0.2102842220690163   0.1638451647047801
   0.5052380314207126   0.2135948355571611   0.1650148579054834
   0.5151229931605614   0.2183661763579612   0.1685535069202778
   0.5251504342810069   0.2245560188355736   0.1745791041330834
   0.5350933461801048   0.2320598020417063   0.1831053961384875
   0.5447063442534776   0.2407115230583052   0.1940293619836682
   0.5537377638257445   0.2502898056712742   0.2071282086997003
   0.5619429982309887   0.2605289200466835   0.2220672880323487
   0.5690977876300860   0.2711338027122715   0.2384187512551660
   0.5750101198181879   0.2817975192705892   0.2556890720700475
   0.5795295748096587   0.2922192622747632   0.2733521696813642
   0.5825533010753862   0.3021209598635279   0.2908840820510231
   0.5840282774749816   0.3112608790140853   0.3077951329216725
   0.5839499948921020   0.3194431539021690   0.3236562540594570
   0.5823580955913266   0.3265228206173023   0.3381173361423101
   0.5793297753926017   0.3324065552833044   0.3509168680874603
   0.5749718620502191   0.3370497868838128   0.3618833805623149
   0.5694124472900424   0.3404511348952762   0.3709301240074511
   0.5627928088387887   0.3426452043819962   0.3780448995063613
   0.5552601608509848   0.3436946955617171   0.3832770496077544
   0.5469615611251945   0.3436826077847571   0.3867234052810547
   0.5380391145217843   0.3427050966681472   0.3885146001642742
   0.5286264630131001   0.3408653236465005   0.3888027194670819
   0.5188464500919523   0.3382684490132916   0.3877508331982732
   0.5088097879907163   0.3350177765215985   0.3855246210646738
   0.4986145323208791   0.3312119616533620   0.3822860479068689
   0.4883461705007172   0.3269431411085894   0.3781888908143501
   0.4780781482950466   0.3222958187798576   0.3733758370125129
   0.4678726851871933   0.3173463437327024   0.3679768457432990
   0.4577817584360276   0.3121628298836737   0.3621084787343504
   0.4478481637955944   0.3068053883846698   0.3558739366797971
   0.4381065858565992   0.3013265673822690   0.3493635816636338
   0.4285846318575964   0.2957719167522620   0.3426557697045599
   0.4193037994475127   0.2901806158921806   0.3358178588090925
   0.4102803615664196   0.2845861199290882   0.3289072936498749
   0.4015261608883167   0.2790167936311940   0.3219726973855381
   0.3930493127559757   0.2734965131292594   0.3150549243280368
   0.3848548198348433   0.2680452236670079   0.3081880447901169
   0.3769451043554535   0.2626794474791529   0.3014002463808715
   0.3693204652497253   0.2574127400004468   0.2947146451700602
   0.3619794680748281   0.2522560953500288   0.2881500063540748
   0.3549192756360880   0.2472183037588658   0.2817213780546698
   0.3481359268749556   0.2423062645947035   0.2754406442623427
   0.3416245710296513   0.2375252591080347   0.2693170041711984
   0.3353796634103863   0.2328791871410067   0.2633573856026891
   0.3293951284296593   0.2283707719325032   0.2575668001512901
   0.3236644948374988   0.2240017369061456   0.2519486473017089
   0.3181810074600276   0.2197729580064858   0.2465049742031568
   0.3129377191429440   0.2156845947951162   0.2412366971367268
   0.3079275660664047   0.2117362031610322   0.2361437900402115
   0.3031434291256385   0.2079268321560698   0.2312254448008512
   0.2985781836601069   0.2042551071468517   0.2264802074142694
   0.2942247394588734   0.2007193011846060   0.2219060935497824
   0.2900760726656380   0.1973173962352487   0.2175006865633607
   0.2861252509479602   0.1940471356838918   0.2132612205599744
   0.2823654530758429   0.1909060693287482   0.2091846507241052
   0.2787899838697750   0.1878915919068987   0.2052677128064568
   0.2753922853226313   0.1850009760458250   0.2015069733711358
   0.2721659445691709   0.1822314004072554   0.1978988721654350
   0.2691046992673985   0.1795799736810307   0.1944397577685512
   0.2662024408644597   0.1770437549939094   0.1911259175012085
   0.2634532161431373   0.1746197712192303   0.1879536024307683
   0.2608512273809900   0.1723050316061557   0.1849190481820226
   0.2583908314006353   0.1700965400900609   0.1820184921589948
   0.2560665377448899   0.1679913055970086   0.1792481876946950
   0.2538730061729765   0.1659863506138245   0.1766044155713111
   0.2518050436425520   0.1640787182599720   0.1740834932905223
   0.2498576009158830   0.1622654780672373   0.1716817824206448
   0.2480257689062457   0.1605437306473867   0.1693956943025521
   0.2463047748618257   0.1589106114057525   0.1672216943584239
   0.2446899784684751   0.1573632934395737   0.1651563052152354
   0.2431768679391340   0.1558989897433664   0.1631961088275622
   0.2417610561461559   0.1545149548292281   0.1613377477609527
   0.2404382768428417   0.1532084858574369   0.1595779257771385
   0.2392043810119197   0.1519769233617077   0.1579134078451641
   0.2380553333712737   0.1508176516437636   0.1563410196876602
   0.2369872090607321   0.1497280989032804   0.1548576469585518
   0.2359961905280452   0.1487057371615769   0.1534602341371833
   0.2350785646271533   0.1477480820305268   0.1521457832138642
   0.2342307199374004   0.1468526923719377   0.1509113522329800
   0.2334491443083896   0.1460171698869684   0.1497540537518753
   0.2327304226316410   0.1452391586699758   0.1486710532665509
   0.2320712348370496   0.1445163447564128   0.1476595676486936
   0.2314683541093194   0.1438464556900005   0.1467168636325719
   0.2309186453170218   0.1432272601303085   0.1458402563847963
   0.2304190636446849   0.1426565675180891   0.1450271081848017
   0.2299666534163446   0.1421322278121740   0.1442748272390934
   0.2295585470972542   0.1416521313084473   0.1435808666477861
   0.2291919644589633   0.1412142085483453   0.1429427235377121
   0.2288642118917247   0.1408164303214864   0.1423579383723746
   0.2285726818471642   0.1404568077643980   0.1418240944452511
   0.2283148523933464   0.1401333925548813   0.1413388175594138
   0.2280882868637975   0.1398442771993431   0.1408997758931246
   0.2278906335816842   0.1395875954084108   0.1405046800479796
   0.2277196256402005   0.1393615225543572   0.1401512832733430
   0.2275730807202740   0.1391642762022770   0.1398373818582094
   0.2274489009269645   0.1389941167055916   0.1395608156792996
   0.2273450726263737   0.1388493478553061   0.1393194688921109
   0.2272596662655172   0.1387283175715082   0.1391112707498450
   0.2271908361584080   0.1386294186248769   0.1389341965335996
   0.2271368202225514   0.1385510893754587   0.1387862685759750
   0.2270959396511481   0.1384918145156647   0.1386655573592764
   0.2270665985075133   0.1384501258043373   0.1385701826688248
   0.2270472832295433   0.1384246027788227   0.1384983147814876
   0.2270365620334728   0.1384138734322507   0.1384481756694247
   0.2270330842076357   0.1384166148436589   0.1384180401991841
   0.2270355792884761   0.1384315537491875   0.1384062373066814
   0.2270428561126053   0.1384574670433026   0.1384111511292249
   0.2270538017402678   0.1384931821998511   0.1384312220765968
   0.2270673802471362   0.1385375776037150   0.1384649478242506
   0.2270826313828825   0.1385895827848712   0.1385108842128954
   0.2270986690964633   0.1386481785477801   0.1385676460401173
   0.2271146799294813   0.1387123969901915   0.1386339077311712
   0.2271299212803438   0.1387813214066505   0.1387084038776726
   0.2271437195432081   0.1388540860732016   0.1387899296345804
   0.2271554681268794   0.1389298759110009   0.1388773409675711
   0.2271646253599013   0.1390079260277371   0.1389695547446323
   0.2271707122890358   0.1390875211369272   0.1390655486674313
   0.2271733103791813   0.1391679948562675   0.1391643610397151
   0.2271720591235009   0.1392487288872837   0.1392650903716502
   0.2271666535731448   0.1393291520795144   0.1393668948205999
   0.2271568417964395   0.1394087393833839   0.1394689914703425
   0.2271424222777916   0.1394870106967567   0.1395706554521453
   0.2271232412668131   0.1395635296109169   0.1396712189124110
   0.2270991900883293   0.1396379020623775   0.1397700698327994
   0.2270702024239802   0.1397097748974921   0.1398666507097897
   0.2270362515760819   0.1397788343573230   0.1399604571015844
   0.2269973477242819   0.1398448044906015   0.1400510360510597
   0.2269535351853295   0.1399074455029169   0.1401379843941405
   0.2269048896859979   0.1399665520504854   0.1402209469635296
   0.2268515156588521   0.1400219514869747   0.1402996146981369
   0.2267935435701504   0.1400735020719246   0.1403737226688619
   0.2267311272887262   0.1401210911492781   0.1404430480315718
   0.2266644415042119   0.1401646333044665   0.1405074079181986
   0.2265936792024551   0.1402040685083477   0.1405666572768722
   0.2265190492054417   0.1402393602561058   0.1406206866718964
   0.2264407737824992   0.1402704937089891   0.1406694200542018
   0.2263590863389860   0.1402974738464827   0.1407128125126512
   0.2262742291881281   0.1403203236362060   0.1407508480162674
   0.2261864514111008   0.1403390822284941   0.1407835371570830
   0.2260960068099096   0.1403538031822600   0.1408109149029124
   0.2260031519570920   0.1403645527283699   0.1408330383688997
   0.2259081443457409   0.1403714080763769   0.1408499846162330
   0.2258112406428509   0.1403744557700755   0.1408618484859309
   0.2257126950485096   0.1403737900969430   0.1408687404751077
   0.2256127577629962   0.1403695115561521   0.1408707846626213
   0.2255116735634183   0.1403617253894481   0.1408681166905097
   0.2254096804911045   0.1403505401788121   0.1408608818071164
   0.2253070086505870   0.1403360665144607   0.1408492329773230
   0.2252038791206440   0.1403184157363763   0.1408333290648257
   0.2251005029775358   0.1402976987522180   0.1408133330909324
   0.2249970804302534   0.1402740249341319   0.1407894105739143
   0.2248938000673030   0.1402475010966594   0.1407617279525148
   0.2247908382142828   0.1402182305576436   0.1407304510968209
   0.2246883584012508   0.1401863122837387   0.1406957439093102
   0.2245865109386557   0.1401518401218586   0.1406577670185283
   0.2244854326003803   0.1401149021176328   0.1406166765675061
   0.2243852464122495   0.1400755799216959   0.1405726230987049
   0.2242860615441676   0.1400339482843949   0.1405257505369742
   0.2241879733038765   0.1399900746392791   0.1404761952717259
   0.2240910632301586   0.1399440187755205   0.1404240853392595
   0.2239953992831626   0.1398958325992091   0.1403695397059284
   0.2239010361293776   0.1398455599832744   0.1403126676525975
   0.2238080155186492   0.1397932367055937   0.1402535682606312
   0.2237163667504934   0.1397388904746699   0.1401923299994356
   0.2236261072268440   0.1396825410420852   0.1401290304153890
   0.2235372430882354   0.1396242004007670   0.1400637359218053
   0.2234497699303135   0.1395638730679373   0.1399965016894002
   0.2233636735974375   0.1395015564514512   0.1399273716365582
   0.2232789310500244   0.1394372412980723   0.1398563785185351
   0.2231955113021655   0.1393709122220694   0.1397835441145727
   0.2231133764259275   0.1393025483123604   0.1397088795117432
   0.2230324826186317   0.1392321238162712   0.1396323854841914
   0.2229527813292810   0.1391596088978118   0.1395540529662908
   0.2228742204401829   0.1390849704682130   0.1394738636180751
   0.2227967454996893   0.1390081730862969   0.1393917904811612
   0.2227203010018444   0.1389291799260900   0.1393077987232201
   0.2226448317086006   0.1388479538089068   0.1392218464689015
   0.2225702840101217   0.1387644582969616   0.1391338857149579
   0.2224966073185576   0.1386786588453752   0.1390438633271485
   0.2224237554905227   0.1385905240092556   0.1389517221163380
   0.2223516882733684   0.1385000267023352   0.1388574019910278
   0.2222803727701777   0.1384071455034384   0.1387608411833735
   0.2222097849182588   0.1383118660068420   0.1386619775455531
   0.2221399109757463   0.1382141822123684   0.1385607499131483
   0.2220707490107547   0.1381140979508151   0.1384570995319845
   0.2220023103873567   0.1380116283400857   0.1383509715446527
   0.2219346212424862   0.1379068012671296   0.1382423165326976
   0.2218677239476877   0.1377996588905359   0.1381310921101950
   0.2218016785494581   0.1376902591583464   0.1380172645641772
   0.2217365641817484   0.1375786773353717   0.1379008105370701
   0.2216724804440144   0.1374650075339846   0.1377817187459966
   0.2216095487380350   0.1373493642420670   0.1376599917334772
   0.2215479135565430   0.1372318838414571   0.1375356476437008
   0.2214877437165561   0.1371127261099167   0.1374087220181729
   0.2214292335301406   0.1369920756993045   0.1372792696041540
   0.2213726039052011   0.1368701435822917   0.1371473661688816
   0.2213181033687700   0.1367471684596138   0.1370131103121382
   0.2212660090051608   0.1366234181195020   0.1368766252692676
   0.2212166273012765   0.1364991907405909   0.1367380606962650
   0.2211702948913092   0.1363748161292608   0.1365975944280809
   0.2211273791930468   0.1362506568820412   0.1364554342007657
   0.2210882789280274   0.1361271094633897   0.1363118193275755
   0.2210534245178373   0.1360046051888673   0.1361670223186363
   0.2210232783489608   0.1358836111034644   0.1360213504332496
   0.2209983348987540   0.1357646307446043   0.1358751471534107
   0.2209791207153322   0.1356482047791587   0.1357287935666228
   0.2209661942444491   0.1355349115036767   0.1355827096456161
   0.2209601454967958   0.1354253671969415   0.1354373554121514
   0.2209615955495769   0.1353202263139650   0.1352932319716976
   0.2209711958767231   0.1352201815105899   0.1351508824054454
   0.2209896275026872   0.1351259634880219   0.1350108925058515
   0.2210175999754337   0.1350383406468588   0.1348738913417401
   0.2210558501549957   0.1349581185405368   0.1347405516389004
   0.2211051408148021   0.1348861391185749   0.1346115899621562
   0.2211662590539168   0.1348232797505834   0.1344877666850391
   0.2212400145193338   0.1347704520227183   0.1343698857334977
   0.2213272374385705   0.1347286002991053   0.1342587940905255
   0.2214287764639687   0.1346987000417486   0.1341553810492130
   0.2215454963313502   0.1346817558835650   0.1340605772025258
   0.2216782753369795   0.1346787994504551   0.1339753531590979
   0.2218280026381311   0.1346908869297364   0.1339007179755127
   0.2219955753839614   0.1347190963838178   0.1338377172969274
   0.2221818956847945   0.1347645248096739   0.1337874311994853
   0.2223878674293688   0.1348282849464900   0.1337509717297476
   0.2226143929610160   0.1349115018357645   0.1337294801383639
   0.2228623696251461   0.1350153091401753   0.1337241238073734
   0.2231326862017777   0.1351408452296106   0.1337360928728757
   0.2234262192381543   0.1352892490449212   0.1337665965473115
   0.2237438292977136   0.1354616557521460   0.1338168591482315
   0.2240863571427993   0.1356591922021615   0.1338881158431701
   0.2244546198695179   0.1358829722128985   0.1339816081230587
   0.2248494070140121   0.1361340916934111   0.1340985790194657
   0.2252714766501519   0.1364136236311500   0.1342402680838098
   0.2257215514991990   0.1367226129657613   0.1344079061495096
   0.2262003150723852   0.1370620713745596   0.1346027099007678
   0.2267084078675411   0.1374329719964951   0.1348258762743004
   0.2272464236409179   0.1378362441229096   0.1350785767227694
   0.2278149057751546   0.1382727678846447   0.1353619513709131
   0.2284143437639553   0.1387433689660882   0.1356771030973635
   0.2290451698334707   0.1392488133775197   0.1360250915768562
   0.2297077557196072   0.1397898023176169   0.1364069273189459
   0.2304024096195545   0.1403669671582103   0.1368235657404175
   0.2311293733347159   0.1409808645833072   0.1372759013093155
   0.2318888196209645   0.1416319719140606   0.1377647617988875
   0.2326808497607617   0.1423206826507247   0.1382909026897579
   0.2335054913701473   0.1430473022617264   0.1388550017583070
   0.2343626964519945   0.1438120442488080   0.1394576538885605
   0.2352523397051947   0.1446150265157646   0.1400993661438867
   0.2361742170976473   0.1454562680666272   0.1407805531335007
   0.2371280447090578   0.1463356860572508   0.1415015327071927
   0.2381134578476234   0.1472530932221634   0.1422625220098678
   0.2391300104427085   0.1482081956962381   0.1430636339254303
   0.2401771747135914   0.1492005912482762   0.1439048739372919
   0.2412543411122978   0.1502297679409539   0.1447861374303508
   0.2423608185364298   0.1512951032287814   0.1457072074566890
   0.2434958348057571   0.1523958635027843   0.1466677529844857
   0.2446585373941505   0.1535312040875185   0.1476673276467352
   0.2458479944062220   0.1547001696927968   0.1487053690032937
   0.2470631957857823   0.1559016953191293   0.1497811983265372
   0.2483030547409569   0.1571346076123588   0.1508940209174817
   0.2495664093685175   0.1583976266593213   0.1520429269555676
   0.2508520244577135   0.1596893682125685   0.1532268928814143
   0.2521585934516496   0.1610083463282808   0.1544447833076901
   0.2534847405420873   0.1623529763974726   0.1556953534487822
   0.2548290228714853   0.1637215785464869   0.1569772520551839
   0.2561899328141942   0.1651123813786031   0.1582890248334264
   0.2575659003070281   0.1665235260243998   0.1596291183269814
   0.2589552951980290   0.1679530704643585   0.1609958842278621
   0.2603564295811629   0.1693989940831299   0.1623875840827045
   0.2617675600840397   0.1708592024109832   0.1638023943509579
   0.2631868900755748   0.1723315320042928   0.1652384117665482
   0.2646125717609025   0.1738137554135785   0.1666936589480919
   0.2660427081318619   0.1753035861846936   0.1681660901965399
   0.2674753547430768   0.1767986838363431   0.1696535974131712
   0.2689085212860848   0.1782966587553123   0.1711540160652599
   0.2703401729371852   0.1797950769496834   0.1726651311216838
   0.2717682314586953   0.1812914646000074   0.1741846828763674
   0.2731905760381402   0.1827833123489535   0.1757103725739386
   0.2746050438555491   0.1842680792714592   0.1772398677494603
   0.2760094303754746   0.1857431964698957   0.1787708071927401
   0.2774014893675358   0.1872060702422910   0.1803008054476309
   0.2787789326671741   0.1886540847762427   0.1818274567580429
   0.2801394296968123   0.1900846043268015   0.1833483383751549
   0.2814806067766386   0.1914949748433065   0.1848610131446119
   0.2828000462637048   0.1928825250178704   0.1863630312983510
   0.2840952855678005   0.1942445667368924   0.1878519313830959
   0.2853638161025421   0.1955783949265571   0.1893252402664819
   0.2866030822401560   0.1968812867936714   0.1907804721721399
   0.2878104803484184   0.1981505004743088   0.1922151267068040
   0.2889833579980123   0.1993832731144618   0.1936266858554755
   0.2901190134380452   0.2005768184191425   0.1950126099347593
   0.2912146954465353   0.2017283237190030   0.1963703325095120
   0.2922676036712031   0.2028349466164525   0.1976972542937536
   0.2932748895838045   0.2038938112863253   0.1989907360731990
   0.2942336581784418   0.2049020045192873   0.2002480907036018
   0.2951409705507066   0.2058565716092753   0.2014665742561862
   0.2959938475001243   0.2067545121992576   0.2026433763986032
   0.2967892743031170   0.2075927762124211   0.2037756101169443
   0.2975242068076068   0.2083682600085017   0.2048603009012426
   0.2981955790034176   0.2090778029173351   0.2058943755334951
   0.2988003122248383   0.2097181843138570   0.2068746506334777
   0.2993353261431114   0.2102861214107295   0.2077978211334937
   0.2997975517072463   0.2107782679566068   0.2086604488687157
   0.3001839461914803   0.2111912140398626   0.2094589514850511
   0.3004915105069516   0.2115214872095337   0.2101895918816523
   0.3007173089337667   0.2117655551374455   0.2108484684205395
   0.3008584914276156   0.2119198300581877   0.2114315061516469
   0.3009123186524272   0.2119806752370306   0.2119344493183749
   0.3008761898871787   0.2119444137302650   0.2123528554269699
   0.3007476739507326   0.2118073397180960   0.2126820911834150
   0.3005245432832711   0.2115657327073728   0.2129173306247802
   0.3002048113161704   0.2112158749203820   0.2130535557990450
   0.2997867732535335   0.2107540722068557   0.2130855603792968
   0.2992690503774132   0.2101766788394276   0.2130079566360607
   0.2986506379741254   0.2094801265780283   0.2128151862365541
   0.2979309569598357   0.2086609584160230   0.2125015353931881
   0.2971099092583429   0.2077158674499252   0.2120611549469651
   0.2961879369508740   0.2066417413445719   0.2114880860458102
   0.2951660851745227   0.2054357128956960   0.2107762921644357
   0.2940460686900053   0.2040952172202261   0.2099196983119054
   0.2928303419675101   0.2026180561291633   0.2089122383859937
   0.2915221725477973   0.2010024702553698   0.2077479117593641
   0.2901257173201164   0.1992472195149416   0.2064208503201738
   0.2886461012140689   0.1973516724706115   0.2049253973360929
   0.2870894976239728   0.1953159051319662   0.2032561996612049
   0.2854632096658909   0.1931408096615741   0.2014083149524881
   0.2837757511034941   0.1908282133478429   0.1993773356959543
   0.2820369254637309   0.1883810080419142   0.1971595319472248
   0.2802579014920161   0.1858032900222280   0.1947520147473572
   0.2784512826658320   0.1831005099294788   0.1921529221558891
   0.2766311679941572   0.1802796319875325   0.1893616297158262
   0.2748132007804269   0.1773493011721624   0.1863789868880321
   0.2730146014263283   0.1743200162886454   0.1832075805147810
   0.2712541797171779   0.1712043060522171   0.1798520256351322
   0.2695523213805277   0.1680169042169543   0.1763192829118297
   0.2679309430831462   0.1647749185610291   0.1726190004694553
   0.2664134094766636   0.1614979871136183   0.1687638760156621
   0.2650244054840218   0.1582084134228525   0.1647700326587386
   0.2637897568201156   0.1549312709613357   0.1606573988025329
   0.2627361918609538   0.1516944650242248   0.1564500788864487
   0.2618910385325357   0.1485287388125732   0.1521766975922544
   0.2612818510104695   0.1454676089757038   0.1478706955890335
   0.2609359628332242   0.1425472149248895   0.1435705501672235
   0.2608799656529577   0.1398060659894010   0.1393198895879893
   0.2611391163639962   0.1372846712675027   0.1351674661608364
   0.2617366797902412   0.1350250391515301   0.1311669506307180
   0.2626932194242773   0.1330700372866072   0.1273765102124874
   0.2640258547233323   0.1314626094042940   0.1238581354461614
   0.2657475098697299   0.1302448531797065   0.1206766878419908
   0.2678661852277571   0.1294569729235661   0.1178986517703035
   0.2703842883505433   0.1291361322044684   0.1155905906254335
   0.2732980655574183   0.1293152437454949   0.1138173288146306
   0.2765971769951122   0.1300217461525928   0.1126399067140101
   0.2802644569249950   0.1312764278937093   0.1121133836401145
   0.2842758961082548   0.1330923669235374   0.1122845914518590
   0.2886008742533825   0.1354740578602721   0.1131899652112976
   0.2932026576389058   0.1384167962840099   0.1148535935724844
   0.2980391608502004   0.1419063806278708   0.1172856365528296
   0.3030639532487474   0.1459191760931132   0.1204812492057378
   0.3082274719898036   0.1504225627824252   0.1244201251062500
   0.3134783861031751   0.1553757635334546   0.1290667341989060
   0.3187650423948865   0.1607310183261931   0.1343712784664182
   0.3240369155097849   0.1664350447635100   0.1402713312142744
   0.3292459826602290   0.1724307012164456   0.1466940681728470
   0.3343479487340613   0.1786587536049827   0.1535589482138764
   0.3393032593133813   0.1850596403842707   0.1607806646691803
   0.3440778562821276   0.1915751338414362   0.1682721696122891
   0.3486436512346721   0.1981498086635866   0.1759475750043741
   0.3529787135210991   0.2047322490930602   0.1837247554216201
   0.3570671901692678   0.2112759511499852   0.1915275136697206
   0.3608989921179602   0.2177399032744013   0.1992872175695813
   0.3644692937522276   0.2240888543009676   0.2069438673042275
   0.3677778999192886   0.2302932994106858   0.2144466018502338
   0.3708285363911468   0.2363292308737361   0.2217536951138378
   0.3736281167025997   0.2421777101756137   0.2288321239913798
   0.3761860314393285   0.2478243215377252   0.2356568100289412
   0.3785134966249428   0.2532585646385185   0.2422096437234983
   0.3806229871471661   0.2584732377224558   0.2484783972045065
   0.3825277703484232   0.2634638526942145   0.2544556193752021
   0.3842415449416067   0.2682281126906219   0.2601375903102835
   0.3857781819788551   0.2727654713052097   0.2655233915357409
   0.3871515580954284   0.2770767821506024   0.2706141281824414
   0.3883754668075135   0.2811640385127309   0.2754123198315768
   0.3894635911842351   0.2850301958973300   0.2799214604989333
   0.3904295205072918   0.2886790654353901   0.2841457354029140
   0.3912867942470909   0.2921152633192597   0.2880898731881243
   0.3920489584496261   0.2953442004441469   0.2917591069880232
   0.3927296220718247   0.2983720968923331   0.2951592156746676
   0.3933425035858999   0.3012060074387345   0.2982966172542685
   0.3939014610105179   0.3038538464979908   0.3011784889421747
   0.3944205011981171   0.3063244035317284   0.3038128923127183
   0.3949137665601266   0.3086273426025682   0.3062088864536776
   0.3953954993542778   0.3107731822777189   0.3083766167473416
   0.3958799851539744   0.3127732542964368   0.3103273713537260
   0.3963814781750774   0.3146396412322335   0.3120736014105887
   0.3969141117882565   0.3163850947666353   0.3136289042258941
   0.3974917978531872   0.3180229371535159   0.3150079712536319
   0.3981281185425642   0.3195669490294983   0.3162265044217301
   0.3988362141496650   0.3210312469742158   0.3173011054843716
   0.3996286700596945   0.3224301542117758   0.3182491435984233
   0.4005174056711776   0.3237780676409155   0.3190886063908006
   0.4015135676278141   0.3250893240514823   0.3198379395100865
   0.4026274293008771   0.3263780679865231   0.3205158791550642
   0.4038682980738832   0.3276581232899111   0.3211412814452575
   0.4052444316413199   0.3289428699755713   0.3217329518274997
   0.4067629642494407   0.3302451276918222   0.3223094770628692
   0.4084298435803254   0.3315770467490248   0.3228890617568062
   0.4102497788059236   0.3329500074380366   0.3234893709118337
   0.4122262002083489   0.3343745281911890   0.3241273796123471
   0.4143612306655763   0.3358601830214306   0.3248192306973712
   0.4166556692262338   0.3374155286096522   0.3255801011331806
   0.4191089869316834   0.3390480413830377   0.3264240777487816
   0.4217193349772643   0.3407640649251502   0.3273640430237195
   0.4244835652282347   0.3425687680675061   0.3284115716962575
   0.4273972630125001   0.3444661140192450   0.3295768390657664
   0.4304547919970667   0.3464588408841885   0.3308685419711619
   0.4336493508163553   0.3485484538830005   0.3322938335137529
   0.4369730409588904   0.3507352295348328   0.3338582726368884
   0.4404169452378561   0.3530182319531212   0.3355657896590915
   0.4439712159764133   0.3553953412726885   0.3374186687695018
   0.4476251718383252   0.3578632940517875   0.3394175483275339
   0.4513674020375780   0.3604177352881470   0.3415614395618030
   0.4551858764774613   0.3630532814602097   0.3438477639418734
   0.4590680602102107   0.3657635937637013   0.3462724091113990
   0.4630010304825130   0.3685414604711952   0.3488298028391897
   0.4669715945483330   0.3713788871111270   0.3515130039862857
   0.4709664063951599   0.3742671929554118   0.3543138090256847
   0.4749720805470153   0.3771971121332420   0.3572228722116442
   0.4789753011788377   0.3801588975628616   0.3602298371015842
   0.4829629249007165   0.3831424258207889   0.3633234768074174
   0.4869220757426663   0.3861373010537863   0.3664918401126925
   0.4908402310844968   0.3891329560842819   0.3697224004502172
   0.4947052975220214   0.3921187489630380   0.3730022046988796
   0.4985056759300991   0.3950840533785916   0.3763180188289573
   0.5022303152637115   0.3980183415336265   0.3796564675968731
   0.5058687549192145   0.4009112583340689   0.3830041657521166
   0.5094111557484267   0.4037526859960813   0.3863478385553368
   0.5128483200687690   0.4065327984473505   0.3896744297985197
   0.5161717012353810   0.4092421051703929   0.3929711959449566
   0.5193734035300144   0.4118714843961430   0.3962257854472246
   0.5224461732727307   0.4144122057963885   0.3994263027354438
   0.5253833821742890   0.4168559430360698   0.4025613567775551
   0.5281790040199230   0.4191947767255663   0.4056200944832252
   0.5308275858111012   0.4214211884555698   0.4085922195416909
   0.5333242144944079   0.4235280467017881   0.4114679975437332
   0.5356644803806077   0.4255085854543378   0.4142382484351188
   0.5378444383077340   0.4273563764596447   0.4168943274828115
   0.5398605675355155   0.4290652959647115   0.4194280960086468
   0.5417097312805781   0.4306294868293914   0.4218318831629581
   0.5433891367183876   0.4320433168270691   0.4240984399795995
   0.5448962961941597   0.4333013338934245   0.4262208868818046
   0.5462289903058273   0.4343982190122562   0.4281926557037453
   0.5473852334517975   0.4353287373520212   0.4300074271639421
   0.5483632423783102   0.4360876881918064   0.4316590645818770
   0.5491614082186933   0.4366698541055059   0.4331415444756921
   0.5497782724922310   0.4370699498122689   0.4344488845233411
   0.5502125075257640   0.4372825710537112   0.4355750692177803
   0.5504629017782680   0.4373021438276329   0.4365139734037726
   0.5505283505890477   0.4371228742976290   0.4372592837540159
   0.5504078529352363   0.4367386997117699   0.4378044181296540
   0.5501005148754098   0.4361432407054714   0.4381424426787378
   0.5496055604747269   0.4353297554383529   0.4382659864601917
   0.5489223511545928   0.4342910961277398   0.4381671533454127
   0.5480504145879401   0.4330196686989869   0.4378374309512537
   0.5469894844713110   0.4315073964829156   0.4372675964053047
   0.5457395527482839   0.4297456891629922   0.4364476188484458
   0.5443009361361605   0.4277254185210643   0.4353665587556992
   0.5426743591190291   0.4254369029645070   0.4340124644246376
   0.5408610559135489   0.4228699033559760   0.4323722663675049
   0.5388628942847336   0.4200136333288769   0.4304316708835075
   0.5366825244794937   0.4168567880788981   0.4281750548262124
   0.5343235569420073   0.4133875965985976   0.4255853645749887
   0.5317907728553806   0.4095939034933606   0.4226440235412109
   0.5290903718856794   0.4054632879079475   0.4193308542794257
   0.5262302617390668   0.4009832287246332   0.4156240235406065
   0.5232203942117394   0.3961413270796762   0.4115000215299356
   0.5200731522196554   0.3909255993817103   0.4069336903666562
   0.5168037917096587   0.3853248563738844   0.4018983214557467
   0.5134309412001385   0.3793291862883273   0.3963658473428491
   0.5099771597483362   0.3729305626581135   0.3903071607907276
   0.5064695510997461   0.3661235996430727   0.3836926023891956
   0.5029404272795317   0.3589064794189736   0.3764926679764636
   0.4994280085026608   0.3512820767141261   0.3686789982820549
   0.4959771375166026   0.3432593041444734   0.3602257249200105
   0.4926399748311879   0.3348546974766510   0.3511112580331015
   0.4894766262612851   0.3260942508482799   0.3413206095628528
   0.4865556354976877   0.3170154964097900   0.3308483491997298
   0.4839542520690284   0.3076697985796263   0.3197022829518125
   0.4817583597294283   0.2981247976890734   0.3079079205375967
   0.4800619236739693   0.2884668889730251   0.2955137490965796
   0.4789657901851901   0.2788035592215772   0.2825972470448813
   0.4785756544477139   0.2692653254375775   0.2692714428582433
   0.4789990087892677   0.2600069314642440   0.2556916407581599
   0.4803409043874856   0.2512073689751623   0.2420616966767433
   0.4826984161948872   0.2430682148992353   0.2286389441685319
   0.4861538052118216   0.2358097431953111   0.2157365724667369
   0.4907665328097725   0.2296643076604238   0.2037220073140139
   0.4965644989946663   0.2248666407494506   0.1930097311036094
   0.5035351365889902   0.2216410027333062   0.1840471194008629
   0.5116172629241242   0.2201855582024211   0.1772923861189021
   0.5206948145115545   0.2206549284801234   0.1731846996601244
   0.5305936958648390   0.2231424926433888   0.1721079392123100
   0.5410828860734855   0.2276645547464003   0.1743512320776306
   0.5518806123195696   0.2341487908441831   0.1800710013007586
   0.5626658146581429   0.2424292727398122   0.1892602801480118
   0.5730943588850174   0.2522497408551594   0.2017310398164318
   0.5828186446603589   0.2632756994441153   0.2171139442904542
   0.5915085895404110   0.2751145209966777   0.2348773724341250
   0.5988716229911608   0.2873413826779904   0.2543642399517883
   0.6046694052969672   0.2995278575863352   0.2748419314733740
   0.6087294904254714   0.3112696049158808   0.2955583745849093
   0.6109509606264956   0.3222099275016169   0.3157965395954367
   0.6113039796811623   0.3320568743058790   0.3349205381592757
   0.6098240361126300   0.3405927928214789   0.3524086413704099
   0.6066022228381360   0.3476764685688924   0.3678712606387425
   0.6017731573677277   0.3532389669877161   0.3810545140081602
   0.5955021054764762   0.3572748758914051   0.3918319101338368
   0.5879726110067467   0.3598308204493148   0.4001876941777346
   0.5793755589545555   0.3609929684869141   0.4061955642402950
   0.5699002040225649   0.3608748875452865   0.4099960099302453
   0.5597273508786043   0.3596066816029400   0.4117747306759530
   0.5490246114479230   0.3573259204373903   0.4117437124400791
   0.5379434969117818   0.3541705351660823   0.4101257516102292
   0.5266180173729103   0.3502736112691257   0.4071426033878562
   0.5151644409848717   0.3457598622047027   0.4030065206833863
   0.5036818855042686   0.3407434957691943   0.3979147173652968
   0.4922534600500071   0.3353271701346452   0.3920461959268340
   0.4809477291496883   0.3296017565874606   0.3855603799156201
   0.4698203254147614   0.3236466648659518   0.3785970471659976
   0.4589155859056703   0.3175305328011824   0.3712771416562569
   0.4482681278947682   0.3113121271344143   0.3637041298796981
   0.4379043117519046   0.3050413427145129   0.3559656501517199
   0.4278435626643713   0.2987602209462423   0.3481352743563680
   0.4180995400206862   0.2925039350545034   0.3402742592703452
   0.4086811548731480   0.2863017099929579   0.3324332091355328
   0.3995934432333347   0.2801776595992679   0.3246536041322635
   0.3908383071705815   0.2741515339361312   0.3169691728479596
   0.3824151376952059   0.2682393766591061   0.3094071027771962
   0.3743213339328949   0.2624540965908461   0.3019890931640379
   0.3665527326718175   0.2568059601722436   0.2947322606424086
   0.3591039613783948   0.2513030126661401   0.2876499113694357
   0.3519687265025706   0.2459514363346713   0.2807521946176676
   0.3451400475109799   0.2407558536100701   0.2740466527894715
   0.3386104457132143   0.2357195827541489   0.2675386820398345
   0.3323720956523233   0.2308448528082308   0.2612319164902553
   0.3264169456533792   0.2261329838762579   0.2551285476209973
   0.3207368130794495   0.2215845380252564   0.2492295889937924
   0.3153234589349104   0.2171994453690845   0.2435350950755014
   0.3101686456756015   0.2129771092451493   0.2380443416581311
   0.3052641814231378   0.2089164938091961   0.2327559742275531
   0.3006019532239192   0.2050161968622211   0.2276681296302526
   0.2961739515285788   0.2012745102831769   0.2227785355214449
   0.2919722876818366   0.1976894700659112   0.2180845913396966
   0.2879892058939346   0.1942588976418696   0.2135834339302705
   0.2842170909022503   0.1909804339043189   0.2092719904181312
   0.2806484723158464   0.1878515671281283   0.2051470204982342
   0.2772760264584452   0.1848696557948999   0.2012051499525369
   0.2740925763796459   0.1820319471804951   0.1974428969083587
   0.2710910905842702   0.1793355924354684   0.1938566921108723
   0.2682646809306169   0.1767776587839993   0.1904428942845084
   0.2656066000660751   0.1743551393796439   0.1871978014960543
   0.2631102386996469   0.1720649612832445   0.1841176592995117
   0.2607691229527505   0.1699039919667954   0.1811986663336801
   0.2585769119800198   0.1678690446946116   0.1784369779531735
   0.2565273960089369   0.1659568830877993   0.1758287083981717
   0.2546144949096551   0.1641642251381981   0.1733699319443489
   0.2528322573732235   0.1624877469023493   0.1710566834193842
   0.2511748607468167   0.1609240860736134   0.1688849584240329
   0.2496366115479129   0.1594698456005295   0.1668507135521354
   0.2482119466552500   0.1581215974912692   0.1649498668637772
   0.2468954351525590   0.1568758869171995   0.1631782988280136
   0.2456817807813914   0.1557292367028365   0.1615318539153683
   0.2445658249417532   0.1546781522647372   0.1600063429851803
   0.2435425501637662   0.1537191270380923   0.1585975465785161
   0.2426070839602270   0.1528486484070277   0.1573012191936661
   0.2417547029588371   0.1520632041330024   0.1561130945882605
   0.2409808372040870   0.1513592892554232   0.1550288921199554
   0.2402810745124140   0.1507334134198584   0.1540443241067350
   0.2396511647603373   0.1501821085722814   0.1531551041585145
   0.2390870239838768   0.1497019369428311   0.1523569564043109
   0.2385847381686379   0.1492894992298511   0.1516456255142143
   0.2381405666134658   0.1489414428846577   0.1510168873931343
   0.2377509447564297   0.1486544703897241   0.1504665604042276
   0.2374124863599356   0.1484253474178646   0.1499905169643500
   0.2371219849618062   0.1482509107575831   0.1495846953420884
   0.2368764145109483   0.1481280758900144   0.1492451114810961
   0.2366729291195051   0.1480538441057393   0.1489678706676638
   0.2365088618778322   0.1480253090550735   0.1487491788616910
   0.2363817226939438   0.1480396626330115   0.1485853535143696
   0.2362891951348983   0.1480942001096128   0.1484728337037414
   0.2362291322636005   0.1481863244279721   0.1484081894305474
   0.2361995514803669   0.1483135496046978   0.1483881299310737
   0.2361986283940116   0.1484735031816966   0.1484095108805870
