0.5305736399999999
0.46518002
0.39788098
0.33063595
0.2651494799999999
0.20286922
0.14499336
0.09248278699999999
0.046074674
0.0062949943
-0.02653117799999999
-0.052271879
-0.070982437
-0.08290054299999999
-0.08844077199999998
-0.088187081
-0.08288189799999999
-0.07341080399999999
-0.060782273
-0.046102514
-0.03054605
-0.015323156
-0.0016456971
0.009306984
0.016420441
0.0186744
0.015167968
0.0051404198
-0.012012217
-0.03672391099999999
-0.06924740899999999
-0.10964339
-0.15776831
-0.21325936
-0.2755155699999999
-0.34367488
-0.41658792
-0.49279108
-0.57048242
-0.6475064299999999
-0.72135442
-0.78918911
-0.847902
-0.8942111999999999
-0.9248048900000001
-0.93653081
-0.9266254099999999
-0.8929685299999999
-0.83434019
-0.75064947
-0.64310102
-0.51426638
-0.36803516
-0.20943529
-0.044330151
0.12097993
0.28020821
0.4275311399999999
0.55798435
0.66776159
0.75438969
0.8167720100000001
0.8551115299999999
0.8707385300000001
0.8658756
0.8433742499999999
0.80645293
0.75845954
0.70267285
0.64214899
0.57961346
0.51739381
0.4573864999999999
0.4010503
0.34941901
0.30312754
0.2624464999999999
0.22732211
0.19741909
0.17216509
0.15079592
0.13240088
0.11596772
0.10042674
0.084693366
0.067708714
0.048477509
0.026103032
-0.0001811202
-0.03098237199999999
-0.06672329999999999
-0.10761808
-0.15365072
-0.20455477
-0.25979443
-0.31854784
-0.37969377
-0.44180436
-0.50314727
-0.56170167
-0.61519303
-0.66115187
-0.69700048
-0.72016997
-0.72824659
-0.71914187
-0.69127628
-0.64376027
-0.5765531499999999
-0.49057728
-0.387767
-0.2710362199999999
-0.14415765
-0.011558062
0.1219541299999999
0.25150185
0.37245955
0.48074598
0.5730592599999999
0.6470334
0.70130696
0.73550654
0.7501579999999999
0.74654488
0.7265361600000001
0.69240456
0.64665336
0.5918642499999999