   0.2275224378206004   0.1443457940880456   0.1458367431387272
   0.2271485773122640   0.1439882881660950   0.1450994243779695
   0.2268804211442489   0.1437262639798974   0.1444824955036899
   0.2267109827441910   0.1435532027333364   0.1439781751942271
   0.2266336263011680   0.1434628416431804   0.1435790401279382
   0.2266420320373268   0.1434491639652465   0.1432780386826751
   0.2267301597609142   0.1435063817523526   0.1430684749674346
   0.2268922124909584   0.1436289163290682   0.1429439878684092
   0.2271226007489513   0.1438113772605101   0.1428985268699976
   0.2274159079779345   0.1440485402659426   0.1429263252981745
   0.2277668575167690   0.1443353244686595   0.1430218714412688
   0.2281702815435665   0.1446667693676804   0.1431798779748099
   0.2286210923893377   0.1450380119242353   0.1433952501351445
   0.2291142566050254   0.1454442641636743   0.1436630531159015
   0.2296447721404909   0.1458807916960654   0.1439784791881609
   0.2302076489625920   0.1463428935543117   0.1443368150633758
   0.2307978934020599   0.1468258837365449   0.1447334100251073
   0.2314104964765833   0.1473250748201557   0.1451636453506485
   0.2320404263918202   0.1478357639888060   0.1456229055267740
   0.2326826253745168   0.1483532217823484   0.1461065517360567
   0.2333320109441236   0.1488726838440477   0.1466098980528063
   0.2339834816828207   0.1493893459015446   0.1471281907425584
   0.2346319275201320   0.1498983621792375   0.1476565910084087
   0.2352722445086092   0.1503948474020179   0.1481901614738096
   0.2358993540324033   0.1508738825152650   0.1487238566374685
   0.2365082263616453   0.1513305242153632   0.1492525174845099
   0.2370939084427503   0.1517598183601629   0.1497708703918927
   0.2376515557979943   0.1521568173109747   0.1502735304279288
   0.2381764683964522   0.1525166012476755   0.1507550091180422
   0.2386641303516369   0.1528343034967301   0.1512097267337471
   0.2391102532974625   0.1531051399182834   0.1516320291607829
   0.2395108232915178   0.1533244424123430   0.1520162094164093
   0.2398621510906358   0.1534876966241455   0.1523565339153050
   0.2401609256355985   0.1535905839532546   0.1526472736278426
   0.2404042705662689   0.1536290279971644   0.1528827403322877
   0.2405898035620290   0.1535992455849765   0.1530573282313874
   0.2407156982614138   0.1534978025761105   0.1531655612805042
   0.2407807484554180   0.1533216746084144   0.1532021466544783
   0.2407844341673308   0.1530683129741159   0.1531620348581529
   0.2407269891244564   0.1527357157748469   0.1530404870541639
   0.2406094689904305   0.1523225044519037   0.1528331502329319
   0.2404338195583227   0.1518280056978440   0.1525361408741956
   0.2402029439025388   0.1512523386229224   0.1521461377356012
   0.2399207672511357   0.1505965068670089   0.1516604843389635
   0.2395922980707485   0.1498624951068298   0.1510773015942119
   0.2392236835573529   0.1490533691025549   0.1503956107886106
   0.2388222574040281   0.1481733780510159   0.1496154668570969
   0.2383965773818623   0.1472280575613985   0.1487381014204994
   0.2379564499368617   0.1462243310425844   0.1477660745142154
   0.2375129386942025   0.1451706066936894   0.1467034332151041
   0.2370783534974693   0.1440768666315721   0.1455558744976904
   0.2366662164271993   0.1429547439906552   0.1443309086089035
   0.2362912011791551   0.1418175831216284   0.1430380180520206
   0.2359690422830942   0.1406804773398086   0.1416888059408779
   0.2357164109561953   0.1395602780890641   0.1402971260731505
   0.2355507549615985   0.1384755689666780   0.1388791856537569
   0.2354901007277777   0.1374465978862265   0.1374536102871080
   0.2355528172146756   0.1364951608388461   0.1360414597978443
   0.2357573426053517   0.1356444313525144   0.1346661828177708
   0.2361218768471602   0.1349187309435841   0.1333534981052223
   0.2366640453163242   0.1343432376850348   0.1321311914702185
   0.2374005413395379   0.1339436325249412   0.1310288191830297
   0.2383467578284431   0.1337456861624360   0.1300773120196682
   0.2395164206665349   0.1337747930352130   0.1293084787321991
   0.2409212384860324   0.1340554631066492   0.1287544136758071
   0.2425705848083454   0.1346107863742581   0.1284468203481761
   0.2444712289193481   0.1354618889710805   0.1284162702565596
   0.2466271310711114   0.1366274029432517   0.1286914241611135
   0.2490393154896476   0.1381229737802597   0.1292982494995616
   0.2517058311966376   0.1399608301085189   0.1302592727195050
   0.2546218059600747   0.1421494383101567   0.1315929073893428
   0.2577795930949560   0.1446932610696018   0.1333128975638632
   0.2611690048337312   0.1475926331122790   0.1354279105340111
   0.2647776201994132   0.1508437601041459   0.1379413038795148
   0.2685911504177674   0.1544388385228781   0.1408510793400192
   0.2725938415285032   0.1583662861881508   0.1441500216693047
   0.2767688924753243   0.1626110660275813   0.1478260060262743
   0.2810988677998217   0.1671550804614048   0.1518624444813930
   0.2855660870552261   0.1719776111865881   0.1562388326718565
   0.2901529777957307   0.1770557794417894   0.1609313528907117
   0.2948423848175656   0.1823650049166576   0.1659134906169840
   0.2996178343899978   0.1878794467823670   0.1711566275109361
   0.3044637576418833   0.1935724169724655   0.1766305841936656
   0.3093656812933697   0.1994167627501947   0.1823040990095210
   0.3143103960073852   0.2053852216723310   0.1881452423586271
   0.3192861125631895   0.2114507563933359   0.1941217779947088
   0.3242826139498023   0.2175868787688933   0.2002014911637630
   0.3292914077751907   0.2237679722473318   0.2063525074925286
   0.3343058787463662   0.2299696188290009   0.2125436257851225
   0.3393214361603063   0.2361689325213604   0.2187446828020684
   0.3443356470982270   0.2423448960365403   0.2249269597805349
   0.3493483429435819   0.2484786923521723   0.2310636304231736
   0.3543616853395115   0.2545540184881199   0.2371302399756280
   0.3593801779050969   0.2605573660433100   0.2431051963157502
   0.3644106118392029   0.2664782520178051   0.2489702478037731
   0.3694619366564426   0.2723093842557691   0.2547109196045678
   0.3745450512956205   0.2780467482694937   0.2603168803779064
   0.3796725152433060   0.2836896058417479   0.2657822142693048
   0.3848581836761011   0.2892404001552915   0.2711055783255396
   0.3901167745783684   0.2947045667585979   0.2762902319450581
   0.3954633790855082   0.3000902540059756   0.2813439318904528
   0.4009129288064622   0.3054079603841948   0.2862786929998651
   0.4064796355729556   0.3106700991686300   0.2911104205076719
   0.4121764200101065   0.3158905030838877   0.2958584245347566
   0.4180143456354210   0.3210838831280135   0.3005448307768319
   0.4240020749978910   0.3262652565774329   0.3051939038295856
   0.4301453637791742   0.3314493595737580   0.3098313011815661
   0.4364466078746806   0.3366500597485080   0.3144832769624468
   0.4429044572913985   0.3418797841762889   0.3191758553144710
   0.4495135092384302   0.3471489776156414   0.3239339939403397
   0.4562640910124349   0.3524656054941017   0.3287807590430751
   0.4631421411479560   0.3578347153613476   0.3337365334618470
   0.4701291947747108   0.3632580694759920   0.3388182801604687
   0.4772024761925255   0.3687338596998149   0.3440388830993555
   0.4843350983783108   0.3742565138556627   0.3494065866400212
   0.4914963655742318   0.3798166001128114   0.3549245527376579
   0.4986521714263810   0.3854008328127361   0.3605905520944826
   0.5057654815529450   0.3909921795340339   0.3663968011238973
   0.5127968861551924   0.3965700652920556   0.3723299511216145
   0.5197052055836430   0.4021106658172383   0.3783712297293614
   0.5264481298506180   0.4075872781376242   0.3844967280299332
   0.5329828721002799   0.4129707534932362   0.3906778199480977
   0.5392668160930355   0.4182299751888250   0.3968816946010549
   0.5452581388281936   0.4233323625362485   0.4030719773523720
   0.5509163914229220   0.4282443816452077   0.4092094119681916
   0.5562030241153511   0.4329320444836280   0.4152525746807610
   0.5610818445390453   0.4373613792384559   0.4211585911654139
   0.5655194019732236   0.4414988573731985   0.4268838292776751
   0.5694852938613557   0.4453117656563501   0.4323845435655441
   0.5729523942953715   0.4487685145618519   0.4376174516537003
   0.5758970072213982   0.4518388775707342   0.4425402271367086
   0.5782989497366177   0.4544941588262195   0.4471118981833426
   0.5801415729815341   0.4567072891680847   0.4512931452799924
   0.5814117298124831   0.4584528527203394   0.4550464951653285
   0.5820996997378168   0.4597070479216429   0.4583364108824797
   0.5821990826235577   0.4604475882227875   0.4611292799596740
   0.5817066735457326   0.4606535487306098   0.4633933040793417
   0.5806223320208941   0.4603051659904451   0.4650982943339320
   0.5789488598171819   0.4593835990350815   0.4662153764696359
   0.5766919027647077   0.4578706609762479   0.4667166105983974
   0.5738598935674388   0.4557485319900444   0.4665745299581651
   0.5704640546811653   0.4529994667986751   0.4657616037070204
   0.5665184829624405   0.4496055129728535   0.4642496298009131
   0.5620403410885583   0.4455482609321877   0.4620090661876277
   0.5570501847357570   0.4408086528488727   0.4590083124813543
   0.5515724591456047   0.4353668863094333   0.4552129608462154
   0.5456362038413881   0.4292024602178119   0.4505850452595537
   0.5392760094882528   0.4222944257888454   0.4450823343911843
   0.5325332754684303   0.4146219253891556   0.4386577374217399
   0.5254578193324869   0.4061651271540118   0.4312589274372882
   0.5181098876698306   0.3969066941136504   0.4228283376849615
   0.5105626085925239   0.3868339625239001   0.4133037568746923
   0.5029049035851337   0.3759420430329098   0.4026198460918597
   0.4952448331450583   0.3642380949496459   0.3907110259301561
   0.4877132756834474   0.3517470477066709   0.3775163384130617
   0.4804677188258081   0.3385190359128712   0.3629870649644623
   0.4736957608589456   0.3246387445409102   0.3470980510547420
   0.4676176634394041   0.3102366826865427   0.3298637886428882
   0.4624869597819840   0.2955020552833855   0.3113602245863139
   0.4585877235986692   0.2806963090045349   0.2917528092773822
   0.4562267066227827   0.2661655292551715   0.2713302080582490
   0.4557182939088729   0.2523486565502035   0.2505410593603034
   0.4573603417560865   0.2397771113207869   0.2300279555880835
   0.4613997826717088   0.2290602565893109   0.2106485833134099
   0.4679887540974101   0.2208509183329298   0.1934696067638267
   0.4771351091539940   0.2157869473786597   0.1797165219081183
   0.4886551903247798   0.2144095145197431   0.1706656132215969
   0.5021405805618151   0.2170666500578584   0.1674756009690960
   0.5169522439880680   0.2238198835642675   0.1709772923339810
   0.5322528581071515   0.2343789198464089   0.1814645521416926
   0.5470801651165405   0.2480891597258995   0.1985475876178487
   0.5604523383978562   0.2639863206976890   0.2211262145952272
   0.5714850188614774   0.2809132028634294   0.2475102510127824
   0.5794941875482046   0.2976732756604126   0.2756657790384292
   0.5840625676471556   0.3131838430682114   0.3035222586865581
   0.5850584806975715   0.3265937795656698   0.3292583714528934
   0.5826098976183832   0.3373453081861396   0.3515006988937345
   0.5770470637236056   0.3451781945901775   0.3694069736106980
   0.5688313051710864   0.3500896867015241   0.3826442296882705
   0.5584857439157717   0.3522701586613290   0.3912962541209701
   0.5465382633300597   0.3520332342863588   0.3957403253918106
   0.5334811025462614   0.3497535157045480   0.3965254785732020
   0.5197468331862756   0.3458184781337049   0.3942715373304816
   0.5056978239640104   0.3405958528424571   0.3895961341715172
   0.4916253748213895   0.3344146496534204   0.3830687602097063
   0.4777548974991374   0.3275566314839576   0.3751867560140423
   0.4642542479838997   0.3202549345036096   0.3663670111509278
   0.4512431693708235   0.3126970332468927   0.3569476936016613
   0.4388025610432102   0.3050299595942068   0.3471955776519275
   0.4269828692219324   0.2973663620867531   0.3373158722224809
   0.4158112915801440   0.2897905379122415   0.3274625837722148
   0.4052977364455468   0.2823639646819565   0.3177482931721115
   0.3954396154785565   0.2751301214132358   0.3082528010825446
   0.3862256140044137   0.2681185488721314   0.2990304570257231
   0.3776386034926412   0.2613481889690137   0.2901161943920904
   0.3696578557128719   0.2548300859376346   0.2815303987831064
   0.3622607006607285   0.2485695466734115   0.2732827791503908
   0.3554237482181201   0.2425678561989222   0.2653754169253676
   0.3491237710631290   0.2368236346821273   0.2578051550971806
   0.3433383257877197   0.2313339095503933   0.2505654675892787
   0.3380461714357667   0.2260949627367861   0.2436479253739452
   0.3332275299374871   0.2211030003667757   0.2370433527313515
   0.3288642210250024   0.2163546808592064   0.2307427463422059
   0.3249396948542658   0.2118475276507903   0.2247380119423762
   0.3214389783892345   0.2075802445136923   0.2190225579854422
   0.3183485463162161   0.2035529445903473   0.2135917728480381
   0.3156561236004979   0.1997672986815514   0.2084434012119206
   0.3133504245885220   0.1962266038945058   0.2035778260532995
   0.3114208326673871   0.1929357704484501   0.1989982549588744
   0.3098570248277472   0.1899012222747634   0.1947108032037222
   0.3086485469585570   0.1871307061237001   0.1907244612559117
   0.3077843482399287   0.1846330043304190   0.1870509313517924
   0.3072522864543125   0.1824175483384346   0.1837043168727315
   0.3070386201884188   0.1804939336365942   0.1807006498800625
   0.3071275084254880   0.1788713419578181   0.1780572467549819
   0.3075005424845450   0.1775578832901926   0.1757918897526502
   0.3081363390852798   0.1765598781366882   0.1739218434730025
   0.3090102258469918   0.1758811089565117   0.1724627294401859
   0.3100940510767398   0.1755220779993280   0.1714272983173772
   0.3113561476303909   0.1754793157511567   0.1708241563293805
   0.3127614754761576   0.1757447887657976   0.1706565182326200
   0.3142719591826827   0.1763054565996259   0.1709210712762564
   0.3158470251243258   0.1771430239655428   0.1716070405610089
   0.3174443294428753   0.1782339255792008   0.1726955438737081
   0.3190206528840965   0.1795495676216390   0.1741593121102306
   0.3205329240578595   0.1810568321579643   0.1759628296860516
   0.3219393201466081   0.1827188308216363   0.1780629192590951
   0.3232003852284872   0.1844958737424165   0.1804097595339872
   0.3242801024615903   0.1863466014619241   0.1829482879306887
   0.3251468580855215   0.1882292137133813   0.1856199060935033
   0.3257742425000068   0.1901027211916811   0.1883643799722660
   0.3261416457989939   0.1919281457293723   0.1911218108976431
   0.3262346206706848   0.1936696005648273   0.1938345514544757
   0.3260450027250478   0.1952951946335803   0.1964489498985617
   0.3255707951849808   0.1967777212855187   0.1989168274468655
   0.3248158397675268   0.1980951103717349   0.2011966207427387
   0.3237893071963835   0.1992306410587199   0.2032541532176914
   0.3225050483849903   0.2001729291115724   0.2050630300247125
   0.3209808507426083   0.2009157153677217   0.2066046784150954
   0.3192376436178480   0.2014574909592208   0.2078680765974050
   0.3172986933049484   0.2018009994144360   0.2088492281398069
   0.3151888222005031   0.2019526564661365   0.2095504458221868
   0.3129336795612443   0.2019219259440131   0.2099795093240229
   0.3105590837466503   0.2017206854363852   0.2101487565940441
   0.3080904485413983   0.2013626093848443   0.2100741607588921
   0.3055522996490756   0.2008625907453387   0.2097744345276057
   0.3029678820348524   0.2002362159624213   0.2092701935626423
   0.3003588545972534   0.1994993022213370   0.2085832002355584
   0.2977450656542162   0.1986675010416920   0.2077357002542763
   0.2951444008257835   0.1977559683754000   0.2067498572217880
   0.2925726939177455   0.1967790984686963   0.2056472843960591
   0.2900436911665950   0.1957503167594079   0.2044486687176978
   0.2875690595066276   0.1946819258751196   0.2031734793874323
   0.2851584301927194   0.1935849982241879   0.2018397516788798
   0.2828194700112859   0.1924693085787750   0.2004639360126579
   0.2805579733208186   0.1913433002992682   0.1990608023540464
   0.2783779691948869   0.1902140793248400   0.1976433905136881
   0.2762818389333533   0.1890874306603607   0.1962229977503694
   0.2742704401223469   0.1879678527527246   0.1948091960557664
   0.2723432342384093   0.1868586058172920   0.1934098725378683
   0.2704984154982266   0.1857617708122055   0.1920312873386254
   0.2687330392529569   0.1846783163430986   0.1906781444741101
   0.2670431487219500   0.1836081713021017   0.1893536718443887
   0.2654238992648069   0.1825503014996663   0.1880597074129345
   0.2638696797152845   0.1815027889374895   0.1867967892002780
   0.2623742305578060   0.1804629127010577   0.1855642472794344
   0.2609307589291890   0.1794272307282397   0.1843602964118767
   0.2595320505852524   0.1783916619439739   0.1831821283350731
   0.2581705790934558   0.1773515684483763   0.1820260030194654
   0.2568386126061484   0.1763018376140393   0.1808873384674715
   0.2555283186402765   0.1752369640943787   0.1797607988419403
   0.2542318673427355   0.1741511318741236   0.1786403808973096
   0.2529415337587566   0.1730382966096009   0.1775194988526858
   0.2516497996452106   0.1718922686134094   0.1763910679995998
   0.2503494553817143   0.1707067969372069   0.1752475874839365
   0.2490337025291811   0.1694756550983313   0.1740812228455629
   0.2476962575662554   0.1681927290805109   0.1728838890429318
   0.2463314572964744   0.1668521083145646   0.1716473348346166
   0.2449343663598674   0.1654481804094914   0.1703632295351558
   0.2435008871983205   0.1639757304544280   0.1690232533075647
   0.2420278727101084   0.1624300457434705   0.1676191922970311
   0.2405132416807527   0.1608070267831833   0.1661430400462173
   0.2389560968895659   0.1591033054205698   0.1645871067576146
   0.2373568455582202   0.1573163708700211   0.1629441380764295
   0.2357173215234851   0.1554447043126584   0.1612074451508042
   0.2340409081747881   0.1534879225804559   0.1593710477747645
   0.2323326607924751   0.1514469312089553   0.1574298324206038
   0.2305994264490859   0.1493240868330102   0.1553797269054175
   0.2288499590892652   0.1471233684950298   0.1532178932912925
   0.2270950267816533   0.1448505569185215   0.1509429403655643
   0.2253475074389303   0.1425134201544876   0.1485551566566525
   0.2236224685352837   0.1401219032176427   0.1460567643767889
   0.2219372255255590   0.1376883183783346   0.1434521939044421
   0.2203113728073752   0.1352275316529426   0.1407483773807877
   0.2187667801979217   0.1327571397354802   0.1379550586477303
   0.2173275470662366   0.1302976301416003   0.1350851150519074
   0.2160199055315148   0.1278725157138976   0.1321548845377785
   0.2148720635895891   0.1255084329060132   0.1291844889248525
   0.2139139787651714   0.1232351914918068   0.1261981413048536
   0.2131770530297291   0.1210857616383115   0.1232244221372046
   0.2126937404156317   0.1190961827815575   0.1202965049524287
   0.2124970601511588   0.1173053776420567   0.1174523087518148
   0.2126200103956635   0.1157548542476902   0.1147345504674432
   0.2130948809145803   0.1144882792739246   0.1121906675754095
   0.2139524674106767   0.1135509076726028   0.1098725786082123
   0.2152211957699376   0.1129888567561616   0.1078362484729811
   0.2169261711429068   0.1128482179215859   0.1061410268226856
   0.2190881743928038   0.1131740062499331   0.1048487319601122
   0.2217226366694586   0.1140089573806402   0.1040224605522944
   0.2248386312024792   0.1153921922127178   0.1037251153177413
   0.2284379291538661   0.1173577827409715   0.1040176590505866
   0.2325141726740096   0.1199332659947034   0.1049571236502078
   0.2370522222039418   0.1231381665757506   0.1065944264291678
   0.2420277355850236   0.1269826003522782   0.1089720713850720
   0.2474070328105673   0.1314660408938883   0.1121218381450332
   0.2531472916784168   0.1365763346034172   0.1160625831211523
   0.2591971059881540   0.1422890487263788   0.1207982928866218
   0.2654974196217395   0.1485672274108802   0.1263165357552240
   0.2719828278177146   0.1553616143082459   0.1325874514037480
   0.2785832127688956   0.1626113762621370   0.1395633985527131
   0.2852256564117302   0.1702453328093560   0.1471793471742305
   0.2918365512898074   0.1781836628157167   0.1553540562006581
   0.2983438130202700   0.1863400256345136   0.1639920238713911
   0.3046790871966873   0.1946240031256324   0.1729861408095917
   0.3107798409132539   0.2029437440603885   0.1822209216992093
   0.3165912350101274   0.2112086766520889   0.1915761461211770
   0.3220676871579093   0.2193321499998592   0.2009307079202856
   0.3271740566272180   0.2272338716469784   0.2101664589329572
   0.3318864068913727   0.2348420254136824   0.2191718382918478
   0.3361923295121655   0.2420949791275866   0.2278451017090571
   0.3400908394068096   0.2489425229079538   0.2360970028344824
   0.3435918752055205   0.2553466118836882   0.2438528261257534
   0.3467154571534032   0.2612816193002954   0.2510537220220062
   0.3494905677818830   0.2667341340329684   0.2576573450461282
   0.3519538270411218   0.2717023584925600   0.2636378390625740
   0.3541480341181008   0.2761951776514247   0.2689852479311788
   0.3561206436891625   0.2802309772283234   0.2737044524407299
   0.3579222361451214   0.2838362895621083   0.2778137454362714
   0.3596050307980058   0.2870443405658955   0.2813431575121765
   0.3612214796054818   0.2898935619162352   0.2843326374754079
   0.3628229677255545   0.2924261209221790   0.2868301774263941
   0.3644586371664760   0.2946865078663403   0.2888899543055774
   0.3661743415481046   0.2967202083104372   0.2905705404734734
   0.3680117338658564   0.2985724769003276   0.2919332173127988
   0.3700074852057267   0.3002872202501953   0.2930404094684023
   0.3721926304397911   0.3019059898792151   0.2939542441851134
   0.3745920367132883   0.3034670819902596   0.2947352308151490
   0.3772239915826989   0.3050047389683911   0.2954410500947007
   0.3800999094820188   0.3065484475125985   0.2961254410494542
   0.3832241572655315   0.3081223298462523   0.2968371749240927
   0.3865940014050394   0.3097446269442840   0.2976191096632889
   0.3901996805731232   0.3114272755889483   0.2985073243475518
   0.3940246074842193   0.3131755837400138   0.2995303396241513
   0.3980457027873951   0.3149880106423552   0.3007084365186398
   0.4022338614655368   0.3168560588515891   0.3020530910207317
   0.4065545487330378   0.3187642846403912   0.3035665445691540
   0.4109685181594987   0.3206904309529371   0.3052415302913852
   0.4154326401677702   0.3226056833307314   0.3070611711963032
   0.4199008247727883   0.3244750444120845   0.3089990595078137
   0.4243250191165974   0.3262578173103493   0.3110195164824587
   0.4286562586712415   0.3279081831859129   0.3130780203623609
   0.4328457514802124   0.3293758545354539   0.3151217779614228
   0.4368459778679480   0.3306067840386059   0.3170904044122565
   0.4406117938054030   0.3315439100629294   0.3189166675470206
   0.4441015344478689   0.3321279248204940   0.3205272498984456
   0.4472781248521991   0.3322980601887708   0.3218434838309711
   0.4501102168624409   0.3319928996511433   0.3227820250368310
   0.4525733837005183   0.3311512427996939   0.3232554475563234
   0.4546514157230677   0.3297130713562134   0.3231727705743168
   0.4563377705911104   0.3276206925547421   0.3224399646827039
   0.4576372367613425   0.3248201666305801   0.3209605347104091
   0.4585678680492923   0.3212631592777912   0.3186363398362599
   0.4591632352737877   0.3169093955481679   0.3153688922129251
   0.4594750134099446   0.3117299252716815   0.3110614752331124
   0.4595758720714161   0.3057114350553867   0.3056225424980686
   0.4595625541935972   0.2988618465630659   0.2989709940367214
   0.4595589014490309   0.2912174058123753   0.2910440621352429
   0.4597184041448244   0.2828513641374231   0.2818086403424353
   0.4602256112302267   0.2738841368608299   0.2712768887730175
   0.4612954378457096   0.2644944492205847   0.2595267334240990
   0.4631690842262085   0.2549303893052748   0.2467272777843471
   0.4661050052110255   0.2455184579688481   0.2331679468306789
   0.4703632821854848   0.2366676803814928   0.2192881825006042
   0.4761820601231725   0.2288648080651138   0.2057016502673791
   0.4837456821346939   0.2226559949060823   0.1932055337741772
   0.4931460045507583   0.2186107214390656   0.1827626211479698
   0.5043411151240444   0.2172659461849475   0.1754434406498437
   0.5171188631874309   0.2190530308608641   0.1723201928678052
   0.5310751785217969   0.2242166288538174   0.1743155637636649
   0.5456175374903338   0.2327417107672389   0.1820269425768694
   0.5600006809180008   0.2443090332760122   0.1955648367386770
   0.5733945049584031   0.2582971511400976   0.2144540076599988
   0.5849746627371994   0.2738389983527429   0.2376379773413217
   0.5940183958792575   0.2899255441237304   0.2636001883617509
   0.5999852334801490   0.3055342154136962   0.2905776850493511
   0.6025661682035243   0.3197524370588009   0.3168128536654520
   0.6016941683808383   0.3318700172403745   0.3407799527231788
   0.5975194054949128   0.3414259629279963   0.3613383954725144
   0.5903602845896185   0.3482096678837412   0.3777940181814762
   0.5806441750027652   0.3522273834887680   0.3898781251584504
   0.5688500663977599   0.3536495822412162   0.3976714432273818
   0.5554611833088584   0.3527537957016306   0.4015038913483298
   0.5409310101344045   0.3498732124225208   0.4018551483171194
   0.5256626033680922   0.3453563282012806   0.3992711991371955
   0.5099989760453028   0.3395388963750024   0.3943028745766287
   0.4942215623015078   0.3327269083494310   0.3874660150911485
   0.4785538688829642   0.3251882052419765   0.3792195304958680
   0.4631679569766590   0.3171501466515789   0.3699565655047132
   0.4481920554372448   0.3088011003401475   0.3600042813131877
   0.4337182070153713   0.3002940422444225   0.3496286630229263
   0.4198093196006363   0.2917510792047625   0.3390417798237244
   0.4065053253485078   0.2832681403228011   0.3284098173222169
   0.3938283625117063   0.2749194043079852   0.3178608854383548
   0.3817870176194667   0.2667612492326242   0.3074920823470009
   0.3703797275336425   0.2588356494559731   0.2973756021875963
   0.3595974643343209   0.2511730248911984   0.2875638567439719
   0.3494258271026619   0.2437945895285014   0.2780936791153648
   0.3398466542208981   0.2367142636801020   0.2689897215543206
   0.3308392544745978   0.2299402178633127   0.2602671720619357
   0.3223813388772106   0.2234761121889556   0.2519339095155363
   0.3144497197682151   0.2173220876592735   0.2439922041164535
   0.3070208302704774   0.2114755572815329   0.2364400541109716
   0.3000711058926552   0.2059318366523960   0.2292722339629756
   0.2935772608511300   0.2006846462731757   0.2224811148606211
   0.2875164843280508   0.1957265115362324   0.2160573061701680
   0.2818665760897127   0.1910490810850176   0.2099901562805979
   0.2766060363773564   0.1866433799982222   0.2042681430492164
   0.2717141214941173   0.1825000108450260   0.1988791775002580
   0.2671708738291331   0.1786093129599393   0.1938108392638226
   0.2629571330038203   0.1749614881590365   0.1890505582067466
   0.2590545332526660   0.1715466994489178   0.1845857535694126
   0.2554454909487247   0.1683551479691141   0.1804039394902116
   0.2521131852645688   0.1653771323796007   0.1764928039159079
   0.2490415342550933   0.1626030940952225   0.1728402664370202
   0.2462151681075558   0.1600236511290432   0.1694345194548358
   0.2436194008871316   0.1576296227986079   0.1662640562049102
   0.2412402017831514   0.1554120471431648   0.1633176884723210
   0.2390641666094814   0.1533621925730912   0.1605845562915584
   0.2370784901151087   0.1514715650074874   0.1580541314943425
   0.2352709395050950   0.1497319115385538   0.1557162166255520
   0.2336298294479758   0.1481352214815712   0.1535609404707947
   0.2321439987462406   0.1466737255190503   0.1515787512136584
   0.2308027887662874   0.1453398935208298   0.1497604080547407
   0.2295960236592459   0.1441264315138878   0.1480969719693563
   0.2285139923512850   0.1430262781828423   0.1465797961496652
   0.2275474322393311   0.1420326012018764   0.1452005165648738
   0.2266875144938415   0.1411387936290623   0.1439510429763555
   0.2259258308432735   0.1403384705332935   0.1428235506602626
   0.2252543816942324   0.1396254659711028   0.1418104730164512
   0.2246655654263102   0.1389938303847204   0.1409044951778537
   0.2241521686908111   0.1384378284531785   0.1400985486778165
   0.2237073575374430   0.1379519373946301   0.1393858071836584
   0.2233246691922269   0.1375308456899436   0.1387596832623459
   0.2229980043129774   0.1371694521747632   0.1382138261083780
   0.2227216195553201   0.1368628654292979   0.1377421201344955
   0.2224901202919491   0.1366064033818584   0.1373386843024634
   0.2222984533402616   0.1363955930333057   0.1369978720537190
   0.2221418995681968   0.1362261702047990   0.1367142716878759
   0.2220160662645689   0.1360940792101912   0.1364827070306449
   0.2219168791779793   0.1359954723567363   0.1362982382313087
   0.2218405741470107   0.1359267091830404   0.1361561625330563
   0.2217836882634147   0.1358843553509617   0.1360520148667452
   0.2217430505289212   0.1358651811180102   0.1359815681294805
   0.2217157719847581   0.1358661593282271   0.1359408330232019
   0.2216992353105455   0.1358844628721074   0.1359260573446109
   0.2216910839056376   0.1359174615794001   0.1359337246356769
   0.2216892104809317   0.1359627185221732   0.1359605521229550
   0.2216917452024512   0.1360179857189749   0.1360034878935023
   0.2216970434394566   0.1360811992439041   0.1360597072746864
   0.2217036731793911   0.1361504737566523   0.1361266084041819
   0.2217104021795538   0.1362240964808096   0.1362018069944885
   0.2217161849310290   0.1363005206677916   0.1362831303130214
   0.2217201495141776   0.1363783585924661   0.1363686104139409
   0.2217215844269735   0.1364563741338769   0.1364564766711684
   0.2217199254678045   0.1365334750003210   0.1365451476733670
   0.2217147427532075   0.1366087046624528   0.1366332225509584
   0.2217057279485307   0.1366812340610912   0.1367194718125060
   0.2216926817859243   0.1367503531580807   0.1368028277730643
   0.2216755019395148   0.1368154623989927   0.1368823746604792
   0.2216541713223243   0.1368760641557757   0.1369573384872448
   0.2216287468636211   0.1369317542157802   0.1370270767755537
   0.2215993488191145   0.1369822133810720   0.1370910682217936
   0.2215661506598621   0.1370271992386898   0.1371489023841384
   0.2215293695791145   0.1370665381586831   0.1372002694732443
   0.2214892576496584   0.1371001175724903   0.1372449503215969
   0.2214460936576848   0.1371278785795897   0.1372828066019266
   0.2214001756328239   0.1371498089255272   0.1373137713595111
   0.2213518140878901   0.1371659363894452   0.1373378399172415
   0.2213013259760522   0.1371763226142204   0.1373550612062094
   0.2212490293676609   0.1371810574073227   0.1373655295683706
   0.2211952388438470   0.1371802535355889   0.1373693770716698
   0.2211402615992227   0.1371740420323136   0.1373667663719459
   0.2210843942416340   0.1371625680304249   0.1373578841500403
   0.2210279202728625   0.1371459871310582   0.1373429351468587
   0.2209711082304796   0.1371244623125905   0.1373221368137029
   0.2209142104676917   0.1370981613811340   0.1372957145900410
   0.2208574625449474   0.1370672549596526   0.1372638978160001
   0.2208010832043028   0.1370319150092043   0.1372269162822738
   0.2207452748950259   0.1369923138723686   0.1371849974158103
   0.2206902248166447   0.1369486238256307   0.1371383640955797
   0.2206361064435786   0.1369010171244042   0.1370872330889025
   0.2205830814936379   0.1368496665214123   0.1370318140952178
   0.2205313023009812   0.1367947462363467   0.1369723093807771
   0.2204809145526030   0.1367364333520372   0.1369089139845303
   0.2204320603460427   0.1366749096098072   0.1368418164724149
   0.2203848815247693   0.1366103635742145   0.1367712002143368
   0.2203395232465822   0.1365429931350187   0.1366972451553255
   0.2202961377393788   0.1364730083119170   0.1366201300496402
   0.2202548881977710   0.1364006343253888   0.1365400351239782
   0.2202159527732813   0.1363261148948473   0.1364571451333778
   0.2201795286102268   0.1362497157232319   0.1363716527709023
   0.2201458358788977   0.1361717281251867   0.1362837623897373
   0.2201151217572873   0.1360924727540541   0.1361936939939112
   0.2200876643124203   0.1360123033810877   0.1361016874514726
   0.2200637762322950   0.1359316106785662   0.1360080068816138
   0.2200438083596044   0.1358508259568724   0.1359129451649341
   0.2200281529787577   0.1357704248041361   0.1358168285237980
   0.2200172468083270   0.1356909305757257   0.1357200211175764
   0.2200115736518811   0.1356129176797563   0.1356229295954876
   0.2200116666613320   0.1355370146038996   0.1355260075478105
   0.2200181101683659   0.1354639066281647   0.1354297597944661
   0.2200315410413537   0.1353943381680175   0.1353347464483807
   0.2200526495273315   0.1353291146922809   0.1352415866897427
   0.2200821795412491   0.1352691041607468   0.1351509621862668
   0.2201209283677391   0.1352152379273986   0.1350636200939801
   0.2201697457441608   0.1351685110566560   0.1349803755729096
   0.2202295322976812   0.1351299820021524   0.1349021137524555
   0.2203012373136270   0.1351007716003203   0.1348297910822761
   0.2203858558173366   0.1350820613345251   0.1347644360062604
   0.2204844249571989   0.1350750908297097   0.1347071488997246
   0.2205980196825104   0.1350811545425352   0.1346591012134060
   0.2207277477161533   0.1351015976178337   0.1346215337722260
   0.2208747438288556   0.1351378108888709   0.1345957541822142
   0.2210401634288871   0.1351912250064094   0.1345831333054713
   0.2212251754883881   0.1352633036898716   0.1345851007706276
   0.2214309548350211   0.1353555361029586   0.1346031394949315
   0.2216586738451997   0.1354694283658278   0.1346387792038459
   0.2219094935826470   0.1356064942262606   0.1346935889447829
   0.2221845544333417   0.1357682449230516   0.1347691686032816
   0.2224849662949087   0.1359561782859670   0.1348671394423799
   0.2228117983850512   0.1361717671278886   0.1349891336990175
   0.2231660687395766   0.1364164469959859   0.1351367832847906
   0.2235487334758051   0.1366916033597468   0.1353117076520630
   0.2239606759015662   0.1369985583242230   0.1355155009000478
   0.2244026955534491   0.1373385569666855   0.1357497182087258
   0.2248754972504311   0.1377127534038403   0.1360158617010873
   0.2253796802503728   0.1381221967045814   0.1363153658458682
   0.2259157275971086   0.1385678167697829   0.1366495825234194
   0.2264839957449667   0.1390504103056890   0.1370197658863393
   0.2270847045455359   0.1395706270208596   0.1374270571537676
   0.2277179276783863   0.1401289561783162   0.1378724694835938
   0.2283835836033246   0.1407257136343596   0.1383568730701104
   0.2290814271066788   0.1413610294935178   0.1388809806157338
   0.2298110415081938   0.1420348365051549   0.1394453333242615
   0.2305718315884484   0.1427468593215136   0.1400502875597245
   0.2313630172894279   0.1434966047293868   0.1406960023092548
   0.2321836282331182   0.1442833529583227   0.1413824275805794
   0.2330324990948447   0.1451061501573623   0.1421092938548873
   0.2339082658597204   0.1459638021199212   0.1428761027039832
   0.2348093629821073   0.1468548693226777   0.1436821186669732
   0.2357340214595891   0.1477776633294160   0.1445263624663570
   0.2366802678247671   0.1487302445948149   0.1454076056264214
   0.2376459240503759   0.1497104216864144   0.1463243665383924
   0.2386286083560016   0.1507157519256029   0.1472749079969988
   0.2396257368982834   0.1517435434307269   0.1482572362120781
   0.2406345263211526   0.1527908585275881   0.1492691012767637
   0.2416519971387307   0.1538545184750114   0.1503079990508226
   0.2426749779212938   0.1549311094362073   0.1513711743941393
   0.2437001102545972   0.1560169896107723   0.1524556256614810
   0.2447238544452356   0.1571082974278698   0.1535581103459979
   0.2457424959500057   0.1582009606889868   0.1546751517359468
   0.2467521525158397   0.1592907065392903   0.1558030464275679
   0.2477487820291756   0.1603730721406890   0.1569378725176808
   0.2487281910899450   0.1614434159179275   0.1580754982833335
   0.2496860443459520   0.1624969292521184   0.1592115911437254
   0.2506178746484412   0.1635286485047260   0.1603416266927184
   0.2515190941191205   0.1645334672697958   0.1614608975896676
   0.2523850062527311   0.1655061487737277   0.1625645221031090
   0.2532108192171277   0.1664413383705831   0.1636474521171122
   0.2539916605543207   0.1673335761170969   0.1647044804347378
   0.2547225935303972   0.1681773094554279   0.1657302472478482
   0.2553986354288760   0.1689669060832021   0.1667192456880967
   0.2560147781298845   0.1696966671494132   0.1676658264306791
   0.2565660113654279   0.1703608409808906   0.1685642013905437
   0.2570473490876708   0.1709536376167700   0.1694084466301998
   0.2574538594311283   0.1714692445070223   0.1701925046887820
   0.2577806987894152   0.1719018438147215   0.1709101866432213
   0.2580231505610278   0.1722456318493781   0.1715551743236643
   0.2581766691447197   0.1724948412491486   0.1721210232260469
   0.2582369297813801   0.1726437666217885   0.1726011667942532
   0.2581998848437568   0.1726867944463873   0.1729889228819193
   0.2580618271654635   0.1726184381285846   0.1732775033490290
   0.2578194609736781   0.1724333791892396   0.1734600279004264
   0.2574699809426345   0.1721265156482111   0.1735295434317337
   0.2570111598136317   0.1716930187383068   0.1734790503123662
   0.2564414449274462   0.1711283991462562   0.1733015372047284
   0.2557600638814225   0.1704285840234877   0.1729900261922090
   0.2549671393498497   0.1695900060341164   0.1725376301645523
   0.2540638128851147   0.1686097057037778   0.1719376245846405
   0.2530523772398698   0.1674854482916970   0.1711835359309191
   0.2519364164071981   0.1662158563179300   0.1702692492671044
   0.2507209521555147   0.1648005587232626   0.1691891375240342
   0.2494125953258947   0.1632403574022727   0.1679382151708341
   0.2480196995498232   0.1615374115079066   0.1665123189802849
   0.2465525143239133   0.1596954394514893   0.1649083185237719
   0.2450233335364899   0.1577199378838987   0.1631243588209319
   0.2434466345751968   0.1556184161065439   0.1611601371616673
   0.2418392020589818   0.1534006432873793   0.1590172154427921
   0.2402202290476645   0.1510789045107841   0.1566993683325785
   0.2386113873202192   0.1486682600390293   0.1542129660947696
   0.2370368570337504   0.1461868001873914   0.1515673888607837
   0.2355233048623205   0.1436558859157893   0.1487754664256592
   0.2340997986864313   0.1411003626511745   0.1458539341640870
   0.2327976462174888   0.1385487320584142   0.1428238913572733
   0.2316501447955202   0.1360332636188246   0.1397112430945874
   0.2306922302289282   0.1335900251810579   0.1365471010759272
   0.2299600142144941   0.1312588094387745   0.1333681123520077
   0.2294902028504883   0.1290829319826854   0.1302166787593418
   0.2293193932703390   0.1271088766805577   0.1271410242322692
   0.2294832516319893   0.1253857662268489   0.1241950632609793
   0.2300155836078951   0.1239646403432689   0.1214380227015340
   0.2309473179281342   0.1228975317801012   0.1189337722696531
   0.2323054339518477   0.1222363412260641   0.1167498276835070
   0.2341118748773030   0.1220315263802112   0.1149560056031896
   0.2363824979264133   0.1223306371663831   0.1136227316740698
   0.2391261202825826   0.1231767471653852   0.1128190315667082
   0.2423437232468511   0.1246068489663189   0.1126102680748096
   0.2460278756627348   0.1266502959558941   0.1130557218077234
   0.2501624302224686   0.1293273825090377   0.1142061442350670
   0.2547225326025932   0.1326481562635586   0.1161014344996997
   0.2596749642267078   0.1366115485467568   0.1187686003774372
   0.2649788165777999   0.1412048917175500   0.1222201552513798
   0.2705864710116937   0.1464038664340640   0.1264530757451572
   0.2764448360681932   0.1521728905147700   0.1314484008309265
   0.2824967773541916   0.1584659282390212   0.1371714983519550
   0.2886826654656678   0.1652276692368271   0.1435729671756276
   0.2949419661366848   0.1723950036848663   0.1505900918208975
   0.3012148033341505   0.1798987080885547   0.1581487294837753
   0.3074434384123232   0.1876652541915842   0.1661654919427411
   0.3135736238009908   0.1956186610777379   0.1745500875928335
   0.3195558048844469   0.2036823241909493   0.1832077081969229
   0.3253461561055777   0.2117807708738826   0.1920413739869990
   0.3309074453631058   0.2198413064372846   0.2009541813758347
   0.3362097242635951   0.2277955251925277   0.2098514225754204
   0.3412308417578302   0.2355806664176768   0.2186425613834522
   0.3459567769220859   0.2431407966137259   0.2272430533244283
   0.3503817851114968   0.2504277985279363   0.2355759935015061
   0.3545083520137436   0.2574021465932299   0.2435735663408282
   0.3583469531129087   0.2640334496715638   0.2511782628874612
   0.3619156217076179   0.2703007464713196   0.2583438275663750
   0.3652393361362105   0.2761925468500225   0.2650358996342365
   0.3683492450096148   0.2817066225688007   0.2712323250457327
   0.3712817567037744   0.2868495624585496   0.2769231304211400
   0.3740775249964463   0.2916361177153679   0.2821101693725679
   0.3767803658497036   0.2960883716918830   0.2868064694743316
   0.3794361407397186   0.3002347740996426   0.2910353229399641
   0.3820916398746781   0.3041090815953288   0.2948291738046017
   0.3847934947064566   0.3077492454739970   0.2982283584098055
   0.3875871440900944   0.3111962832630707   0.3012797545583968
   0.3905158730534244   0.3144931652906992   0.3040353889128208
   0.3936199380790082   0.3176837407591171   0.3065510435449213
   0.3969357885611255   0.3208117213822615   0.3088848926202700
   0.4004953909540032   0.3239197349633112   0.3110961905010054
   0.4043256601310327   0.3270484568735881   0.3132440242696466
   0.4084480014983728   0.3302358244815756   0.3153861376260105
   0.4128779671763589   0.3335163381669895   0.3175778297004694
   0.4176250297123624   0.3369204524365880   0.3198709315842806
   0.4226924769142282   0.3404740614767834   0.3223128649843460
   0.4280774311031734   0.3441980847701330   0.3249457907654552
   0.4337709950515560   0.3481081596568452   0.3278058594363432
   0.4397585248733332   0.3522144484366955   0.3309225799283016
   0.4460200270933014   0.3565215673480495   0.3343183263397608
   0.4525306731165373   0.3610286432209857   0.3380080037927652
   0.4592614195968805   0.3657295006450423   0.3419988934817647
   0.4661797181533182   0.3706129781867934   0.3462906930119550
   0.4732502930013381   0.3756633668169785   0.3508757612308745
   0.4804359608938672   0.3808609577287865   0.3557395673824745
   0.4876984648183176   0.3861826807521327   0.3608613333825853
   0.4949992915877037   0.3916028092559150   0.3662148464579301
   0.5023004440465841   0.3970937034096826   0.3717694085916712
   0.5095651411333634   0.4026265614498603   0.3774908804312282
   0.5167584233288286   0.4081721484636253   0.3833427715757273
   0.5238476467099334   0.4137014742193892   0.3892873271348247
   0.5308028554045446   0.4191863955383169   0.3952865623347491
   0.5375970291176874   0.4246001242006731   0.4013032024560400
   0.5442062089845637   0.4299176278466129   0.4073014938165994
   0.5506095107854625   0.4351159181289315   0.4132478618664599
   0.5567890391459375   0.4401742268909518   0.4191114036081107
   0.5627297195150963   0.4450740768562139   0.4248642124004991
   0.5684190664031822   0.4497992578541657   0.4304815428172962
   0.5738469066523686   0.4543357227631193   0.4359418309434621
   0.5790050756116358   0.4586714190897412   0.4412265909424822
   0.5838871022604449   0.4627960725253777   0.4463202118349355
   0.5884878968793216   0.4667009381281319   0.4512096793656317
   0.5928034520944332   0.4703785332394169   0.4558842469432280
   0.5968305652891162   0.4738223641368791   0.4603350773515242
   0.6005665876874865   0.4770266560195034   0.4645548737206994
   0.6040092030245011   0.4799860934451357   0.4685375145456129
   0.6071562367161795   0.4826955759749295   0.4722777037164106
   0.6100054948759337   0.4851499916489161   0.4757706428674749
   0.6125546313910170   0.4873440090971181   0.4790117300477376
   0.6148010405517292   0.4892718876139340   0.4819962858786184
   0.6167417723730890   0.4909273033900003   0.4847193060363731
   0.6183734677148358   0.4923031892833952   0.4871752370614350
   0.6196923105422413   0.4933915849866239   0.4893577711107374
   0.6206939951350406   0.4941834941689228   0.4912596542612681
   0.6213737067131413   0.4946687451093553   0.4928725022668826
   0.6217261147869385   0.4948358514569822   0.4941866171891414
   0.6217453795531093   0.4946718700442309   0.4951907979975496
   0.6214251728554863   0.4941622531382270   0.4958721380087913
   0.6207587166432870   0.4932906931614387   0.4962158018686413
   0.6197388435313224   0.4920389587904418   0.4962047746556748
   0.6183580860624888   0.4903867225224814   0.4958195756109030
   0.6166088036744768   0.4883113813937984   0.4950379290159798
   0.6144833592816817   0.4857878746996792   0.4938343849480077
   0.6119743609191002   0.4827885055249198   0.4921798831954815
   0.6090749881903401   0.4792827769474773   0.4900412547953229
   0.6057794284538726   0.4752372593354711   0.4873806578653460
   0.6020834538919607   0.4706155127599659   0.4841549483036644
   0.5979851779068550   0.4653780988994867   0.4803149924764598
   0.5934860376377699   0.4594827308164750   0.4758049396581233
   0.5885920585332515   0.4528846277486310   0.4705614888269028
   0.5833154662063166   0.4455371668734860   0.4645132104733146
   0.5776767189571262   0.4373929562543019   0.4575800235773759
   0.5717070390374003   0.4284054940783627   0.4496729865933867
   0.5654515179952111   0.4185316293880081   0.4406946465754654
   0.5589728549003955   0.4077350976381417   0.4305403113931137
   0.5523557461044635   0.3959914660349926   0.4191007755899164
   0.5457118671089072   0.3832948778875784   0.4062672474385331
   0.5391852514546804   0.3696670106581652   0.3919394905699638
   0.5329576536924517   0.3551686208660748   0.3760384840294556
   0.5272531570862106   0.3399138785559483   0.3585251527504959
   0.5223408325646481   0.3240873035067101   0.3394267845699019
   0.5185336803141666   0.3079623868550161   0.3188723742825679
   0.5161814547285783   0.2919197940785551   0.2971369198114953
   0.5156544586292323   0.2764613375496459   0.2746921185855400
   0.5173153218235170   0.2622138045425021   0.2522564885557280
   0.5214766547640598   0.2499147305850427   0.2308316252070296
   0.5283448811788741   0.2403713850699231   0.2117042157332796
   0.5379549001879687   0.2343862250597186   0.1963886577854824
   0.5501061903589259   0.2326485968647820   0.1864879669592631
   0.5643169206335251   0.2356040891365898   0.1834669443022492
   0.5798154846132377   0.2433273442766318   0.1883632319630233
   0.5955850423488172   0.2554351525130086   0.2015010529039348
   0.6104644008974119   0.2710760391104650   0.2222995133590768
   0.6232905534221967   0.2890151759059112   0.2492593095575313
   0.6330518200686337   0.3078030629166660   0.2801597541871267
   0.6390143762638634   0.3259863830264611   0.3124212846977429
   0.6407930796612266   0.3423052902856385   0.3435267907107546
   0.6383561942226094   0.3558302006041641   0.3713815816385118
   0.6319736885023081   0.3660166783745499   0.3945295529648755
   0.6221316855025404   0.3726850311529844   0.4122054424847175
   0.6094380988523148   0.3759495240167443   0.4242562027403722
   0.5945388090621394   0.3761266969769063   0.4309893436858014
   0.5780547552367681   0.3736465160264248   0.4330035158321834
   0.5605421993910623   0.3689801846211956   0.4310388944690480
   0.5424731753398322   0.3625893255805916   0.4258647853152953
   0.5242308698816859   0.3548951806665964   0.4182066663267495
   0.5061145385348363   0.3462635858322325   0.4087064768422950
   0.4883495112907806   0.3370008650219059   0.3979070661885757
   0.4710991274583085   0.3273563987484762   0.3862521137217717
   0.4544766198900546   0.3175286804847990   0.3740946621313533
   0.4385558763465849   0.3076727228958988   0.3617094971313438
   0.4233806216990361   0.2979075231250581   0.3493063998410767
   0.4089719396651188   0.2883229006675028   0.3370426223761916
   0.3953342545588642   0.2789854132493801   0.3250338175939221
   0.3824599828811934   0.2699432883299233   0.3133631878364355
   0.3703330874213602   0.2612304313540109   0.3020889100579709
   0.3589317540746741   0.2528696270904178   0.2912500329919354
   0.3482303832913060   0.2448750659038026   0.2808710891517059
   0.3382010551789700   0.2372543213413062   0.2709656623800469
   0.3288145956582422   0.2300098904138579   0.2615391262897271
   0.3200413433442627   0.2231403899534626   0.2525907352412193
   0.3118516938095260   0.2166414848555843   0.2441152154520155
   0.3042164794367917   0.2105066084346580   0.2361039731818804
   0.2971072286473355   0.2047275220493257   0.2285460110582533
   0.2904963372055499   0.1992947505675611   0.2214286226105997
   0.2843571758891307   0.1941979218676792   0.2147379184995313
   0.2786641524875624   0.1894260320521414   0.2084592250683747
   0.2733927413630939   0.1849676530298132   0.2025773860020117
   0.2685194902886480   0.1808110952799391   0.1970769904081011
   0.2640220116631080   0.1769445356800985   0.1919425449973530
   0.2598789632646183   0.1733561180452514   0.1871586037943291
   0.2560700222624609   0.1700340323165407   0.1827098656141276
   0.2525758551375664   0.1669665770266213   0.1785812471284726
   0.2493780853646381   0.1641422086542313   0.1747579375163121
   0.2464592601144871   0.1615495806904674   0.1712254392985869
   0.2438028167918944   0.1591775746177433   0.1679695988826893
   0.2413930498945269   0.1570153245091444   0.1649766295070154
   0.2392150784348218   0.1550522365610885   0.1622331286198892
   0.2372548139895186   0.1532780045542055   0.1597260912063679
   0.2354989293161169   0.1516826219803971   0.1574429201596042
   0.2339348273913981   0.1502563913667001   0.1553714344580568
   0.2325506106762126   0.1489899311604953   0.1534998756398216
   0.2313350503869037   0.1478741804095947   0.1518169128492745
   0.2302775555521258   0.1469004013700957   0.1503116465608409
   0.2293681416503500   0.1460601801009065   0.1489736109539874
   0.2285973986545252   0.1453454250533883   0.1477927748178685
   0.2279564583530254   0.1447483636349020   0.1467595407996928
   0.2274369608672332   0.1442615367135893   0.1458647427745350
   0.2270310203431484   0.1438777910359734   0.1450996411029321
