-0.74403201
-0.75900182
-0.7565715100000001
-0.73510103
-0.69360599
-0.63192087
-0.5508225199999999
-0.45209261
-0.33850131
-0.21370315
-0.08204692899999999
0.05168624499999999
0.18259155
0.30596298
0.4175946999999999
0.51402988
0.5927335799999999
0.65217814
0.69184149
0.7121294
0.71424018
0.69999367
0.67164618
0.6317099999999999
0.58279109
0.5274535400000001
0.46811416
0.40696682
0.34593335
0.28663641
0.2303891399999999
0.17819689
0.1307668999999999
0.088523046
0.051623531
0.01998051999999999
-0.0067186214
-0.02898835899999999
-0.047519904
-0.06315356000000001
-0.07684819799999999
-0.089647783
-0.10264511
-0.11694319
-0.13361485
-0.15366124
-0.17796987
-0.20727269
-0.24210459
-0.2827627
-0.3292666699999999
-0.38132057
-0.4382774099999999
-0.49910816
-0.5623781199999999
-0.62623511
-0.68841484
-0.74627052
-0.7968337899999999
-0.83691373
-0.86323871
-0.87264164
-0.8622835800000001
-0.82990296
-0.77406974
-0.69441675
-0.5918157899999999
-0.4684668699999999
-0.32787499
-0.17470154
-0.01449434099999999
0.1466808799999999
0.30266858
0.44766155
0.57659819
0.68547468
0.7715429799999999
0.8333831200000001
0.87085703
0.88496532
0.8776372399999999
0.85148671
0.80956435
0.75512919
0.69145547
0.62168209
0.5487055699999999
0.47511247
0.40314436
0.33468724
0.27127759
0.21411809
0.16409775
0.12181283
0.08758639799999999
0.06148599199999999
0.043339755
0.032752173
0.029120902
0.031656174
0.03940395399999999
0.05127355599999999
0.066069737
0.08252861899999999
0.099356204
0.11526774
0.129026
0.13947658
0.1455784699999999
0.1464288
0.14128125
0.12955809
0.1108568199999999
0.08495267399999999
0.05179870799999999
0.011525289
-0.03555912399999999
-0.08896453499999999
-0.1480123499999999
-0.2118246
-0.27931016
-0.34915003
-0.41978456
-0.48940688
-0.55596769
-0.61719717
-0.67064986
-0.7137773300000001