-0.8492824900000001
-0.8403678700000001
-0.80862911
-0.75281358
-0.6727699
-0.56961323
-0.4457993499999999
-0.30508319
-0.15235083
0.006668251899999999
0.16578314
0.31877634
0.45984079
0.5839681599999999
0.68724572
0.7670350799999999
0.82202435
0.85216341
0.8585062199999999
0.8429913900000001
0.8081946500000001
0.75708262
0.6927910800000001
0.61844207
0.53700663
0.45121312
0.36349623
0.27597926
0.19048071
0.10853652
0.03143009399999999
-0.03977643
-0.10421453
-0.16118869
-0.21016456
-0.25076647
-0.28278333
-0.3061810899999999
-0.32111918
-0.32796744
-0.32732006
-0.32000306
-0.30707213
-0.2897986899999999
-0.2696427599999999
-0.24821291
-0.2272142999999999
-0.20838735
-0.19344019
-0.18397827
-0.18143472
-0.18700417
-0.20158227
-0.22571184
-0.25953595
-0.3027578
-0.35460694
-0.4138123
-0.47858381
-0.5466059399999999
-0.61504923
-0.68060734
-0.73956934
-0.7879364500000001
-0.82159095
-0.8365203199999999
-0.82909202
-0.7963646500000001
-0.7364097100000001
-0.64860813
-0.5338785799999999
-0.39479479
-0.23555666
-0.061797569
0.11976679
0.30181631
0.4769773299999999
0.6383788599999999
0.78014576
0.89777191
0.9883377700000001
1.0505629
1.084708199999999
1.0923608
1.0761456
1.0394055
0.98589038
0.91948059
0.84396319
0.7628656099999999
0.67934545
0.5961286999999999
0.51548647
0.4392393199999999
0.36877956
0.30510339
0.2488468999999999
0.2003220799999999
0.15955078
0.1262958999999999
0.10009021
0.08026385199999999
0.06597155999999999
0.05622075599999999
0.049901332
0.045817454
0.04272129699999999
0.039348207
0.034452478
0.02684280499999999
0.01541651
-0.00080814937
-0.022661953
-0.050796921
-0.08566032599999999
-0.1274698
-0.17618875
-0.2315013099999999
-0.29278689
-0.35909455
-0.4291194
-0.5011838
-0.57322841
-0.6428193
-0.7071784700000001
-0.7632458899999999
-0.8077800800000001
-0.83750198