   0.2590530018515839   0.1573414229435578   0.1585132785263116
   0.2587011501629972   0.1571107973657730   0.1579085758102063
   0.2584687298426601   0.1570926967235893   0.1575998390927484
   0.2583269397549195   0.1572592475772555   0.1575519950343236
   0.2582498600678302   0.1575827569843631   0.1577287683414217
   0.2582148109495012   0.1580363546584478   0.1580939111544282
   0.2582025876652493   0.1585945072078029   0.1586120022772304
   0.2581975903078818   0.1592334782975720   0.1592492097354841
   0.2581878425047190   0.1599317156341986   0.1599739895971963
   0.2581648988769089   0.1606701472217286   0.1607576857227384
   0.2581236473534876   0.1614323753908677   0.1615750020850705
   0.2580620180151018   0.1622047639057786   0.1624043290736142
   0.2579806144547976   0.1629764200559714   0.1632279157159078
   0.2578822864678469   0.1637390794379845   0.1640318898106539
   0.2577716641860847   0.1644869057267416   0.1648061366808354
   0.2576546736764360   0.1652162209263282   0.1655440540514311
   0.2575380527603138   0.1659251833480737   0.1662422051671024
   0.2574288836743249   0.1666134310065713   0.1668998947011271
   0.2573341564938979   0.1672817074659128   0.1675186924917997
   0.2572603742706662   0.1679314856744376   0.1681019290377707
   0.2572132078375642   0.1685646032719851   0.1686541844123136
   0.2571972054008621   0.1691829204925517   0.1691807892392202
   0.2572155594942935   0.1697880093295127   0.1696873529832653
   0.2572699316913035   0.1703808802420434   0.1701793313457037
   0.2573603336875891   0.1709617504719709   0.1706616412376960
   0.2574850619758999   0.1715298560782276   0.1711383287720679
   0.2576406823166196   0.1720833081154473   0.1716122930423055
   0.2578220595284305   0.1726189919944557   0.1720850661758202
   0.2580224277474108   0.1731325079616055   0.1725566482548813
   0.2582334961950495   0.1736181498104555   0.1730253941766878
   0.2584455856234021   0.1740689183807655   0.1734879483532725
   0.2586477909391199   0.1744765660944860   0.1739392223146242
   0.2588281660189029   0.1748316687159903   0.1743724097627112
   0.2589739273882104   0.1751237206942216   0.1747790334236752
   0.2590716742117860   0.1753412508363847   0.1751490181571840
   0.2591076229041938   0.1754719556617690   0.1754707852023290
   0.2590678555723291   0.1755028485708930   0.1757313631613520
   0.2589385824066876   0.1754204239142929   0.1759165123323191
   0.2587064189970690   0.1752108361257137   0.1760108602783683
   0.2583586803111337   0.1748600952592493   0.1759980480355627
   0.2578836936878468   0.1743542814970385   0.1758608880788612
   0.2572711336066732   0.1736797824267927   0.1755815370477536
   0.2565123811382936   0.1728235580753396   0.1751416882398967
   0.2556009107992594   0.1717734397681013   0.1745227909729479
   0.2545327069491862   0.1705184697984644   0.1737063060517196
   0.2533067108012174   0.1690492895542604   0.1726740087153160
   0.2519252974660735   0.1673585840575809   0.1714083525196015
   0.2503947801008556   0.1654415906923330   0.1698929095486536
   0.2487259350518231   0.1632966790388814   0.1681129040085999
   0.2469345377182587   0.1609260069648037   0.1660558574203115
   0.2450418935743096   0.1583362551211677   0.1637123639534543
   0.2430753422438674   0.1555394373722187   0.1610770134232600
   0.2410687046734321   0.1525537779777379   0.1581494763735393
   0.2390626343646305   0.1494046370426489   0.1549357595052599
   0.2371048236102767   0.1461254533605903   0.1514496292180312
   0.2352500053664882   0.1427586579613112   0.1477141847287838
   0.2335596819098033   0.1393564924119990   0.1437635385712459
   0.2321015045103856   0.1359816438116906   0.1396445299789716
   0.2309482264460287   0.1327075850034398   0.1354183552529107
   0.2301761579177002   0.1296184867013120   0.1311619498992149
   0.2298630693888332   0.1268085525466052   0.1269689039904637
   0.2300855230401060   0.1243806248850647   0.1229496425793797
   0.2309156628329517   0.1224439259700778   0.1192305694206787
   0.2324175621128090   0.1211108442151607   0.1159518714974489
   0.2346433097599211   0.1204927539602036   0.1132637330764174
   0.2376291022530460   0.1206949708856010   0.1113208282501182
   0.2413916845128061   0.1218110861890008   0.1102751578136436
   0.2459255274986204   0.1239170724480977   0.1102675595288487
   0.2512011251082487   0.1270656833579321   0.1114185150577285
   0.2571647223257704   0.1312817423703498   0.1138191411337268
   0.2637396486320436   0.1365588985224709   0.1175234101420513
   0.2708292410336534   0.1428583033995637   0.1225426254104895
   0.2783211333817134   0.1501094395950026   0.1288429430705816
   0.2860925080830343   0.1582130472474778   0.1363463083105783
   0.2940157964838299   0.1670458138987687   0.1449346474129842
   0.3019643021612478   0.1764662819393297   0.1544566607841409
   0.3098173066495371   0.1863213370003972   0.1647362292427949
   0.3174643706838959   0.1964526827531345   0.1755813595060393
   0.3248087181675215   0.2067028542258360   0.1867927561927050
   0.3317697357294076   0.2169205150979847   0.1981714368147312
   0.3382847047156277   0.2269649604968155   0.2095251770480721
   0.3443098970332901   0.2367098592750855   0.2206738652876610
   0.3498211281423848   0.2460463038930256   0.2314539865301411
   0.3548138006203420   0.2548852083169849   0.2417224417672140
   0.3593024215792311   0.2631590398919603   0.2513597919679882
   0.3633195575350118   0.2708228265450038   0.2602728720023190
   0.3669142061992816   0.2778543700609135   0.2683966173587446
   0.3701496073603803   0.2842536252104012   0.2756949218820703
   0.3731005682436502   0.2900412627176204   0.2821603982079159
   0.3758504258322015   0.2952565022991936   0.2878130171937843
   0.3784877979461975   0.2999543610139070   0.2926977205845963
   0.3811032820413995   0.3042024986789789   0.2968811987274118
   0.3837862479449201   0.3080778513743994   0.3004480820083850
   0.3866218445888965   0.3116632289633927   0.3034968059218784
   0.3896883091356808   0.3150440208856758   0.3061353827581557
   0.3930546367113066   0.3183051156991194   0.3084772621734814
   0.3967786449985659   0.3215281025084457   0.3106374042689498
   0.4009054521934898   0.3247887926038744   0.3127286357645185
   0.4054663788497213   0.3281550803799010   0.3148583214902004
   0.4104782816716003   0.3316851540918153   0.3171253638230241
   0.4159433271173659   0.3354260671348954   0.3196175414123237
   0.4218492112897416   0.3394126856898069   0.3224092114508175
   0.4281698270908547   0.3436670344681305   0.3255594202488494
   0.4348663681669335   0.3481980647308346   0.3291104870780883
   0.4418888414203981   0.3530018644281046   0.3330871383808663
   0.4491779371179809   0.3580623174228901   0.3374962671921978
   0.4566671806626686   0.3633521974555686   0.3423273724809557
   0.4642852667485903   0.3688346549651229   0.3475536952968278
   0.4719584590168926   0.3744650250085102   0.3531340173205945
   0.4796129300663281   0.3801928572175257   0.3590150302659175
   0.4871769199875027   0.3859640488893766   0.3651341311146841
   0.4945826068412793   0.3917229537266800   0.3714224578202117
   0.5017676080321849   0.3974143432930182   0.3778079601006890
   0.5086760639890200   0.4029851154649049   0.3842183036730359
   0.5152592906101554   0.4083856713925170   0.3905834326957199
   0.5214760200841400   0.4135709155482120   0.3968376592569344
   0.5272922771763413   0.4185008675669752   0.4029212027943977
   0.5326809573797238   0.4231409053592774   0.4087811578897150
   0.5376211834883345   0.4274616831170748   0.4143719184065330
   0.5420975186211296   0.4314387835629415   0.4196551240858205
   0.5460991080376585   0.4350521708604306   0.4245992198496258
   0.5496188113919427   0.4382855099989269   0.4291787281658355
   0.5526523736568631   0.4411254119648317   0.4333733328373300
   0.5551976688856721   0.4435606537031425   0.4371668615924448
   0.5572540378785669   0.4455814097688542   0.4405462383023607
   0.5588217297773828   0.4471785203342955   0.4435004566841026
   0.5599014492039871   0.4483428090637469   0.4460196084558177
   0.5604940049673175   0.4490644550334937   0.4480939817862535
   0.5606000534946918   0.4493324157167408   0.4497132314553168
   0.5602199297533150   0.4491338931443659   0.4508656107347969
   0.5593535602402837   0.4484538326154422   0.4515372464988989
   0.5580004564046674   0.4472744426463486   0.4517114331362203
   0.5561597925016559   0.4455747261540890   0.4513679170394783
   0.5538305793889499   0.4433300162559241   0.4504821414474172
   0.5510119553471591   0.4405115158540655   0.4490244210530671
   0.5477036269964233   0.4370858490076326   0.4469590172571462
   0.5439065083040777   0.4330146450606675   0.4442430889332742
   0.5396236241554311   0.4282541952661051   0.4408255015630783
   0.5348613676153027   0.4227552486592219   0.4366454922684133
   0.5296312272441671   0.4164630526040819   0.4316312141167369
   0.5239521324009433   0.4093177983475590   0.4256982273815869
   0.5178535986766259   0.4012557088938387   0.4187480796069166
   0.5113798879481679   0.3922111123258014   0.4106672376594720
   0.5045954183658437   0.3821199848851671   0.4013268286701664
   0.4975916504025173   0.3709256279901437   0.3905839474112440
   0.4904956031238048   0.3585873555087318   0.3782857378350326
   0.4834799658325993   0.3450932832490420   0.3642780980211976
   0.4767743810159258   0.3304784582706960   0.3484217054520781
   0.4706767701866998   0.3148494877056198   0.3306190404433194
   0.4655624221542081   0.2984162451742486   0.3108569193370390
   0.4618868677730809   0.2815297013028987   0.2892690488161269
   0.4601764003071298   0.2647218545821382   0.2662209323439241
   0.4609979581371229   0.2487386088079543   0.2424129611185074
   0.4648992219633147   0.2345493870719008   0.2189842443773901
   0.4723124547435755   0.2233101751155734   0.1975788338893497
   0.4834247061216097   0.2162544705654456   0.1803123966081756
   0.4980341568155313   0.2144972689646849   0.1695668407622266
   0.5154344067623601   0.2187679083350499   0.1675692001965435
   0.5343840737710585   0.2291353088812353   0.1757998547609869
   0.5532109495028646   0.2448311164915172   0.1944049723334604
   0.5700575381130595   0.2642747353465252   0.2218779052765999
   0.5832107397861058   0.2853359262483855   0.2552219387765033
   0.5914101639262557   0.3057613810134115   0.2905939427877460
   0.5940330811003572   0.3236113093370880   0.3241815713109185
   0.5911103217069016   0.3375572047752636   0.3529646916881344
   0.5831991607132909   0.3469733807514625   0.3751168827973423
   0.5711836866494922   0.3518503448260414   0.3900117914620772
   0.5560750529265788   0.3526116678001490   0.3979610418951247
   0.5388575609513955   0.3499161682069006   0.3998558628985013
   0.5203950342196951   0.3444967903118852   0.3968415254533489
   0.5013902711324387   0.3370539454500482   0.3900840367669407
   0.4823814367642705   0.3281988759949144   0.3806346226726323
   0.4637592521518232   0.3184333907585839   0.3693707722105071
   0.4457928263205596   0.3081517193139772   0.3569865691837644
   0.4286565720250827   0.2976534185929203   0.3440093977633110
   0.4124543157641307   0.2871601346430074   0.3308273998822545
   0.3972391220611355   0.2768321945556385   0.3177185820025237
   0.3830287059049061   0.2667831552786577   0.3048770881668205
   0.3698169435929279   0.2570917100077758   0.2924349760767981
   0.3575822055993664   0.2478110132518459   0.2804793415740271
   0.3462932306042851   0.2389757697491667   0.2690653211249988
   0.3359131620215977   0.2306075098750676   0.2582257239196789
   0.3264022447892814   0.2227184516468880   0.2479780373108665
   0.3177195630777452   0.2153142876094587   0.2383294457463779
   0.3098241014148932   0.2083961651458567   0.2292803744740745
   0.3026753349879625   0.2019620653763115   0.2208269479543769
   0.2962334975790635   0.1960077338635474   0.2129626515641718
   0.2904596342078135   0.1905272764105380   0.2056794062091085
   0.2853155164314283   0.1855135039628115   0.1989682068738078
   0.2807634781528832   0.1809580900405471   0.1928194344453856
   0.2767662160540312   0.1768515902368454   0.1872229217249572
   0.2732865893053567   0.1731833643496300   0.1821678361616140
   0.2702874463895335   0.1699414361493910   0.1776424307768728
   0.2677315014900403   0.1671123223500593   0.1736337087235229
   0.2655812780468927   0.1646808599820255   0.1701270440295136
   0.2637991321644307   0.1626300591890786   0.1671057996827075
   0.2623473632282262   0.1609410057957768   0.1645509829249293
   0.2611884132509651   0.1595928343323700   0.1624409753035292
   0.2602851502458677   0.1585627873027304   0.1607513708336711
   0.2596012246369896   0.1578263703275700   0.1594549490767474
   0.2591014818146640   0.1573576056332546   0.1585218009829096
