0.19517145
0.38092999
0.5514964199999999
0.70056278
0.82335046
0.9168328199999999
0.9797730599999999
1.0125968
1.0171393
0.99631621
0.9537682
0.89352088
0.81968963
0.73624632
0.64685258
0.55475567
0.46273741
0.37310384
0.28770305
0.20795989
0.1349181399999999
0.069283561
0.011463011
-0.03840252
-0.08041184400000001
-0.11488381
-0.1423424
-0.16350466
-0.17926934
-0.19070399
-0.19902891
-0.20559645
-0.21186494
-0.21936695
-0.22967198
-0.24434411
-0.26489493
-0.29273219
-0.32910404
-0.3750385
-0.43127715
-0.49820202
-0.5757548
-0.66334842
-0.7597727500000001
-0.86309924
-0.9705930999999999
-1.0786468
-1.182753699999999
-1.277546
-1.356923399999999
-1.414296199999999
-1.442961699999999
-1.4366124
-1.3899543
-1.2993808
-1.163620099999999
-0.98424946
-0.76596742
-0.5165328599999999
-0.24632804
0.032433849
0.3067642999999999
0.56407067
0.7932691300000001
0.98567858
1.135582099999999
1.2404103
1.3005709
1.3190021
1.3005575
1.2513312
1.1780169
1.0873625
0.98575257
0.87892519
0.77180882
0.6684567399999999
0.57205208
0.4849584499999999
0.4087957399999999
0.34452592
0.29253919
0.25273516
0.22459739
0.2072614
0.19957787
0.20017266
0.20750508
0.21992507
0.23572905
0.25321355
0.27072481
0.28670264
0.29971668
0.30849363
0.31193481
0.30912419
0.29932766
0.2819855099999999
0.2567004
0.22322359
0.18144236
0.13137174
0.07315291599999999
0.0070607233
-0.066478357
-0.14685706
-0.23324747
-0.32455223
-0.41935032
-0.51584271
-0.61180549
-0.70456017
-0.79097275
-0.8674944099999999
-0.93025603
-0.9752265
-0.99843899
-0.9962808
-0.9658308399999999
-0.9052154599999999
-0.8139414999999999
-0.69315691
-0.5457890199999999
-0.37651958
-0.19157539
0.0016591543