       0.21907860       0.13534151       0.13534151
       0.21907860       0.13534151       0.13534151
       0.21907860       0.13534151       0.13534151
       0.21907860       0.13534151       0.13534151
       0.21907860       0.13534151       0.13534151
       0.21907860       0.13534151       0.13534151
       0.21907860       0.13534151       0.13534151
       0.21907860       0.13534151       0.13534151
       0.21907860       0.13534151       0.13534151
       0.21907860       0.13534151       0.13534151
       0.21907860       0.13534151       0.13534151
       0.21907860       0.13534151       0.13534151
       0.21907860       0.13534150       0.13534151
       0.21907860       0.13534150       0.13534150
       0.21907859       0.13534150       0.13534150
       0.21907859       0.13534150       0.13534150
       0.21907859       0.13534150       0.13534150
       0.21907859       0.13534150       0.13534150
       0.21907859       0.13534150       0.13534150
       0.21907859       0.13534150       0.13534149
       0.21907860       0.13534150       0.13534149
       0.21907860       0.13534150       0.13534149
       0.21907860       0.13534150       0.13534149
       0.21907861       0.13534150       0.13534149
       0.21907861       0.13534150       0.13534149
       0.21907862       0.13534151       0.13534149
       0.21907863       0.13534151       0.13534150
       0.21907864       0.13534152       0.13534150
       0.21907865       0.13534153       0.13534151
       0.21907866       0.13534154       0.13534152
       0.21907868       0.13534156       0.13534153
       0.21907870       0.13534157       0.13534154
       0.21907872       0.13534159       0.13534156
       0.21907874       0.13534161       0.13534157
       0.21907876       0.13534163       0.13534159
       0.21907879       0.13534166       0.13534162
       0.21907881       0.13534168       0.13534164
       0.21907884       0.13534171       0.13534167
       0.21907887       0.13534174       0.13534169
       0.21907889       0.13534177       0.13534172
       0.21907892       0.13534179       0.13534175
       0.21907894       0.13534182       0.13534178
       0.21907896       0.13534185       0.13534181
       0.21907898       0.13534187       0.13534184
       0.21907900       0.13534189       0.13534187
       0.21907901       0.13534191       0.13534189
       0.21907902       0.13534192       0.13534191
       0.21907902       0.13534192       0.13534193
       0.21907901       0.13534192       0.13534194
       0.21907900       0.13534192       0.13534194
       0.21907898       0.13534190       0.13534194
       0.21907895       0.13534188       0.13534193
       0.21907892       0.13534185       0.13534190
       0.21907889       0.13534181       0.13534187
       0.21907884       0.13534176       0.13534183
       0.21907880       0.13534170       0.13534178
       0.21907875       0.13534164       0.13534172
       0.21907870       0.13534157       0.13534165
       0.21907865       0.13534150       0.13534158
       0.21907861       0.13534143       0.13534150
       0.21907858       0.13534137       0.13534141
       0.21907856       0.13534131       0.13534132
       0.21907856       0.13534126       0.13534124
       0.21907858       0.13534122       0.13534117
       0.21907863       0.13534121       0.13534110
       0.21907871       0.13534123       0.13534106
       0.21907884       0.13534128       0.13534103
       0.21907901       0.13534136       0.13534104
       0.21907923       0.13534150       0.13534108
       0.21907951       0.13534169       0.13534117
       0.21907985       0.13534194       0.13534131
       0.21908026       0.13534225       0.13534151
       0.21908074       0.13534264       0.13534177
       0.21908129       0.13534310       0.13534211
       0.21908192       0.13534364       0.13534253
       0.21908262       0.13534426       0.13534303
       0.21908340       0.13534497       0.13534362
       0.21908425       0.13534576       0.13534430
       0.21908515       0.13534663       0.13534507
       0.21908611       0.13534756       0.13534593
       0.21908711       0.13534856       0.13534687
       0.21908814       0.13534960       0.13534788
       0.21908917       0.13535068       0.13534896
       0.21909019       0.13535178       0.13535010
       0.21909118       0.13535287       0.13535126
       0.21909212       0.13535392       0.13535243
       0.21909296       0.13535492       0.13535359
       0.21909370       0.13535583       0.13535471
       0.21909429       0.13535661       0.13535575
       0.21909472       0.13535724       0.13535669
       0.21909495       0.13535768       0.13535747
       0.21909497       0.13535790       0.13535807
       0.21909474       0.13535787       0.13535845
       0.21909426       0.13535755       0.13535857
       0.21909352       0.13535693       0.13535839
       0.21909252       0.13535599       0.13535789
       0.21909126       0.13535473       0.13535703
       0.21908976       0.13535313       0.13535579
       0.21908807       0.13535122       0.13535418
       0.21908623       0.13534902       0.13535218
       0.21908431       0.13534658       0.13534981
       0.21908239       0.13534396       0.13534711
       0.21908057       0.13534125       0.13534412
       0.21907898       0.13533853       0.13534092
       0.21907776       0.13533595       0.13533759
       0.21907707       0.13533363       0.13533425
       0.21907708       0.13533176       0.13533103
       0.21907801       0.13533053       0.13532811
       0.21908005       0.13533014       0.13532567
       0.21908344       0.13533082       0.13532393
       0.21908840       0.13533282       0.13532311
       0.21909517       0.13533640       0.13532348
       0.21910398       0.13534182       0.13532531
       0.21911504       0.13534933       0.13532889
       0.21912857       0.13535920       0.13533450
       0.21914474       0.13537167       0.13534243
       0.21916370       0.13538695       0.13535298
       0.21918554       0.13540522       0.13536639
       0.21921030       0.13542662       0.13538291
       0.21923798       0.13545123       0.13540272
       0.21926847       0.13547905       0.13542597
       0.21930160       0.13551002       0.13545274
       0.21933710       0.13554398       0.13548302
       0.21937462       0.13558066       0.13551672
       0.21941367       0.13561970       0.13555364
       0.21945369       0.13566060       0.13559346
       0.21949399       0.13570276       0.13563577
       0.21953380       0.13574543       0.13567997
       0.21957224       0.13578776       0.13572536
       0.21960835       0.13582877       0.13577110
       0.21964109       0.13586737       0.13581618
       0.21966941       0.13590239       0.13585950
       0.21969220       0.13593257       0.13589980
       0.21970838       0.13595663       0.13593573
       0.21971694       0.13597325       0.13596588
       0.21971693       0.13598115       0.13598876
       0.21970758       0.13597915       0.13600288
       0.21968830       0.13596616       0.13600679
       0.21965877       0.13594129       0.13599910
       0.21961899       0.13590392       0.13597860
       0.21956935       0.13585372       0.13594427
       0.21951070       0.13579080       0.13589537
       0.21944442       0.13571571       0.13583153
       0.21937247       0.13562957       0.13575285
       0.21929746       0.13553411       0.13565993
       0.21922271       0.13543178       0.13555402
       0.21915225       0.13532580       0.13543707
       0.21909091       0.13522018       0.13531182
       0.21904427       0.13511982       0.13518189
       0.21901866       0.13503051       0.13505182
       0.21902115       0.13495889       0.13492714
       0.21905943       0.13491250       0.13481436
       0.21914175       0.13489965       0.13472102
       0.21927673       0.13492935       0.13465559
       0.21947324       0.13501119       0.13462745
       0.21974015       0.13515510       0.13464674
       0.22008608       0.13537120       0.13472420
       0.22051912       0.13566945       0.13487093
       0.22104654       0.13605939       0.13509816
       0.22167439       0.13654974       0.13541685
       0.22240724       0.13714805       0.13583737
       0.22324775       0.13786023       0.13636906
       0.22419640       0.13869020       0.13701976
       0.22525116       0.13963944       0.13779538
       0.22640718       0.14070659       0.13869940
       0.22765667       0.14188716       0.13973244
       0.22898865       0.14317316       0.14089189
       0.23038892       0.14455301       0.14217154
       0.23184007       0.14601131       0.14356134
       0.23332152       0.14752891       0.14504728
       0.23480969       0.14908291       0.14661130
       0.23627824       0.15064693       0.14823140
       0.23769834       0.15219133       0.14988178
       0.23903907       0.15368354       0.15153308
       0.24026779       0.15508856       0.15315270
       0.24135067       0.15636937       0.15470520
       0.24225326       0.15748749       0.15615263
       0.24294111       0.15840353       0.15745492
       0.24338060       0.15907782       0.15857033
       0.24353987       0.15947112       0.15945578
       0.24338998       0.15954544       0.16006731
       0.24290630       0.15926497       0.16036058
       0.24207025       0.15859730       0.16029150
       0.24087134       0.15751493       0.15981716
       0.23930961       0.15599714       0.15889707
       0.23739842       0.15403238       0.15749486
       0.23516768       0.15162119       0.15558077
       0.23266721       0.14877974       0.15313478
       0.22997032       0.14554406       0.15015090
       0.22717716       0.14197477       0.14664245
       0.22441754       0.13816230       0.14264861
       0.22185259       0.13423209       0.13824208
       0.21967469       0.13034936       0.13353755
       0.21810453       0.12672240       0.12870043
       0.21738454       0.12360339       0.12395462
       0.21776764       0.12128493       0.11958753
       0.21950066       0.12009083       0.11594996
       0.22280247       0.12035935       0.11344760
       0.22783792       0.12241798       0.11252107
       0.23469024       0.12655033       0.11361216
       0.24333621       0.13295748       0.11711625
       0.25362971       0.14171923       0.12332457
       0.26529945       0.15276278       0.13236496
       0.27796514       0.16584744       0.14415375
       0.29117324       0.18057252       0.15837295
       0.30444840       0.19641142       0.17448377
       0.31735247       0.21276832       0.19177951
       0.32954018       0.22904827       0.20947044
       0.34080100       0.24472703       0.22678398
       0.35108001       0.25940774       0.24305942
       0.36047578       0.27285515       0.25781935
       0.36921820       0.28500447       0.27080739
       0.37763228       0.29594732       0.28199147
       0.38609523       0.30590143       0.29153915
       0.39499295       0.31517130       0.29977497
       0.40468047       0.32410650       0.30712953
       0.41544893       0.33306183       0.31408729
       0.42750062       0.34236209       0.32113709
       0.44093298       0.35227279       0.32872717
       0.45573240       0.36297801       0.33722604
       0.47177860       0.37456682       0.34689110
       0.48885931       0.38702956       0.35784832
       0.50669413       0.40026508       0.37008637
       0.52496431       0.41409803       0.38346737
       0.54334423       0.42830389       0.39775330
       0.56152953       0.44263736       0.41264340
       0.57925822       0.45685906       0.42781517
       0.59632253       0.47075656       0.44296119
       0.61257166       0.48415729       0.45781588
       0.62790753       0.49693317       0.47216975
       0.64227608       0.50899870       0.48587228
       0.65565712       0.52030480       0.49882642
       0.66805461       0.53083097       0.51097865
       0.67948863       0.54057749       0.52230792
       0.68998938       0.54955879       0.53281571
       0.69959310       0.55779839       0.54251804
       0.70833937       0.56532525       0.55143987
       0.71626950       0.57217139       0.55961130
       0.72342553       0.57837033       0.56706527
       0.72984955       0.58395606       0.57383617
       0.73558317       0.58896244       0.57995894
       0.74066716       0.59342269       0.58546859
       0.74514101       0.59736903       0.59039976
       0.74904260       0.60083240       0.59478636
       0.75240788       0.60384222       0.59866132
       0.75527051       0.60642607       0.60205622
       0.75766163       0.60860955       0.60500109
       0.75960962       0.61041602       0.60752412
       0.76113985       0.61186642       0.60965139
       0.76227450       0.61297910       0.61140673
       0.76303239       0.61376960       0.61281142
       0.76342880       0.61425045       0.61388406
       0.76347528       0.61443102       0.61464033
       0.76317951       0.61431719       0.61509280
       0.76254502       0.61391118       0.61525072
       0.76157105       0.61321116       0.61511970
       0.76025216       0.61221088       0.61470149
       0.75857799       0.61089922       0.61399354
       0.75653279       0.60925953       0.61298853
       0.75409496       0.60726894       0.61167382
       0.75123645       0.60489739       0.61003061
       0.74792211       0.60210648       0.60803300
       0.74410886       0.59884793       0.60564664
       0.73974479       0.59506176       0.60282707
       0.73476819       0.59067390       0.59951739
       0.72910651       0.58559318       0.59564533
       0.72267546       0.57970765       0.59111922
       0.71537829       0.57287989       0.58582256
       0.70710588       0.56494130       0.57960680
       0.69773806       0.55568522       0.57228142
       0.68714739       0.54485900       0.56360055
       0.67520746       0.53215559       0.55324503
       0.66180863       0.51720624       0.54079869
       0.64688679       0.49957794       0.52571860
       0.63047289       0.47878353       0.50730150
       0.61277536       0.45432004       0.48465589
       0.59430969       0.42576515       0.45670758
       0.57608655       0.39298201       0.42230647
       0.55984536       0.35650529       0.38057842
       0.54824633       0.31816999       0.33177117
       0.54477412       0.28190590       0.27885915
       0.55289415       0.25419299       0.22969059
       0.57404022       0.24298599       0.19786630
       0.60495281       0.25391445       0.19856337
       0.63672348       0.28507589       0.23785164
       0.65807222       0.32559744       0.30389780
       0.66131615       0.36135830       0.37238624
       0.64572658       0.38292749       0.42246396
       0.61591942       0.38842477       0.44644211
       0.57812130       0.38100735       0.44751329
       0.53756160       0.36527382       0.43302153
       0.49767880       0.34518169       0.40986818
       0.46035852       0.32347560       0.38296868
       0.42644175       0.30183705       0.35534350
       0.39615972       0.28120606       0.32866913
       0.36942286       0.26205808       0.30378715
       0.34599059       0.24459359       0.28105641
       0.32556383       0.22885584       0.26056893
       0.30783261       0.21480077       0.24227472
       0.29249913       0.20233786       0.22605217
       0.27928774       0.19135391       0.21174700
       0.26794840       0.18172688       0.19919390
       0.25825667       0.17333394       0.18822824
       0.25001233       0.16605607       0.17869236
       0.24303720       0.15978058       0.17043864
       0.23717295       0.15440228       0.16333078
       0.23227880       0.14982399       0.15724403
       0.22822957       0.14595647       0.15206479
       0.22491379       0.14271812       0.14768996
       0.22223212       0.14003448       0.14402608
       0.22009602       0.13783781       0.14098845
       0.21842653       0.13606645       0.13850030
       0.21715331       0.13466443       0.13649202
       0.21621380       0.13358096       0.13490048
       0.21555250       0.13277002       0.13366842
       0.21512040       0.13219008       0.13274395
       0.21487444       0.13180376       0.13208021
       0.21477700       0.13157756       0.13163491
       0.21479556       0.13148166       0.13137019
       0.21490222       0.13148973       0.13125223
       0.21507335       0.13157865       0.13125116
       0.21528923       0.13172840       0.13134075
       0.21553368       0.13192182       0.13149827
       0.21579364       0.13214442       0.13170424
       0.21605892       0.13238416       0.13194222
       0.21632176       0.13263124       0.13219860
       0.21657654       0.13287788       0.13246231
       0.21681945       0.13311811       0.13272462
       0.21704818       0.13334753       0.13297887
       0.21726166       0.13356312       0.13322020
       0.21745979       0.13376302       0.13344533
       0.21764321       0.13394632       0.13365231
       0.21781307       0.13411290       0.13384028
       0.21797090       0.13426328       0.13400931
       0.21811843       0.13439841       0.13416012
       0.21825745       0.13451961       0.13429400
       0.21838973       0.13462838       0.13441257
       0.21851694       0.13472634       0.13451771
       0.21864055       0.13481518       0.13461142
       0.21876183       0.13489649       0.13469571
       0.21888179       0.13497182       0.13477253
       0.21900118       0.13504256       0.13484373
       0.21912051       0.13510995       0.13491096
       0.21924001       0.13517502       0.13497569
       0.21935966       0.13523864       0.13503917
       0.21947926       0.13530147       0.13510240
       0.21959838       0.13536397       0.13516614
       0.21971644       0.13542642       0.13523092
       0.21983273       0.13548896       0.13529706
       0.21994643       0.13555153       0.13536465
       0.22005668       0.13561397       0.13543361
       0.22016255       0.13567600       0.13550369
       0.22026314       0.13573724       0.13557452
       0.22035753       0.13579727       0.13564558
       0.22044489       0.13585559       0.13571631
       0.22052442       0.13591169       0.13578605
       0.22059544       0.13596504       0.13585412
       0.22065735       0.13601515       0.13591984
       0.22070967       0.13606151       0.13598253
       0.22075202       0.13610367       0.13604152
       0.22078419       0.13614125       0.13609621
       0.22080606       0.13617390       0.13614604
       0.22081764       0.13620133       0.13619054
       0.22081908       0.13622336       0.13622929
       0.22081063       0.13623983       0.13626198
       0.22079264       0.13625069       0.13628837
       0.22076558       0.13625595       0.13630832
       0.22072999       0.13625569       0.13632177
       0.22068650       0.13625006       0.13632876
       0.22063579       0.13623925       0.13632939
       0.22057859       0.13622355       0.13632386
       0.22051567       0.13620324       0.13631242
       0.22044784       0.13617870       0.13629539
       0.22037591       0.13615029       0.13627315
       0.22030068       0.13611844       0.13624611
       0.22022297       0.13608358       0.13621473
       0.22014356       0.13604615       0.13617950
       0.22006321       0.13600661       0.13614091
       0.21998264       0.13596540       0.13609948
       0.21990253       0.13592298       0.13605574
       0.21982353       0.13587977       0.13601019
       0.21974622       0.13583619       0.13596334
       0.21967112       0.13579263       0.13591567
       0.21959871       0.13574947       0.13586767
       0.21952941       0.13570705       0.13581977
       0.21946356       0.13566568       0.13577237
       0.21940147       0.13562565       0.13572587
       0.21934337       0.13558721       0.13568062
       0.21928944       0.13555057       0.13563691
       0.21923980       0.13551592       0.13559502
       0.21919453       0.13548340       0.13555518
       0.21915366       0.13545314       0.13551760
       0.21911716       0.13542522       0.13548244
       0.21908497       0.13539969       0.13544980
       0.21905699       0.13537659       0.13541979
       0.21903309       0.13535592       0.13539245
       0.21901310       0.13533766       0.13536781
       0.21899683       0.13532175       0.13534587
       0.21898408       0.13530813       0.13532658
       0.21897461       0.13529672       0.13530989
       0.21896819       0.13528742       0.13529573
       0.21896456       0.13528012       0.13528398
       0.21896347       0.13527469       0.13527455
       0.21896465       0.13527100       0.13526729
       0.21896785       0.13526892       0.13526206
       0.21897279       0.13526829       0.13525872
       0.21897925       0.13526898       0.13525711
       0.21898696       0.13527084       0.13525707
       0.21899569       0.13527372       0.13525844
       0.21900522       0.13527748       0.13526104
       0.21901534       0.13528197       0.13526473
       0.21902585       0.13528707       0.13526934
       0.21903656       0.13529265       0.13527471
       0.21904732       0.13529858       0.13528071
       0.21905797       0.13530476       0.13528718
       0.21906837       0.13531107       0.13529400
       0.21907841       0.13531742       0.13530105
       0.21908799       0.13532372       0.13530820
       0.21909701       0.13532989       0.13531536
       0.21910541       0.13533587       0.13532242
       0.21911313       0.13534159       0.13532931
       0.21912012       0.13534699       0.13533596
       0.21912636       0.13535205       0.13534229
       0.21913183       0.13535672       0.13534825
       0.21913652       0.13536097       0.13535380
       0.21914044       0.13536479       0.13535890
       0.21914360       0.13536817       0.13536354
       0.21914601       0.13537110       0.13536768
       0.21914771       0.13537358       0.13537132
       0.21914874       0.13537562       0.13537446
       0.21914912       0.13537723       0.13537710
       0.21914891       0.13537842       0.13537924
       0.21914815       0.13537921       0.13538091
       0.21914689       0.13537963       0.13538212
       0.21914518       0.13537970       0.13538289
       0.21914308       0.13537944       0.13538325
       0.21914062       0.13537888       0.13538323
       0.21913788       0.13537806       0.13538285
       0.21913489       0.13537700       0.13538216
       0.21913170       0.13537573       0.13538117
       0.21912836       0.13537428       0.13537993
       0.21912492       0.13537267       0.13537847
       0.21912142       0.13537095       0.13537682
       0.21911789       0.13536913       0.13537501
       0.21911437       0.13536724       0.13537308
       0.21911090       0.13536531       0.13537104
       0.21910750       0.13536336       0.13536894
       0.21910420       0.13536140       0.13536680
       0.21910103       0.13535946       0.13536464
       0.21909799       0.13535756       0.13536249
       0.21909511       0.13535571       0.13536036
       0.21909240       0.13535392       0.13535828
       0.21908988       0.13535220       0.13535626
       0.21908754       0.13535058       0.13535432
       0.21908539       0.13534905       0.13535246
       0.21908344       0.13534761       0.13535070
       0.21908169       0.13534628       0.13534905
       0.21908012       0.13534506       0.13534751
       0.21907875       0.13534395       0.13534609
       0.21907756       0.13534295       0.13534478
       0.21907655       0.13534206       0.13534360
       0.21907571       0.13534128       0.13534255
       0.21907502       0.13534060       0.13534161
       0.21907449       0.13534002       0.13534079
       0.21907410       0.13533954       0.13534008
       0.21907383       0.13533915       0.13533949
       0.21907369       0.13533884       0.13533900
       0.21907365       0.13533862       0.13533860
       0.21907370       0.13533847       0.13533831
       0.21907384       0.13533839       0.13533810
       0.21907404       0.13533836       0.13533796
       0.21907431       0.13533840       0.13533790
       0.21907463       0.13533848       0.13533791
       0.21907499       0.13533860       0.13533797
       0.21907539       0.13533876       0.13533808
       0.21907580       0.13533895       0.13533824
       0.21907623       0.13533916       0.13533844
       0.21907667       0.13533940       0.13533866
       0.21907711       0.13533964       0.13533891
       0.21907755       0.13533990       0.13533918
       0.21907797       0.13534016       0.13533946
       0.21907838       0.13534042       0.13533975
       0.21907877       0.13534067       0.13534004
       0.21907913       0.13534093       0.13534034
       0.21907947       0.13534117       0.13534062
       0.21907979       0.13534140       0.13534090
       0.21908007       0.13534162       0.13534117
       0.21908032       0.13534183       0.13534143
       0.21908055       0.13534202       0.13534167
       0.21908074       0.13534219       0.13534189
       0.21908090       0.13534234       0.13534210
       0.21908103       0.13534248       0.13534229
       0.21908113       0.13534260       0.13534245
       0.21908120       0.13534270       0.13534260
       0.21908125       0.13534278       0.13534273
       0.21908127       0.13534285       0.13534284
       0.21908127       0.13534290       0.13534292
       0.21908124       0.13534293       0.13534299
       0.21908120       0.13534295       0.13534304
       0.21908114       0.13534296       0.13534307
       0.21908106       0.13534295       0.13534309
       0.21908097       0.13534293       0.13534309
       0.21908087       0.13534290       0.13534308
       0.21908076       0.13534286       0.13534306
       0.21908064       0.13534282       0.13534302
       0.21908051       0.13534276       0.13534298
       0.21908038       0.13534270       0.13534292
       0.21908025       0.13534264       0.13534286
       0.21908011       0.13534257       0.13534279
       0.21907998       0.13534250       0.13534272
       0.21907985       0.13534242       0.13534264
       0.21907972       0.13534235       0.13534256
       0.21907959       0.13534227       0.13534248
       0.21907947       0.13534220       0.13534240
       0.21907935       0.13534213       0.13534232
       0.21907924       0.13534206       0.13534224
       0.21907914       0.13534199       0.13534216
       0.21907904       0.13534192       0.13534208
       0.21907895       0.13534186       0.13534200
       0.21907887       0.13534180       0.13534193
       0.21907880       0.13534175       0.13534187
       0.21907873       0.13534170       0.13534180
       0.21907867       0.13534165       0.13534174
       0.21907861       0.13534161       0.13534169
       0.21907857       0.13534157       0.13534164
       0.21907853       0.13534153       0.13534159
       0.21907849       0.13534150       0.13534155
       0.21907847       0.13534148       0.13534152
       0.21907845       0.13534145       0.13534148
       0.21907843       0.13534143       0.13534146
       0.21907842       0.13534142       0.13534143
       0.21907841       0.13534141       0.13534141
       0.21907841       0.13534140       0.13534140
       0.21907841       0.13534139       0.13534139
       0.21907841       0.13534139       0.13534138
       0.21907842       0.13534139       0.13534137
       0.21907843       0.13534139       0.13534137
       0.21907844       0.13534139       0.13534137
       0.21907846       0.13534139       0.13534137
       0.21907847       0.13534140       0.13534137
       0.21907849       0.13534141       0.13534138
       0.21907850       0.13534141       0.13534139
       0.21907852       0.13534142       0.13534139
       0.21907853       0.13534143       0.13534140
       0.21907855       0.13534144       0.13534141
       0.21907857       0.13534145       0.13534142
       0.21907858       0.13534146       0.13534143
       0.21907860       0.13534147       0.13534145
       0.21907861       0.13534148       0.13534146
       0.21907862       0.13534149       0.13534147
       0.21907864       0.13534150       0.13534148
       0.21907865       0.13534151       0.13534149
       0.21907866       0.13534151       0.13534150
       0.21907867       0.13534152       0.13534151
       0.21907867       0.13534153       0.13534152
       0.21907868       0.13534153       0.13534152
       0.21907868       0.13534154       0.13534153
       0.21907869       0.13534154       0.13534154
       0.21907869       0.13534155       0.13534154
       0.21907869       0.13534155       0.13534155
       0.21907870       0.13534155       0.13534155
       0.21907870       0.13534156       0.13534156
       0.21907869       0.13534156       0.13534156
       0.21907869       0.13534156       0.13534156
       0.21907869       0.13534156       0.13534156
       0.21907869       0.13534156       0.13534156
       0.21907869       0.13534156       0.13534156
       0.21907868       0.13534156       0.13534156
       0.21907868       0.13534155       0.13534156
       0.21907867       0.13534155       0.13534156
       0.21907867       0.13534155       0.13534156
       0.21907866       0.13534155       0.13534156
       0.21907866       0.13534155       0.13534156
       0.21907865       0.13534154       0.13534155
       0.21907865       0.13534154       0.13534155
       0.21907864       0.13534154       0.13534155
       0.21907864       0.13534154       0.13534154
       0.21907863       0.13534153       0.13534154
       0.21907863       0.13534153       0.13534154
       0.21907863       0.13534153       0.13534154
       0.21907862       0.13534153       0.13534153
       0.21907862       0.13534152       0.13534153
       0.21907861       0.13534152       0.13534153
       0.21907861       0.13534152       0.13534152
       0.21907861       0.13534152       0.13534152
       0.21907860       0.13534151       0.13534152
       0.21907860       0.13534151       0.13534152
       0.21907860       0.13534151       0.13534151
       0.21907860       0.13534151       0.13534151
       0.21907860       0.13534151       0.13534151
       0.21907859       0.13534151       0.13534151
       0.21907859       0.13534150       0.13534151
       0.21907859       0.13534150       0.13534150
       0.21907859       0.13534150       0.13534150
       0.21907859       0.13534150       0.13534150
       0.21907859       0.13534150       0.13534150
       0.21907859       0.13534150       0.13534150
       0.21907859       0.13534150       0.13534150
       0.21907859       0.13534150       0.13534150
       0.21907859       0.13534150       0.13534150
       0.21907859       0.13534150       0.13534150
       0.21907859       0.13534150       0.13534150
       0.21907859       0.13534150       0.13534150
       0.21907859       0.13534150       0.13534150
       0.21907859       0.13534150       0.13534150
       0.21907859       0.13534150       0.13534150
       0.21907859       0.13534150       0.13534150
       0.21907859       0.13534150       0.13534150
       0.21907859       0.13534150       0.13534150
       0.21907859       0.13534150       0.13534150
       0.21907859       0.13534150       0.13534150
       0.21907860       0.13534150       0.13534150
       0.21907860       0.13534150       0.13534150
       0.21907860       0.13534150       0.13534150
       0.21907860       0.13534150       0.13534150
       0.21907860       0.13534150       0.13534150
       0.21907860       0.13534150       0.13534150
       0.21907860       0.13534150       0.13534150
       0.21907860       0.13534150       0.13534150
       0.21907860       0.13534150       0.13534150
       0.21907860       0.13534150       0.13534150
       0.21907860       0.13534151       0.13534150
       0.21907860       0.13534151       0.13534151
       0.21907860       0.13534151       0.13534151
       0.21907860       0.13534151       0.13534151
       0.21907860       0.13534151       0.13534151
       0.21907860       0.13534151       0.13534151
       0.21907860       0.13534151       0.13534151
       0.21907860       0.13534151       0.13534151
       0.21907860       0.13534151       0.13534151
       0.21907860       0.13534151       0.13534151
       0.21907860       0.13534151       0.13534151
       0.21907860       0.13534151       0.13534151
       0.21907860       0.13534151       0.13534151
       0.21907860       0.13534151       0.13534151
       0.21907860       0.13534151       0.13534151
       0.21907860       0.13534151       0.13534151
       0.21907860       0.13534151       0.13534151
       0.21907860       0.13534151       0.13534151
       0.21907860       0.13534151       0.13534151
       0.21907860       0.13534151       0.13534151
       0.21907860       0.13534151       0.13534151
       0.21907860       0.13534150       0.13534151
       0.21907860       0.13534150       0.13534151
       0.21907860       0.13534150       0.13534151
       0.21907860       0.13534150       0.13534150
       0.21907860       0.13534150       0.13534150
       0.21907860       0.13534150       0.13534150
       0.21907860       0.13534150       0.13534150
       0.21907860       0.13534150       0.13534150
       0.21907860       0.13534150       0.13534150
       0.21907860       0.13534150       0.13534150
       0.21907860       0.13534150       0.13534150
       0.21907860       0.13534150       0.13534150
       0.21907860       0.13534150       0.13534150
       0.21907860       0.13534150       0.13534150
       0.21907860       0.13534150       0.13534150
       0.21907860       0.13534150       0.13534150
       0.21907860       0.13534150       0.13534150
       0.21907860       0.13534150       0.13534150
       0.21907860       0.13534150       0.13534150
       0.21907860       0.13534150       0.13534150
       0.21907860       0.13534150       0.13534150
       0.21907860       0.13534150       0.13534150
       0.21907860       0.13534150       0.13534150
       0.21907860       0.13534150       0.13534150
       0.21907860       0.13534150       0.13534150
       0.21907860       0.13534150       0.13534150
       0.21907860       0.13534150       0.13534150
       0.21907860       0.13534150       0.13534150
       0.21907860       0.13534150       0.13534150
       0.21907860       0.13534150       0.13534150
       0.21907860       0.13534150       0.13534150
       0.21907860       0.13534150       0.13534150
       0.21907860       0.13534150       0.13534150
       0.21907860       0.13534150       0.13534150
       0.21907860       0.13534150       0.13534150
       0.21907860       0.13534150       0.13534150
       0.21907860       0.13534150       0.13534150
       0.21907860       0.13534150       0.13534150
       0.21907860       0.13534150       0.13534150
       0.21907860       0.13534150       0.13534150
       0.21907860       0.13534150       0.13534150
       0.21907860       0.13534150       0.13534150
       0.21907860       0.13534150       0.13534150
       0.21907860       0.13534150       0.13534150
       0.21907860       0.13534150       0.13534150
       0.21907860       0.13534150       0.13534150
       0.21907860       0.13534150       0.13534150
       0.21907860       0.13534150       0.13534150
       0.21907860       0.13534150       0.13534150
       0.21907860       0.13534150       0.13534150
       0.21907860       0.13534150       0.13534150
       0.21907860       0.13534150       0.13534150
       0.21907860       0.13534150       0.13534150
       0.21907860       0.13534150       0.13534150
       0.21907860       0.13534150       0.13534150
       0.21907860       0.13534150       0.13534150
       0.21907860       0.13534150       0.13534150
       0.21907860       0.13534150       0.13534150
       0.21907860       0.13534150       0.13534150
       0.21907860       0.13534150       0.13534150
       0.21907860       0.13534150       0.13534150
       0.21907860       0.13534150       0.13534150
       0.21907860       0.13534150       0.13534150
       0.21907860       0.13534150       0.13534150
       0.21907860       0.13534150       0.13534150
       0.21907860       0.13534150       0.13534150
       0.21907860       0.13534150       0.13534150
       0.21907860       0.13534150       0.13534150
       0.21907860       0.13534150       0.13534150
       0.21907860       0.13534150       0.13534150
       0.21907860       0.13534150       0.13534150
       0.21907860       0.13534150       0.13534150
       0.21907860       0.13534150       0.13534150
       0.21907860       0.13534150       0.13534150
       0.21907860       0.13534150       0.13534150
       0.21907860       0.13534150       0.13534150
       0.21907860       0.13534150       0.13534150
       0.21907860       0.13534150       0.13534150
       0.21907860       0.13534150       0.13534150
       0.21907860       0.13534150       0.13534150
       0.21907860       0.13534150       0.13534150
       0.21907860       0.13534150       0.13534150
       0.21907860       0.13534150       0.13534150
       0.21907860       0.13534150       0.13534150
       0.21907860       0.13534150       0.13534150
       0.21907860       0.13534150       0.13534150
       0.21907860       0.13534150       0.13534150
       0.21907860       0.13534150       0.13534150
       0.21907860       0.13534150       0.13534150
       0.21907860       0.13534150       0.13534150
       0.21907860       0.13534150       0.13534150
       0.21907860       0.13534150       0.13534150
       0.21907860       0.13534150       0.13534150
       0.21907860       0.13534150       0.13534150
       0.21907860       0.13534150       0.13534150
       0.21907860       0.13534150       0.13534150
       0.21907860       0.13534150       0.13534150
       0.21907860       0.13534150       0.13534150
       0.21907860       0.13534150       0.13534150
       0.21907860       0.13534150       0.13534150
       0.21907860       0.13534150       0.13534150
       0.21907860       0.13534150       0.13534150
       0.21907860       0.13534150       0.13534150
       0.21907860       0.13534150       0.13534150
       0.21907860       0.13534150       0.13534150
       0.21907860       0.13534150       0.13534150
       0.21907860       0.13534150       0.13534150
       0.21907860       0.13534150       0.13534150
       0.21907860       0.13534150       0.13534150
       0.21907860       0.13534150       0.13534150
       0.21907860       0.13534150       0.13534150
       0.21907860       0.13534150       0.13534150
       0.21907860       0.13534150       0.13534150
       0.21907860       0.13534150       0.13534150
       0.21907860       0.13534150       0.13534150
       0.21907860       0.13534150       0.13534150
       0.21907860       0.13534150       0.13534150
       0.21907860       0.13534150       0.13534150
       0.21907860       0.13534150       0.13534150
       0.21907860       0.13534150       0.13534150
       0.21907860       0.13534150       0.13534150
       0.21907860       0.13534150       0.13534150
       0.21907860       0.13534150       0.13534150
       0.21907860       0.13534150       0.13534150
       0.21907860       0.13534150       0.13534150
       0.21907860       0.13534150       0.13534150
       0.21907860       0.13534150       0.13534150
       0.21907860       0.13534150       0.13534150
       0.21907860       0.13534150       0.13534150
       0.21907860       0.13534150       0.13534150
       0.21907860       0.13534150       0.13534150
       0.21907860       0.13534150       0.13534150
       0.21907860       0.13534150       0.13534150
       0.21907860       0.13534150       0.13534150
       0.21907860       0.13534150       0.13534150
       0.21907860       0.13534150       0.13534150
       0.21907860       0.13534150       0.13534150
       0.21907860       0.13534150       0.13534150
       0.21907860       0.13534150       0.13534150
       0.21907860       0.13534150       0.13534150
       0.21907860       0.13534150       0.13534150
       0.21907860       0.13534150       0.13534150
       0.21907860       0.13534150       0.13534150
       0.21907860       0.13534150       0.13534150
       0.21907860       0.13534150       0.13534150
       0.21907860       0.13534150       0.13534150
       0.21907860       0.13534150       0.13534150
       0.21907860       0.13534150       0.13534150
       0.21907860       0.13534150       0.13534150
       0.21907860       0.13534150       0.13534150
       0.21907860       0.13534150       0.13534150
       0.21907860       0.13534150       0.13534150
       0.21907860       0.13534150       0.13534150
       0.21907860       0.13534151       0.13534150
       0.21907860       0.13534151       0.13534150
       0.21907860       0.13534151       0.13534151
       0.21907860       0.13534151       0.13534151
       0.21907860       0.13534151       0.13534151
       0.21907860       0.13534151       0.13534151
       0.21907860       0.13534151       0.13534151
       0.21907860       0.13534151       0.13534151
       0.21907860       0.13534151       0.13534151
       0.21907860       0.13534151       0.13534151
       0.21907860       0.13534151       0.13534151
       0.21907860       0.13534151       0.13534151
       0.21907860       0.13534151       0.13534151
       0.21907860       0.13534151       0.13534151
       0.21907860       0.13534151       0.13534151
       0.21907860       0.13534151       0.13534151
       0.21907860       0.13534151       0.13534151
       0.21907860       0.13534151       0.13534151
       0.21907860       0.13534151       0.13534151
       0.21907860       0.13534151       0.13534151
       0.21907860       0.13534151       0.13534151
       0.21907860       0.13534150       0.13534151
       0.21907860       0.13534150       0.13534150
       0.21907860       0.13534150       0.13534150
       0.21907860       0.13534150       0.13534150
       0.21907860       0.13534150       0.13534150
       0.21907860       0.13534150       0.13534150
       0.21907860       0.13534150       0.13534150
       0.21907860       0.13534150       0.13534150
       0.21907860       0.13534150       0.13534150
       0.21907860       0.13534150       0.13534150
       0.21907860       0.13534150       0.13534150
       0.21907860       0.13534150       0.13534150
       0.21907860       0.13534150       0.13534150
       0.21907860       0.13534151       0.13534150
       0.21907861       0.13534151       0.13534150
       0.21907861       0.13534151       0.13534150
       0.21907861       0.13534151       0.13534151
       0.21907862       0.13534152       0.13534151
       0.21907862       0.13534152       0.13534151
       0.21907863       0.13534153       0.13534152
       0.21907863       0.13534153       0.13534152
       0.21907864       0.13534154       0.13534153
       0.21907865       0.13534154       0.13534153
       0.21907866       0.13534155       0.13534154
       0.21907866       0.13534156       0.13534155
       0.21907867       0.13534157       0.13534155
       0.21907868       0.13534158       0.13534156
       0.21907869       0.13534158       0.13534157
       0.21907869       0.13534159       0.13534158
       0.21907870       0.13534160       0.13534159
       0.21907871       0.13534161       0.13534160
       0.21907871       0.13534162       0.13534161
       0.21907872       0.13534162       0.13534162
       0.21907872       0.13534163       0.13534162
       0.21907872       0.13534163       0.13534163
       0.21907872       0.13534163       0.13534163
       0.21907872       0.13534163       0.13534163
       0.21907872       0.13534163       0.13534164
       0.21907871       0.13534162       0.13534163
       0.21907870       0.13534161       0.13534163
       0.21907869       0.13534160       0.13534162
       0.21907868       0.13534159       0.13534161
       0.21907867       0.13534158       0.13534160
       0.21907865       0.13534156       0.13534158
       0.21907864       0.13534154       0.13534156
       0.21907862       0.13534152       0.13534154
       0.21907861       0.13534150       0.13534152
       0.21907860       0.13534148       0.13534149
       0.21907859       0.13534146       0.13534147
       0.21907858       0.13534144       0.13534144
       0.21907858       0.13534143       0.13534142
       0.21907859       0.13534142       0.13534140
       0.21907861       0.13534142       0.13534138
       0.21907864       0.13534142       0.13534137
       0.21907868       0.13534144       0.13534136
       0.21907874       0.13534147       0.13534137
       0.21907881       0.13534152       0.13534138
       0.21907890       0.13534158       0.13534141
       0.21907900       0.13534166       0.13534146
       0.21907913       0.13534176       0.13534152
       0.21907928       0.13534188       0.13534161
       0.21907946       0.13534202       0.13534172
       0.21907965       0.13534219       0.13534185
       0.21907987       0.13534239       0.13534201
       0.21908011       0.13534261       0.13534219
       0.21908037       0.13534285       0.13534240
       0.21908064       0.13534312       0.13534264
       0.21908094       0.13534340       0.13534291
       0.21908124       0.13534371       0.13534320
       0.21908155       0.13534403       0.13534351
       0.21908186       0.13534435       0.13534384
       0.21908217       0.13534468       0.13534418
       0.21908246       0.13534501       0.13534453
       0.21908274       0.13534532       0.13534489
       0.21908298       0.13534562       0.13534523
       0.21908319       0.13534588       0.13534556
       0.21908336       0.13534611       0.13534587
       0.21908347       0.13534628       0.13534614
       0.21908353       0.13534640       0.13534636
       0.21908351       0.13534644       0.13534653
       0.21908342       0.13534641       0.13534662
       0.21908326       0.13534629       0.13534663
       0.21908301       0.13534608       0.13534656
       0.21908269       0.13534577       0.13534638
       0.21908229       0.13534536       0.13534609
       0.21908183       0.13534486       0.13534569
       0.21908130       0.13534426       0.13534517
       0.21908074       0.13534358       0.13534454
       0.21908016       0.13534283       0.13534380
       0.21907959       0.13534203       0.13534296
       0.21907905       0.13534121       0.13534204
       0.21907860       0.13534040       0.13534106
       0.21907827       0.13533964       0.13534006
       0.21907811       0.13533897       0.13533906
       0.21907819       0.13533845       0.13533811
       0.21907855       0.13533814       0.13533726
       0.21907926       0.13533810       0.13533658
       0.21908040       0.13533841       0.13533612
       0.21908203       0.13533913       0.13533596
       0.21908423       0.13534034       0.13533618
       0.21908705       0.13534213       0.13533686
       0.21909057       0.13534458       0.13533809
       0.21909485       0.13534775       0.13533996
       0.21909994       0.13535172       0.13534254
       0.21910587       0.13535655       0.13534594
       0.21911268       0.13536230       0.13535022
       0.21912037       0.13536900       0.13535545
       0.21912894       0.13537666       0.13536168
       0.21913833       0.13538529       0.13536896
       0.21914851       0.13539486       0.13537730
       0.21915938       0.13540532       0.13538669
       0.21917081       0.13541657       0.13539711
       0.21918267       0.13542849       0.13540847
       0.21919477       0.13544093       0.13542068
       0.21920690       0.13545370       0.13543359
       0.21921881       0.13546655       0.13544703
       0.21923023       0.13547923       0.13546076
       0.21924087       0.13549143       0.13547453
       0.21925040       0.13550281       0.13548801
       0.21925851       0.13551301       0.13550086
       0.21926487       0.13552164       0.13551270
       0.21926915       0.13552833       0.13552310
       0.21927104       0.13553266       0.13553164
       0.21927028       0.13553426       0.13553787
       0.21926665       0.13553278       0.13554132
       0.21925998       0.13552790       0.13554158
       0.21925021       0.13551937       0.13553823
       0.21923738       0.13550704       0.13553092
       0.21922163       0.13549083       0.13551937
       0.21920326       0.13547082       0.13550337
       0.21918274       0.13544721       0.13548287
       0.21916072       0.13542040       0.13545792
       0.21913803       0.13539098       0.13542878
       0.21911575       0.13535973       0.13539586
       0.21909514       0.13532770       0.13535983
       0.21907773       0.13529617       0.13532159
       0.21906526       0.13526669       0.13528229
       0.21905970       0.13524106       0.13524338
       0.21906324       0.13522136       0.13520659
       0.21907824       0.13520992       0.13517397
       0.21910725       0.13520929       0.13514782
       0.21915291       0.13522225       0.13513077
       0.21921794       0.13525170       0.13512567
       0.21930505       0.13530069       0.13513561
       0.21941689       0.13537229       0.13516386
       0.21955596       0.13546955       0.13521380
       0.21972449       0.13559537       0.13528882
       0.21992438       0.13575243       0.13539227
       0.22015707       0.13594306       0.13552736
       0.22042341       0.13616913       0.13569697
       0.22072359       0.13643190       0.13590361
       0.22105701       0.13673192       0.13614922
       0.22142217       0.13706886       0.13643504
       0.22181659       0.13744143       0.13676147
       0.22223675       0.13784722       0.13712794
       0.22267798       0.13828264       0.13753275
       0.22313449       0.13874282       0.13797295
       0.22359931       0.13922157       0.13844427
       0.22406437       0.13971134       0.13894099
       0.22452052       0.14020326       0.13945593
       0.22495764       0.14068715       0.13998044
       0.22536480       0.14115167       0.14050438
       0.22573045       0.14158440       0.14101620
       0.22604261       0.14197207       0.14150308
       0.22628923       0.14230078       0.14195101
       0.22645846       0.14255628       0.14234505
       0.22653912       0.14272435       0.14266954
       0.22652110       0.14279115       0.14290841
       0.22639591       0.14274375       0.14304553
       0.22615730       0.14257059       0.14306515
       0.22580187       0.14226217       0.14295237
       0.22532982       0.14181167       0.14269373
       0.22474575       0.14121574       0.14227788
       0.22405947       0.14047536       0.14169641
       0.22328689       0.13959678       0.14094467
       0.22245085       0.13859252       0.14002294
       0.22158195       0.13748247       0.13893751
       0.22071928       0.13629490       0.13770209
       0.21991088       0.13506761       0.13633917
       0.21921404       0.13384878       0.13488157
       0.21869512       0.13269775       0.13337390
       0.21842888       0.13168533       0.13187385
       0.21849719       0.13089367       0.13045323
       0.21898696       0.13041540       0.12919843
       0.21998726       0.13035183       0.12821003
