6.425001413742212
4.329274066994665
-0.3452153252942991
2.23365042957377
-0.7171697681911763
0.2274882965972084
-0.3925896947766228
0.7368528599174252
-0.5373846120836119
-0.4088372149343998
0.3635175919525027
0.272415881339702
-0.0954314944392503
0.5186117344341699
0.3839396156538394
0.8707654350217861
-0.3497995783708182
-0.9102361325032865
-0.5674433504650562
0.6494477891748294
0.5012338076788962
0.1924575116971443
0.4575596758741619
-0.09915807085446326
0.1562647093335911
0.3823954699444954
0.1636646659844157
0.237357314161199
-0.6068762629029884
0.6612344591351244
0.7187554479085579
0.3959316413458898
0.195402647514766
0.03384733602798682
-0.2495276027108079
0.2133412529149863
0.385070131296539
-0.6893242845238148
-0.3607386116053368
-0.6583713365510908
-0.2492666886677187
-0.2733283292470754
-0.5273735685608025
0.3819902554097751
-0.1785652871788991
-0.6616979588101509
0.03503517028924185
-0.004697702975597285
-0.1788488191512592
0.4155793635194294
0.2917820840835949
-0.7717580912296636
-0.08616483515936641
0.3987558828786961
-0.260072056747856
-0.1891363689916184
0.02341788070363322
-0.5770013571785113
-0.8173601636687106
-0.5027709479779961
0.143973485313023
0.7232360689551633
-0.1089790951495251
-0.1547711349315417
0.4269066314878152
0.7270972348096546
0.3391082389881132
0.279967470402796
-0.4607097826153963
-0.2446130458250131
-0.5253493353341881
0.4719198079862091
-0.07803021472947749
0.2633686407215851
0.02308968365397561
0.2554720540328459
-1.009004002345484
0.3658003711547103
-0.04054374313949429
0.8960285534259746
0.6504925840844265
-0.1760299295044591
0.1222561311116207
-0.3075573426685903
-0.6370722257561436
-0.4106590742010004
0.1010884644063561
0.6046661972167257
-0.738497516036132
-0.3701511628972231
-0.02978503286636772
-0.09089378097524805
-0.3487253320303234
0.5546229623231647
0.08646000982515628
0.5927719022978281
-1.436901208329368
-0.040137644792958
-0.27070026495806
-0.5131754956964249
-0.0906556941201147
-0.5705323969476007
0.2495760123598688
-0.5911319484074013
0.8625537786348304
-0.1297218864919841
0.2495898947007371
-0.06436401982331869
0.2310655984711944
-0.1440191005736109
-0.3610688036753013
-0.8405442503507167
0.3385142981190667
-0.8594061006674129
-0.08219024128293256
-0.1774545667361504
-0.9562724982452522
-0.600051904599809
0.09146574896679279
-0.4517330782827209
-0.448771760615502
-0.2180002800563077
0.05758739305281666
-0.7880151535061821
-0.3047009656558676
-1.499209870965386
0.3734126416677664
-3.897857278736212