       0.24889123       0.13805985       0.13171944
       0.25021446       0.13867709       0.13178887
       0.25164731       0.13943863       0.13200288
       0.25318941       0.14034902       0.13236938
       0.25483968       0.14141198       0.13289536
       0.25659643       0.14263035       0.13358683
       0.25845734       0.14400607       0.13444867
       0.26041953       0.14554014       0.13548457
       0.26247962       0.14723259       0.13669699
       0.26463376       0.14908254       0.13808711
       0.26687773       0.15108817       0.13965483
       0.26920701       0.15324681       0.14139878
       0.27161686       0.15555495       0.14331639
       0.27410238       0.15800835       0.14540392
       0.27665862       0.16060207       0.14765658
       0.27928063       0.16333060       0.15006865
       0.28196354       0.16618792       0.15263357
       0.28470261       0.16916758       0.15534408
       0.28749329       0.17226282       0.15819238
       0.29033126       0.17546661       0.16117024
       0.29321245       0.17877180       0.16426912
       0.29613307       0.18217108       0.16748034
       0.29908961       0.18565716       0.17079512
       0.30207888       0.18922273       0.17420471
       0.30509794       0.19286054       0.17770044
       0.30814416       0.19656343       0.18127378
       0.31121515       0.20032436       0.18491641
       0.31430879       0.20413640       0.18862016
       0.31742320       0.20799278       0.19237711
       0.32055671       0.21188687       0.19617952
       0.32370788       0.21581221       0.20001986
       0.32687547       0.21976249       0.20389078
       0.33005847       0.22373161       0.20778512
       0.33325607       0.22771366       0.21169588
       0.33646768       0.23170292       0.21561622
       0.33969294       0.23569395       0.21953951
       0.34293174       0.23968155       0.22345928
       0.34618424       0.24366082       0.22736930
       0.34945084       0.24762720       0.23126361
       0.35273228       0.25157648       0.23513656
       0.35602954       0.25550489       0.23898284
       0.35934393       0.25940906       0.24279760
       0.36267707       0.26328611       0.24657643
       0.36603087       0.26713366       0.25031552
       0.36940750       0.27094986       0.25401163
       0.37280943       0.27473338       0.25766222
       0.37623933       0.27848346       0.26126543
       0.37970008       0.28219987       0.26482019
       0.38319470       0.28588295       0.26832620
       0.38672632       0.28953353       0.27178397
       0.39029810       0.29315294       0.27519482
       0.39391315       0.29674300       0.27856086
       0.39757452       0.30030590       0.28188497
       0.40128504       0.30384421       0.28517078
       0.40504734       0.30736079       0.28842258
       0.40886369       0.31085874       0.29164532
       0.41273596       0.31434130       0.29484444
       0.41666554       0.31781181       0.29802587
       0.42065328       0.32127359       0.30119589
       0.42469938       0.32472988       0.30436102
       0.42880337       0.32818375       0.30752794
       0.43296404       0.33163803       0.31070333
       0.43717934       0.33509522       0.31389380
       0.44144643       0.33855737       0.31710572
       0.44576157       0.34202610       0.32034513
       0.45012011       0.34550242       0.32361761
       0.45451649       0.34898674       0.32692817
       0.45894425       0.35247881       0.33028110
       0.46339600       0.35597761       0.33367993
       0.46786347       0.35948137       0.33712728
       0.47233750       0.36298753       0.34062481
       0.47680815       0.36649268       0.34417310
       0.48126467       0.36999258       0.34777164
       0.48569562       0.37348216       0.35141873
       0.49008891       0.37695549       0.35511151
       0.49443187       0.38040586       0.35884586
       0.49871138       0.38382575       0.36261647
       0.50291389       0.38720688       0.36641679
       0.50702557       0.39054027       0.37023911
       0.51103239       0.39381629       0.37407456
       0.51492020       0.39702469       0.37791317
       0.51867486       0.40015470       0.38174395
       0.52228232       0.40319507       0.38555495
       0.52572869       0.40613413       0.38933336
       0.52900039       0.40895989       0.39306557
       0.53208420       0.41166008       0.39673727
       0.53496732       0.41422224       0.40033356
       0.53763751       0.41663374       0.40383906
       0.54008309       0.41888191       0.40723794
       0.54229305       0.42095403       0.41051407
       0.54425710       0.42283741       0.41365107
       0.54596569       0.42451942       0.41663241
       0.54741010       0.42598754       0.41944142
       0.54858243       0.42722938       0.42206142
       0.54947566       0.42823269       0.42447570
       0.55008370       0.42898540       0.42666760
       0.55040137       0.42947559       0.42862049
       0.55042444       0.42969155       0.43031777
       0.55014968       0.42962171       0.43174292
       0.54957487       0.42925467       0.43287938
       0.54869884       0.42857917       0.43371060
       0.54752148       0.42758409       0.43421996
       0.54604383       0.42625844       0.43439067
       0.54426811       0.42459132       0.43420575
       0.54219778       0.42257194       0.43364791
       0.53983767       0.42018961       0.43269947
       0.53719406       0.41743377       0.43134225
       0.53427484       0.41429401       0.42955748
       0.53108963       0.41076014       0.42732570
       0.52765004       0.40682225       0.42462667
       0.52396986       0.40247090       0.42143929
       0.52006536       0.39769725       0.41774158
       0.51595561       0.39249333       0.41351066
       0.51166285       0.38685234       0.40872284
       0.50721295       0.38076911       0.40335374
       0.50263584       0.37424062       0.39737862
       0.49796610       0.36726664       0.39077274
       0.49324349       0.35985059       0.38351202
       0.48851360       0.35200055       0.37557397
       0.48382841       0.34373045       0.36693885
       0.47924698       0.33506151       0.35759134
       0.47483589       0.32602392       0.34752266
       0.47066973       0.31665868       0.33673325
       0.46683123       0.30701974       0.32523617
       0.46341122       0.29717619       0.31306116
       0.46050801       0.28721454       0.30025948
       0.45822629       0.27724084       0.28690944
       0.45667522       0.26738253       0.27312244
       0.45596556       0.25778959       0.25904919
       0.45620577       0.24863458       0.24488559
       0.45749688       0.24011138       0.23087751
       0.45992612       0.23243170       0.21732326
       0.46355956       0.22581934       0.20457273
       0.46843378       0.22050150       0.19302138
       0.47454752       0.21669722       0.18309822
       0.48185371       0.21460319       0.17524632
       0.49025321       0.21437763       0.16989620
       0.49959107       0.21612363       0.16743284
       0.50965679       0.21987387       0.16815897
       0.52018904       0.22557871       0.17225882
       0.53088537       0.23310007       0.17976728
       0.54141668       0.24221256       0.19054993
       0.55144509       0.25261297       0.20429851
       0.56064376       0.26393729       0.22054403
       0.56871635       0.27578405       0.23868715
       0.57541401       0.28774079       0.25804225
       0.58054800       0.29941081       0.27788919
       0.58399693       0.31043675       0.29752578
       0.58570815       0.32051875       0.31631428
       0.58569385       0.32942580       0.33371679
       0.58402297       0.33699990       0.34931701
       0.58081040       0.34315398       0.36282815
       0.57620485       0.34786487       0.37408866
       0.57037676       0.35116309       0.38304903
       0.56350736       0.35312120       0.38975293
       0.55577929       0.35384189       0.39431594
       0.54736933       0.35344717       0.39690448
       0.53844300       0.35206894       0.39771672
       0.52915111       0.34984142       0.39696646
       0.51962784       0.34689552       0.39487039
       0.50999004       0.34335473       0.39163865
       0.50033747       0.33933260       0.38746836
       0.49075370       0.33493132       0.38253965
       0.48130742       0.33024118       0.37701358
       0.47205392       0.32534075       0.37103158
       0.46303674       0.32029737       0.36471587
       0.45428921       0.31516805       0.35817056
       0.44583597       0.31000042       0.35148318
       0.43769434       0.30483375       0.34472635
       0.42987556       0.29970001       0.33795956
       0.42238589       0.29462484       0.33123086
       0.41522757       0.28962842       0.32457846
       0.40839960       0.28472635       0.31803222
       0.40189846       0.27993032       0.31161492
       0.39571868       0.27524879       0.30534343
       0.38985335       0.27068753       0.29922973
       0.38429449       0.26625013       0.29328176
       0.37903343       0.26193838       0.28750414
       0.37406104       0.25775263       0.28189885
       0.36936798       0.25369215       0.27646573
       0.36494487       0.24975533       0.27120295
       0.36078244       0.24593990       0.26610738
       0.35687168       0.24224320       0.26117491
       0.35320387       0.23866223       0.25640075
       0.34977071       0.23519390       0.25177965
       0.34656434       0.23183510       0.24730610
       0.34357742       0.22858279       0.24297452
       0.34080310       0.22543414       0.23877939
       0.33823510       0.22238661       0.23471541
       0.33586770       0.21943799       0.23077762
       0.33369570       0.21658650       0.22696149
       0.33171447       0.21383083       0.22326307
       0.32991989       0.21117020       0.21967901
       0.32830833       0.20860441       0.21620672
       0.32687663       0.20613387       0.21284441
       0.32562203       0.20375960       0.20959120
       0.32454214       0.20148331       0.20644714
       0.32363487       0.19930734       0.20341328
       0.32289832       0.19723471       0.20049176
       0.32233075       0.19526908       0.19768580
       0.32193046       0.19341471       0.19499971
       0.32169566       0.19167643       0.19243895
       0.32162440       0.19005959       0.19001004
       0.32171442       0.18856992       0.18772056
       0.32196303       0.18721349       0.18557905
       0.32236699       0.18599657       0.18359494
       0.32292234       0.18492547       0.18177834
       0.32362430       0.18400641       0.18013995
       0.32446715       0.18324529       0.17869079
       0.32544405       0.18264758       0.17744197
       0.32654702       0.18221802       0.17640439
       0.32776679       0.18196050       0.17558844
       0.32909276       0.18187778       0.17500366
       0.33051298       0.18197131       0.17465835
       0.33201410       0.18224107       0.17455925
       0.33358148       0.18268532       0.17471113
       0.33519919       0.18330054       0.17511649
       0.33685019       0.18408127       0.17577521
       0.33851644       0.18502005       0.17668430
       0.34017910       0.18610744       0.17783770
       0.34181880       0.18733203       0.17922616
       0.34341585       0.18868052       0.18083717
       0.34495055       0.19013792       0.18265505
       0.34640352       0.19168768       0.18466106
       0.34775592       0.19331202       0.18683365
       0.34898987       0.19499215       0.18914881
       0.35008862       0.19670861       0.19158045
       0.35103693       0.19844164       0.19410092
       0.35182122       0.20017150       0.19668148
       0.35242979       0.20187879       0.19929289
       0.35285302       0.20354486       0.20190595
       0.35308340       0.20515201       0.20449207
       0.35311566       0.20668385       0.20702377
       0.35294670       0.20812547       0.20947514
       0.35257563       0.20946366       0.21182228
       0.35200364       0.21068699       0.21404360
       0.35123388       0.21178597       0.21612010
       0.35027132       0.21275301       0.21803552
       0.34912259       0.21358245       0.21977647
       0.34779576       0.21427048       0.22133243
       0.34630012       0.21481510       0.22269570
       0.34464601       0.21521595       0.22386131
       0.34284460       0.21547420       0.22482687
       0.34090765       0.21559242       0.22559235
       0.33884734       0.21557434       0.22615988
       0.33667612       0.21542478       0.22653350
       0.33440646       0.21514939       0.22671891
       0.33205080       0.21475457       0.22672322
       0.32962135       0.21424724       0.22655471
       0.32712999       0.21363474       0.22622257
       0.32458819       0.21292467       0.22573670
       0.32200693       0.21212478       0.22510749
       0.31939665       0.21124288       0.22434565
       0.31676714       0.21028671       0.22346202
       0.31412761       0.20926386       0.22246744
       0.31148657       0.20818175       0.22137263
       0.30885189       0.20704750       0.22018809
       0.30623075       0.20586795       0.21892396
       0.30362969       0.20464958       0.21759004
       0.30105457       0.20339851       0.21619566
       0.29851065       0.20212047       0.21474965
       0.29600254       0.20082079       0.21326034
       0.29353430       0.19950438       0.21173552
       0.29110940       0.19817575       0.21018244
       0.28873080       0.19683902       0.20860778
       0.28640094       0.19549788       0.20701769
       0.28412180       0.19415565       0.20541777
       0.28189492       0.19281528       0.20381309
       0.27972140       0.19147935       0.20220822
       0.27760201       0.19015007       0.20060721
       0.27553712       0.18882936       0.19901366
       0.27352679       0.18751879       0.19743070
       0.27157079       0.18621963       0.19586104
       0.26966862       0.18493290       0.19430697
       0.26781952       0.18365932       0.19277039
       0.26602251       0.18239938       0.19125284
       0.26427643       0.18115333       0.18975550
       0.26257992       0.17992123       0.18827925
       0.26093148       0.17870291       0.18682465
       0.25932947       0.17749804       0.18539198
       0.25777215       0.17630612       0.18398127
       0.25625766       0.17512649       0.18259230
       0.25478408       0.17395838       0.18122462
       0.25334943       0.17280088       0.17987757
       0.25195169       0.17165299       0.17855031
       0.25058880       0.17051359       0.17724184
       0.24925871       0.16938152       0.17595097
       0.24795937       0.16825554       0.17467640
       0.24668875       0.16713437       0.17341669
       0.24544486       0.16601668       0.17217029
       0.24422576       0.16490115       0.17093556
       0.24302958       0.16378641       0.16971078
       0.24185455       0.16267113       0.16849415
       0.24069896       0.16155399       0.16728385
       0.23956124       0.16043371       0.16607798
       0.23843994       0.15930906       0.16487465
       0.23733375       0.15817886       0.16367195
       0.23624152       0.15704202       0.16246798
       0.23516225       0.15589754       0.16126085
       0.23409515       0.15474453       0.16004873
       0.23303960       0.15358222       0.15882981
       0.23199521       0.15240999       0.15760239
       0.23096182       0.15122735       0.15636483
       0.22993950       0.15003401       0.15511561
       0.22892855       0.14882987       0.15385331
       0.22792958       0.14761500       0.15257667
       0.22694345       0.14638974       0.15128460
       0.22597131       0.14515464       0.14997619
       0.22501461       0.14391053       0.14865071
       0.22407513       0.14265851       0.14730770
       0.22315495       0.14139998       0.14594693
       0.22225649       0.14013664       0.14456844
       0.22138250       0.13887056       0.14317259
       0.22053607       0.13760413       0.14176007
       0.21972065       0.13634011       0.14033192
       0.21894001       0.13508166       0.13888956
       0.21819829       0.13383234       0.13743482
       0.21749996       0.13259612       0.13597000
       0.21684982       0.13137739       0.13449784
       0.21625300       0.13018099       0.13302158
       0.21571493       0.12901219       0.13154500
       0.21524136       0.12787673       0.13007242
       0.21483828       0.12678079       0.12860871
       0.21451194       0.12573099       0.12715938
       0.21426879       0.12473441       0.12573050
       0.21411547       0.12379854       0.12432879
       0.21405876       0.12293129       0.12296159
       0.21410552       0.12214097       0.12163689
       0.21426263       0.12143622       0.12036329
       0.21453699       0.12082602       0.11915001
       0.21493538       0.12031961       0.11800687
       0.21546445       0.11992646       0.11694426
       0.21613063       0.11965619       0.11597307
       0.21694006       0.11951852       0.11510470
       0.21789849       0.11952318       0.11435091
       0.21901123       0.11967982       0.11372384
       0.22028306       0.11999793       0.11323584
       0.22171814       0.12048674       0.11289939
       0.22331994       0.12115509       0.11272702
       0.22509115       0.12201136       0.11273114
       0.22703364       0.12306334       0.11292391
       0.22914835       0.12431809       0.11331711
       0.23143524       0.12578186       0.11392196
       0.23389328       0.12745996       0.11474900
       0.23652037       0.12935666       0.11580784
       0.23931330       0.13147508       0.11710709
       0.24226780       0.13381708       0.11865414
       0.24537847       0.13638321       0.12045500
       0.24863883       0.13917264       0.12251417
       0.25204135       0.14218306       0.12483452
       0.25557752       0.14541070       0.12741709
       0.25923787       0.14885026       0.13026110
       0.26301207       0.15249497       0.13336378
       0.26688908       0.15633656       0.13672036
       0.27085717       0.16036535       0.14032405
       0.27490414       0.16457028       0.14416600
       0.27901738       0.16893906       0.14823541
       0.28318409       0.17345819       0.15251952
       0.28739139       0.17811321       0.15700379
       0.29162650       0.18288873       0.16167196
       0.29587688       0.18776871       0.16650627
       0.30013043       0.19273656       0.17148762
       0.30437564       0.19777536       0.17659579
       0.30860172       0.20286806       0.18180968
       0.31279876       0.20799769       0.18710760
       0.31695787       0.21314753       0.19246748
       0.32107127       0.21830136       0.19786717
       0.32513243       0.22344359       0.20328475
       0.32913612       0.22855949       0.20869875
       0.33307847       0.23363533       0.21408846
       0.33695705       0.23865852       0.21943417
       0.34077083       0.24361776       0.22471740
       0.34452025       0.24850314       0.22992111
       0.34820714       0.25330624       0.23502991
       0.35183469       0.25802015       0.24003019
       0.35540741       0.26263955       0.24491027
       0.35893105       0.26716070       0.24966049
       0.36241247       0.27158144       0.25427327
       0.36585960       0.27590119       0.25874315
       0.36928123       0.28012082       0.26306679
       0.37268698       0.28424268       0.26724293
       0.37608708       0.28827044       0.27127238
       0.37949229       0.29220903       0.27515789
       0.38291373       0.29606454       0.27890409
       0.38636272       0.29984405       0.28251734
       0.38985068       0.30355555       0.28600565
       0.39338893       0.30720780       0.28937846
       0.39698860       0.31081018       0.29264656
       0.40066047       0.31437254       0.29582187
       0.40441484       0.31790511       0.29891729
       0.40826139       0.32141830       0.30194656
       0.41220913       0.32492261       0.30492400
       0.41626621       0.32842846       0.30786442
       0.42043987       0.33194608       0.31078288
       0.42473635       0.33548540       0.31369455
       0.42916078       0.33905590       0.31661452
       0.43371715       0.34266648       0.31955761
       0.43840826       0.34632544       0.32253827
       0.44323562       0.35004027       0.32557031
       0.44819950       0.35381763       0.32866686
       0.45329885       0.35766328       0.33184012
       0.45853135       0.36158196       0.33510130
       0.46389337       0.36557736       0.33846044
       0.46938004       0.36965210       0.34192633
       0.47498529       0.37380764       0.34550639
       0.48070187       0.37804435       0.34920658
       0.48652144       0.38236140       0.35303135
       0.49243468       0.38675687       0.35698360
       0.49843133       0.39122772       0.36106463
       0.50450030       0.39576984       0.36527415
       0.51062981       0.40037812       0.36961030
       0.51680750       0.40504649       0.37406967
       0.52302052       0.40976803       0.37864740
       0.52925566       0.41453504       0.38333724
       0.53549951       0.41933914       0.38813162
       0.54173853       0.42417136       0.39302183
       0.54795920       0.42902228       0.39799811
       0.55414812       0.43388208       0.40304977
       0.56029212       0.43874072       0.40816540
       0.56637835       0.44358801       0.41333297
       0.57239434       0.44841369       0.41854001
       0.57832815       0.45320758       0.42377376
       0.58416834       0.45795964       0.42902129
       0.58990410       0.46266003       0.43426967
       0.59552524       0.46729925       0.43950609
       0.60102227       0.47186811       0.44471795
       0.60638637       0.47635789       0.44989300
       0.61160942       0.48076028       0.45501942
       0.61668405       0.48506748       0.46008585
       0.62160354       0.48927220       0.46508151
       0.62636191       0.49336770       0.46999622
       0.63095383       0.49734773       0.47482043
       0.63537462       0.50120664       0.47954525
       0.63962026       0.50493925       0.48416244
       0.64368729       0.50854093       0.48866445
       0.64757285       0.51200756       0.49304436
       0.65127461       0.51533548       0.49729593
       0.65479075       0.51852152       0.50141353
       0.65811991       0.52156293       0.50539212
       0.66126118       0.52445736       0.50922727
       0.66421404       0.52720288       0.51291506
       0.66697838       0.52979787       0.51645213
       0.66955439       0.53224107       0.51983555
       0.67194259       0.53453150       0.52306289
       0.67414379       0.53666846       0.52613212
       0.67615903       0.53865149       0.52904160
       0.67798958       0.54048033       0.53179003
       0.67963691       0.54215492       0.53437644
       0.68110265       0.54367535       0.53680017
       0.68238857       0.54504184       0.53906079
       0.68349656       0.54625472       0.54115813
       0.68442859       0.54731439       0.54309218
       0.68518671       0.54822130       0.54486314
       0.68577300       0.54897592       0.54647132
       0.68618957       0.54957873       0.54791716
       0.68643852       0.55003018       0.54920116
       0.68652193       0.55033066       0.55032389
       0.68644184       0.55048048       0.55128593
       0.68620022       0.55047985       0.55208785
       0.68579896       0.55032885       0.55273018
       0.68523984       0.55002738       0.55321338
       0.68452455       0.54957519       0.55353781
       0.68365462       0.54897178       0.55370369
       0.68263144       0.54821644       0.55371107
       0.68145624       0.54730817       0.55355979
       0.68013009       0.54624568       0.55324945
       0.67865386       0.54502734       0.55277938
       0.67702822       0.54365119       0.55214858
       0.67525365       0.54211485       0.55135571
       0.67333044       0.54041553       0.55039898
       0.67125865       0.53854999       0.54927620
       0.66903814       0.53651449       0.54798463
       0.66666859       0.53430478       0.54652102
       0.66414947       0.53191604       0.54488146
       0.66148006       0.52934286       0.54306138
       0.65865952       0.52657920       0.54105548
       0.65568685       0.52361836       0.53885762
       0.65256097       0.52045293       0.53646077
       0.64928073       0.51707477       0.53385691
       0.64584500       0.51347499       0.53103697
       0.64225273       0.50964387       0.52799067
       0.63850301       0.50557094       0.52470648
       0.63459520       0.50124485       0.52117145
       0.63052907       0.49665346       0.51737114
       0.62630489       0.49178381       0.51328947
       0.62192369       0.48662218       0.50890859
       0.61738743       0.48115412       0.50420876
       0.61269923       0.47536455       0.49916824
       0.60786375       0.46923793       0.49376317
       0.60288747       0.46275840       0.48796747
       0.59777914       0.45591007       0.48175282
       0.59255024       0.44867736       0.47508864
       0.58721556       0.44104542       0.46794220
       0.58179376       0.43300073       0.46027875
       0.57630813       0.42453184       0.45206191
       0.57078735       0.41563023       0.44325422
       0.56526631       0.40629150       0.43381792
       0.55978704       0.39651672       0.42371615
       0.55439964       0.38631413       0.41291457
       0.54916315       0.37570111       0.40138355
       0.54414643       0.36470650       0.38910109
       0.53942882       0.35337327       0.37605656
       0.53510050       0.34176144       0.36225540
       0.53126247       0.32995125       0.34772497
       0.52802584       0.31804635       0.33252139
       0.52551030       0.30617683       0.31673750
       0.52384144       0.29450165       0.30051152
       0.52314676       0.28321009       0.28403592
       0.52355002       0.27252153       0.26756557
       0.52516389       0.26268285       0.25142389
       0.52808098       0.25396274       0.23600524
       0.53236328       0.24664224       0.22177136
       0.53803090       0.24100103       0.20923981
       0.54505091       0.23729968       0.19896240
       0.55332761       0.23575846       0.19149282
       0.56269598       0.23653447       0.18734404
       0.57291978       0.23969947       0.18693853
       0.58369591       0.24522170       0.19055667
       0.59466559       0.25295493       0.19829083
       0.60543234       0.26263757       0.21001339
       0.61558527       0.27390352       0.22536597
       0.62472530       0.28630422       0.24377426
       0.63249123       0.29933984       0.26448814
       0.63858250       0.31249540       0.28664209
       0.64277580       0.32527714       0.30932688
       0.64493405       0.33724429       0.33166186
       0.64500733       0.34803288       0.35285779
       0.64302656       0.35736964       0.37226288
       0.63909180       0.36507587       0.38938882
       0.63335714       0.37106279       0.40391713
       0.62601447       0.37532060       0.41568916
       0.61727793       0.37790382       0.42468474
       0.60737009       0.37891531       0.43099455
       0.59651087       0.37849078       0.43479084
       0.58490921       0.37678514       0.43629968
       0.57275740       0.37396120       0.43577708
       0.56022778       0.37018100       0.43348968
       0.54747134       0.36559965       0.42970040
       0.53461769       0.36036121       0.42465844
       0.52177601       0.35459646       0.41859302
       0.50903666       0.34842184       0.41171004
       0.49647311       0.34193946       0.40419103
       0.48414393       0.33523765       0.39619345
       0.47209492       0.32839203       0.38785210
       0.46036092       0.32146666       0.37928108
       0.44896763       0.31451532       0.37057591
       0.43793313       0.30758282       0.36181588
       0.42726926       0.30070615       0.35306617
       0.41698274       0.29391563       0.34437992
       0.40707623       0.28723586       0.33580003
       0.39754909       0.28068661       0.32736077
       0.38839812       0.27428357       0.31908922
       0.37961809       0.26803898       0.31100645
       0.37120223       0.26196224       0.30312855
       0.36314261       0.25606030       0.29546751
       0.35543042       0.25033814       0.28803192
       0.34805627       0.24479906       0.28082759
       0.34101032       0.23944496       0.27385806
       0.33428253       0.23427659       0.26712502
       0.32786267       0.22929375       0.26062863
       0.32174053       0.22449545       0.25436782
       0.31590592       0.21988003       0.24834055
       0.31034878       0.21544532       0.24254397
       0.30505919       0.21118870       0.23697458
       0.30002742       0.20710719       0.23162841
       0.29524396       0.20319752       0.22650104
       0.29069953       0.19945621       0.22158780
       0.28638511       0.19587957       0.21688375
       0.28229190       0.19246379       0.21238378
       0.27841139       0.18920494       0.20808268
       0.27473533       0.18609903       0.20397515
       0.27125571       0.18314201       0.20005582
       0.26796480       0.18032979       0.19631933
       0.26485511       0.17765828       0.19276031
       0.26191941       0.17512339       0.18937342
       0.25915073       0.17272102       0.18615336
       0.25654232       0.17044714       0.18309487
       0.25408767       0.16829772       0.18019276
       0.25178051       0.16626878       0.17744191
       0.24961481       0.16435639       0.17483729
       0.24758472       0.16255668       0.17237393
       0.24568464       0.16086583       0.17004696
       0.24390917       0.15928009       0.16785160
       0.24225309       0.15779577       0.16578318
       0.24071140       0.15640926       0.16383710
       0.23927930       0.15511702       0.16200889
       0.23795214       0.15391556       0.16029415
       0.23672548       0.15280151       0.15868862
       0.23559504       0.15177154       0.15718812
       0.23455672       0.15082240       0.15578858
       0.23360656       0.14995095       0.15448604
       0.23274078       0.14915409       0.15327665
       0.23195575       0.14842882       0.15215665
       0.23124797       0.14777222       0.15112242
       0.23061409       0.14718144       0.15017041
       0.23005089       0.14665370       0.14929721
       0.22955529       0.14618632       0.14849949
       0.22912431       0.14577667       0.14777404
       0.22875511       0.14542222       0.14711776
       0.22844495       0.14512048       0.14652763
       0.22819118       0.14486907       0.14600075
       0.22799127       0.14466564       0.14553433
       0.22784277       0.14450792       0.14512564
       0.22774332       0.14439372       0.14477208
       0.22769062       0.14432088       0.14447112
       0.22768246       0.14428731       0.14422033
       0.22771670       0.14429099       0.14401736
       0.22779126       0.14432992       0.14385995
       0.22790408       0.14440217       0.14374590
       0.22805319       0.14450584       0.14367308
       0.22823665       0.14463908       0.14363946
       0.22845254       0.14480006       0.14364303
       0.22869900       0.14498700       0.14368187
       0.22897416       0.14519814       0.14375410
       0.22927620       0.14543174       0.14385788
       0.22960332       0.14568609       0.14399142
       0.22995370       0.14595948       0.14415297
       0.23032557       0.14625022       0.14434079
       0.23071714       0.14655665       0.14455320
       0.23112663       0.14687708       0.14478850
       0.23155227       0.14720986       0.14504504
       0.23199226       0.14755331       0.14532115
       0.23244484       0.14790577       0.14561518
       0.23290822       0.14826556       0.14592548
       0.23338060       0.14863102       0.14625038
       0.23386020       0.14900045       0.14658823
       0.23434521       0.14937217       0.14693735
       0.23483386       0.14974447       0.14729603
       0.23532432       0.15011564       0.14766256
       0.23581482       0.15048398       0.14803521
       0.23630357       0.15084775       0.14841223
       0.23678877       0.15120522       0.14879182
       0.23726866       0.15155465       0.14917217
       0.23774150       0.15189430       0.14955147
       0.23820554       0.15222243       0.14992783
       0.23865908       0.15253730       0.15029938
       0.23910045       0.15283716       0.15066420
       0.23952801       0.15312031       0.15102036
       0.23994018       0.15338501       0.15136590
       0.24033542       0.15362958       0.15169884
       0.24071224       0.15385234       0.15201720
       0.24106925       0.15405165       0.15231898
       0.24140510       0.15422590       0.15260216
       0.24171855       0.15437352       0.15286473
       0.24200843       0.15449300       0.15310469
       0.24227371       0.15458289       0.15332004
       0.24251343       0.15464178       0.15350879
       0.24272678       0.15466836       0.15366899
       0.24291307       0.15466139       0.15379872
       0.24307178       0.15461974       0.15389609
       0.24320250       0.15454237       0.15395926
       0.24330502       0.15442837       0.15398646
       0.24337929       0.15427693       0.15397600
       0.24342547       0.15408743       0.15392627
       0.24344388       0.15385936       0.15383574
       0.24343509       0.15359239       0.15370302
       0.24339986       0.15328640       0.15352684
       0.24333919       0.15294143       0.15330608
       0.24325434       0.15255775       0.15303977
       0.24314680       0.15213588       0.15272713
       0.24301833       0.15167655       0.15236760
       0.24287094       0.15118077       0.15196083
       0.24270694       0.15064985       0.15150671
       0.24252891       0.15008537       0.15100544
       0.24233971       0.14948923       0.15045747
       0.24214250       0.14886368       0.14986360
       0.24194072       0.14821131       0.14922499
       0.24173809       0.14753505       0.14854316
       0.24153863       0.14683824       0.14782005
       0.24134661       0.14612460       0.14705803
       0.24116659       0.14539823       0.14625993
       0.24100335       0.14466367       0.14542906
       0.24086194       0.14392584       0.14456925
       0.24074757       0.14319009       0.14368487
       0.24066568       0.14246218       0.14278084
       0.24062184       0.14174827       0.14186262
       0.24062172       0.14105491       0.14093628
       0.24067112       0.14038900       0.14000845
       0.24077581       0.13975781       0.13908634
       0.24094160       0.13916890       0.13817771
       0.24117419       0.13863013       0.13729087
       0.24147920       0.13814955       0.13643464
       0.24186204       0.13773541       0.13561831
       0.24232789       0.13739605       0.13485156
       0.24288163       0.13713986       0.13414443
       0.24352778       0.13697519       0.13350722
       0.24427045       0.13691026       0.13295040
       0.24511327       0.13695311       0.13248450
       0.24605932       0.13711148       0.13212002
       0.24711115       0.13739272       0.13186727
       0.24827066       0.13780370       0.13173627
       0.24953914       0.13835075       0.13173661
       0.25091719       0.13903952       0.13187728
       0.25240476       0.13987497       0.13216661
       0.25400111       0.14086123       0.13261203
       0.25570487       0.14200159       0.13322008
       0.25751403       0.14329846       0.13399619
       0.25942597       0.14475329       0.13494468
       0.26143757       0.14636660       0.13606861
       0.26354519       0.14813797       0.13736981
       0.26574479       0.15006604       0.13884882
       0.26803200       0.15214856       0.14050491
       0.27040217       0.15438244       0.14233608
       0.27285047       0.15676378       0.14433919
       0.27537197       0.15928800       0.14650994
       0.27796171       0.16194985       0.14884308
       0.28061477       0.16474356       0.15133244
       0.28332634       0.16766287       0.15397110
       0.28609178       0.17070119       0.15675151
       0.28890663       0.17385159       0.15966564
       0.29176670       0.17710699       0.16270509
       0.29466806       0.18046013       0.16586124
       0.29760706       0.18390373       0.16912534
       0.30058035       0.18743046       0.17248861
       0.30358486       0.19103305       0.17594234
       0.30661781       0.19470429       0.17947793
       0.30967669       0.19843708       0.18308695
       0.31275926       0.20222442       0.18676114
       0.31586351       0.20605947       0.19049247
       0.31898766       0.20993552       0.19427310
       0.32213017       0.21384603       0.19809541
       0.32528969       0.21778462       0.20195195
       0.32846510       0.22174507       0.20583547
       0.33165549       0.22572138       0.20973888
       0.33486015       0.22970774       0.21365527
       0.33807861       0.23369855       0.21757791
       0.34131064       0.23768849       0.22150023
       0.34455626       0.24167252       0.22541589
       0.34781574       0.24564589       0.22931878
       0.35108965       0.24960422       0.23320310
       0.35437885       0.25354352       0.23706335
       0.35768450       0.25746019       0.24089445
       0.36100805       0.26135113       0.24469176
       0.36435126       0.26521370       0.24845116
       0.36771618       0.26904577       0.25216912
       0.37110514       0.27284576       0.25584275
       0.37452071       0.27661262       0.25946983
       0.37796566       0.28034586       0.26304890
       0.38144296       0.28404554       0.26657927
       0.38495569       0.28771223       0.27006105
       0.38850700       0.29134703       0.27349515
       0.39210002       0.29495151       0.27688328
       0.39573786       0.29852769       0.28022794
       0.39942346       0.30207795       0.28353241
       0.40315957       0.30560503       0.28680064
       0.40694863       0.30911189       0.29003726
       0.41079273       0.31260174       0.29324747
       0.41469352       0.31607785       0.29643698
       0.41865211       0.31954358       0.29961190
       0.42266905       0.32300222       0.30277865
       0.42674420       0.32645693       0.30594384
       0.43087673       0.32991068       0.30911416
       0.43506502       0.33336612       0.31229627
       0.43930663       0.33682556       0.31549669
       0.44359827       0.34029084       0.31872163
       0.44793574       0.34376327       0.32197691
       0.45231395       0.34724358       0.32526784
       0.45672689       0.35073185       0.32859910
       0.46116763       0.35422746       0.33197459
       0.46562832       0.35772901       0.33539741
       0.47010027       0.36123435       0.33886971
       0.47457390       0.36474048       0.34239261
       0.47903888       0.36824358       0.34596616
       0.48348408       0.37173901       0.34958927
       0.48789775       0.37522126       0.35325964
       0.49226749       0.37868400       0.35697379
       0.49658040       0.38212011       0.36072701
       0.50082312       0.38552170       0.36451337
       0.50498196       0.38888013       0.36832573
       0.50904297       0.39218608       0.37215579
       0.51299206       0.39542960       0.37599413
       0.51681506       0.39860019       0.37983026
       0.52049786       0.40168681       0.38365270
       0.52402650       0.40467801       0.38744907
       0.52738721       0.40756194       0.39120612
       0.53056659       0.41032646       0.39490990
       0.53355162       0.41295920       0.39854579
       0.53632977       0.41544761       0.40209864
       0.53888908       0.41777904       0.40555283
       0.54121818       0.41994077       0.40889237
       0.54330643       0.42192010       0.41210100
       0.54514389       0.42370437       0.41516224
       0.54672143       0.42528100       0.41805949
       0.54803073       0.42663751       0.42077609
       0.54906434       0.42776161       0.42329532
       0.54981568       0.42864112       0.42560049
       0.55027912       0.42926405       0.42767496
       0.55044995       0.42961858       0.42950212
       0.55032445       0.42969307       0.43106540
       0.54989988       0.42947605       0.43234827
       0.54917454       0.42895617       0.43333418
       0.54814779       0.42812227       0.43400656
       0.54682009       0.42696327       0.43434870
       0.54519304       0.42546824       0.43434374
       0.54326950       0.42362633       0.43397454
       0.54105359       0.42142681       0.43322364
       0.53855085       0.41885903       0.43207311
       0.53576834       0.41591252       0.43050450
       0.53271481       0.41257697       0.42849871
       0.52940083       0.40884230       0.42603589
       0.52583907       0.40469883       0.42309537
       0.52204453       0.40013739       0.41965563
       0.51803483       0.39514953       0.41569423
       0.51383058       0.38972783       0.41118787
       0.50945577       0.38386625       0.40611249
       0.50493825       0.37756061       0.40044349
       0.50031019       0.37080920       0.39415605
       0.49560870       0.36361349       0.38722569
       0.49087636       0.35597910       0.37962898
       0.48616190       0.34791687       0.37134463
       0.48152075       0.33944418       0.36235488
       0.47701567       0.33058651       0.35264737
       0.47271722       0.32137921       0.34221757
       0.46870403       0.31186949       0.33107176
       0.46506294       0.30211857       0.31923077
       0.46188860       0.29220398       0.30673446
       0.45928272       0.28222174       0.29364689
       0.45735250       0.27228842       0.28006213
       0.45620833       0.26254263       0.26611047
       0.45596037       0.25314570       0.25196453
       0.45671410       0.24428114       0.23784470
       0.45856451       0.23615231       0.22402295
       0.46158924       0.22897787       0.21082377
       0.46584066       0.22298457       0.19862094
       0.47133749       0.21839717       0.18782864
       0.47805647       0.21542544       0.17888580
       0.48592515       0.21424893       0.17223299
       0.49481673       0.21500033       0.16828239
       0.50454818       0.21774929       0.16738252
       0.51488269       0.22248850       0.16978120
       0.52553683       0.22912444       0.17559127
       0.53619280       0.23747472       0.18476458
       0.54651467       0.24727335       0.19707930
       0.55616760       0.25818416       0.21214401
       0.56483766       0.26982121       0.22941980
       0.57225037       0.28177413       0.24825804
       0.57818567       0.29363515       0.26794914
       0.58248798       0.30502455       0.28777563
       0.58507044       0.31561187       0.30706233
       0.58591359       0.32513073       0.32521781
       0.58505924       0.33338651       0.34176315
       0.58260075       0.34025728       0.35634663
       0.57867147       0.34568904       0.36874525
       0.57343243       0.34968687       0.37885558
       0.56706074       0.35230381       0.38667725
       0.55973940       0.35362893       0.39229260
       0.55164889       0.35377585       0.39584517
       0.54296091       0.35287258       0.39751947
       0.53383396       0.35105303       0.39752330
       0.52441069       0.34845034       0.39607328
       0.51481663       0.34519214       0.39338379
       0.50516001       0.34139717       0.38965913
       0.49553236       0.33717343       0.38508828
       0.48600962       0.33261718       0.37984198
       0.47665360       0.32781279       0.37407149
       0.46751349       0.32283313       0.36790852
       0.45862755       0.31774027       0.36146607
       0.45002457       0.31258638       0.35483976
       0.44172537       0.30741480       0.34810944
       0.43374409       0.30226102       0.34134095
       0.42608936       0.29715372       0.33458784
       0.41876531       0.29211571       0.32789308
       0.41177246       0.28716478       0.32129050
       0.40510848       0.28231448       0.31480628
       0.39876880       0.27757482       0.30846010
       0.39274718       0.27295286       0.30226628
       0.38703614       0.26845320       0.29623467
       0.38162730       0.26407850       0.29037147
       0.37651174       0.25982978       0.28467992
       0.37168018       0.25570682       0.27916085
       0.36712326       0.25170841       0.27381322
       0.36283164       0.24783260       0.26863450
       0.35879616       0.24407689       0.26362104
       0.35500794       0.24043844       0.25876836
       0.35145846       0.23691418       0.25407141
       0.34813965       0.23350100       0.24952478
       0.34504389       0.23019581       0.24512291
       0.34216409       0.22699567       0.24086023
       0.33949368       0.22389788       0.23673132
       0.33702667       0.22090006       0.23273103
       0.33475758       0.21800019       0.22885461
       0.33268151       0.21519674       0.22509779
       0.33079409       0.21248866       0.22145692
       0.32909144       0.20987544       0.21792902
       0.32757018       0.20735719       0.21451189
       0.32622735       0.20493461       0.21120419
       0.32506039       0.20260908       0.20800548
       0.32406705       0.20038261       0.20491632
       0.32324536       0.19825789       0.20193830
       0.32259352       0.19623827       0.19907409
       0.32210981       0.19432770       0.19632746
       0.32179249       0.19253074       0.19370328
       0.32163972       0.19085248       0.19120757
       0.32164940       0.18929848       0.18884736
       0.32181909       0.18787466       0.18663074
       0.32214582       0.18658720       0.18456670
       0.32262602       0.18544240       0.18266504
       0.32325533       0.18444656       0.18093619
       0.32402851       0.18360575       0.17939102
       0.32493931       0.18292569       0.17804065
       0.32598033       0.18241151       0.17689611
       0.32714294       0.18206755       0.17596809
       0.32841722       0.18189716       0.17526660
       0.32979189       0.18190248       0.17480061
       0.33125431       0.18208423       0.17457767
       0.33279047       0.18244156       0.17460360
       0.33438508       0.18297186       0.17488207
       0.33602164       0.18367063       0.17541430
       0.33768257       0.18453144       0.17619876
       0.33934942       0.18554584       0.17723096
       0.34100305       0.18670337       0.17850325
       0.34262389       0.18799169       0.18000475
       0.34419222       0.18939661       0.18172135
       0.34568845       0.19090234       0.18363582
       0.34709343       0.19249169       0.18572798
       0.34838878       0.19414631       0.18797499
       0.34955713       0.19584707       0.19035177
       0.35058247       0.19757429       0.19283136
       0.35145035       0.19930819       0.19538551
       0.35214812       0.20102915       0.19798516
       0.35266509       0.20271811       0.20060102
       0.35299270       0.20435686       0.20320413
       0.35312454       0.20592831       0.20576638
       0.35305643       0.20741681       0.20826104
       0.35278640       0.20880825       0.21066315
       0.35231460       0.21009032       0.21294992
       0.35164321       0.21125255       0.21510104
       0.35077632       0.21228638       0.21709885
       0.34971976       0.21318521       0.21892853
       0.34848088       0.21394430       0.22057812
       0.34706841       0.21456078       0.22203852
       0.34549219       0.21503345       0.22330342
       0.34376300       0.21536277       0.22436915
       0.34189231       0.21555061       0.22523454
       0.33989214       0.21560014       0.22590065
       0.33777482       0.21551566       0.22637061
       0.33555281       0.21530243       0.22664931
       0.33323862       0.21496649       0.22674321
       0.33084455       0.21451452       0.22666001
       0.32838268       0.21395367       0.22640849
       0.32586469       0.21329141       0.22599821
       0.32330183       0.21253546       0.22543935
       0.32070479       0.21169360       0.22474247
       0.31808371       0.21077360       0.22391838
       0.31544808       0.20978315       0.22297792
       0.31280677       0.20872976       0.22193190
       0.31016797       0.20762070       0.22079093
       0.30753921       0.20646297       0.21956535
       0.30492733       0.20526322       0.21826513
       0.30233855       0.20402776       0.21689984
       0.29977841       0.20276252       0.21547857
       0.29725185       0.20147302       0.21400990
       0.29476321       0.20016438       0.21250190
       0.29231624       0.19884133       0.21096208
       0.28991415       0.19750816       0.20939741
       0.28755965       0.19616878       0.20781431
       0.28525493       0.19482671       0.20621863
       0.28300175       0.19348507       0.20461573
       0.28080143       0.19214661       0.20301041
       0.27865491       0.19081375       0.20140699
       0.27656274       0.18948854       0.19980929
       0.27452514       0.18817272       0.19822068
       0.27254203       0.18686771       0.19664406
       0.27061302       0.18557466       0.19508193
       0.26873749       0.18429443       0.19353639
       0.26691457       0.18302762       0.19200915
       0.26514318       0.18177461       0.19050158
       0.26342207       0.18053554       0.18901470
       0.26174979       0.17931036       0.18754922
       0.26012478       0.17809882       0.18610557
       0.25854534       0.17690050       0.18468389
       0.25700967       0.17571481       0.18328409
       0.25551588       0.17454105       0.18190583
       0.25406201       0.17337837       0.18054856
       0.25264607       0.17222580       0.17921153
       0.25126602       0.17108230       0.17789380
       0.24991978       0.16994672       0.17659428
       0.24860532       0.16881785       0.17531173
       0.24732060       0.16769444       0.17404478
       0.24606358       0.16657518       0.17279192
       0.24483233       0.16545873       0.17155157
       0.24362492       0.16434376       0.17032203
       0.24243953       0.16322892       0.16910156
       0.24127442       0.16211287       0.16788833
       0.24012796       0.16099432       0.16668048
       0.23899863       0.15987201       0.16547612
       0.23788504       0.15874472       0.16427334
       0.23678596       0.15761133       0.16307024
       0.23570032       0.15647079       0.16186492
       0.23462722       0.15532215       0.16065553
       0.23356596       0.15416458       0.15944023
       0.23251603       0.15299738       0.15821727
       0.23147715       0.15181999       0.15698498
       0.23044926       0.15063203       0.15574177
       0.22943257       0.14943329       0.15448617
       0.22842752       0.14822376       0.15321685
       0.22743485       0.14700364       0.15193263
       0.22645555       0.14577337       0.15063249
       0.22549093       0.14453365       0.14931562
       0.22454260       0.14328543       0.14798142
       0.22361249       0.14202996       0.14662954
       0.22270284       0.14076879       0.14525988
       0.22181625       0.13950380       0.14387265
       0.22095563       0.13823722       0.14246836
       0.22012425       0.13697163       0.14104787
       0.21932573       0.13570998       0.13961241
       0.21856401       0.13445562       0.13816360
       0.21784341       0.13321233       0.13670351
       0.21716855       0.13198428       0.13523465
       0.21654441       0.13077608       0.13376000
       0.21597627       0.12959279       0.13228308
       0.21546972       0.12843992       0.13080792
       0.21503062       0.12732342       0.12933913
       0.21466512       0.12624969       0.12788188
       0.21437955       0.12522559       0.12644197
       0.21418048       0.12425840       0.12502580
       0.21407462       0.12335583       0.12364039
       0.21406878       0.12252598       0.12229341
       0.21416985       0.12177734       0.12099314
       0.21438473       0.12111873       0.11974851
       0.21472026       0.12055925       0.11856904
       0.21518317       0.12010827       0.11746483
       0.21578001       0.11977536       0.11644653
       0.21651707       0.11957017       0.11552530
       0.21740030       0.11950245       0.11471273
       0.21843526       0.11958191       0.11402077
       0.21962698       0.11981811       0.11346168
       0.22097996       0.12022043       0.11304789
       0.22249801       0.12079793       0.11279192
       0.22418423       0.12155923       0.11270625
       0.22604091       0.12251243       0.11280319
       0.22806945       0.12366495       0.11309474
       0.23027031       0.12502349       0.11359240
       0.23264297       0.12659383       0.11430708
       0.23518587       0.12838076       0.11524888
       0.23789635       0.13038801       0.11642692
       0.24077067       0.13261806       0.11784923
       0.24380399       0.13507215       0.11952252
       0.24699038       0.13775012       0.12145208
       0.25032283       0.14065043       0.12364159
       0.25379330       0.14377002       0.12609303
       0.25739280       0.14710437       0.12880654
       0.26111141       0.15064745       0.13178036
       0.26493845       0.15439172       0.13501071
       0.26886249       0.15832821       0.13849182
       0.27287158       0.16244654       0.14221587
       0.27695327       0.16673501       0.14617302
       0.28109486       0.17118071       0.15035149
       0.28528347       0.17576966       0.15473762
       0.28950626       0.18048690       0.15931597
       0.29375055       0.18531669       0.16406952
       0.29800399       0.19024271       0.16897981
       0.30225477       0.19524816       0.17402715
       0.30649171       0.20031604       0.17919086
       0.31070445       0.20542931       0.18444951
       0.31488357       0.21057111       0.18978118
       0.31902072       0.21572494       0.19516373
       0.32310874       0.22087487       0.20057508
       0.32714173       0.22600572       0.20599351
       0.33111515       0.23110323       0.21139790
       0.33502583       0.23615424       0.21676800
       0.33887205       0.24114678       0.22208470
       0.34265351       0.24607024       0.22733020
       0.34637134       0.25091545       0.23248827
       0.35002808       0.25567471       0.23754439
       0.35362757       0.26034193       0.24248591
       0.35717496       0.26491257       0.24730214
       0.36067657       0.26938369       0.25198445
       0.36413979       0.27375392       0.25652633
       0.36757302       0.27802340       0.26092337
       0.37098546       0.28219377       0.26517329
       0.37438707       0.28626804       0.26927587
       0.37778836       0.29025053       0.27323288
       0.38120028       0.29414675       0.27704805
       0.38463407       0.29796331       0.28072687
       0.38810112       0.30170777       0.28427656
       0.39161282       0.30538851       0.28770584
       0.39518041       0.30901461       0.29102488
       0.39881486       0.31259573       0.29424502
       0.40252672       0.31614190       0.29737872
       0.40632601       0.31966347       0.30043931
       0.41022209       0.32317091       0.30344084
       0.41422353       0.32667469       0.30639790
       0.41833806       0.33018517       0.30932545
       0.42257241       0.33371243       0.31223862
       0.42693229       0.33726618       0.31515256
       0.43142227       0.34085564       0.31808226
       0.43604574       0.34448943       0.32104237
       0.44080486       0.34817543       0.32404703
       0.44570053       0.35192075       0.32710974
       0.45073236       0.35573160       0.33024317
       0.45589866       0.35961323       0.33345906
       0.46119644       0.36356988       0.33676804
       0.46662148       0.36760469       0.34017955
       0.47216827       0.37171972       0.34370168
       0.47783016       0.37591588       0.34734115
       0.48359934       0.38019293       0.35110318
       0.48946698       0.38454950       0.35499143
       0.49542325       0.38898311       0.35900800
       0.50145749       0.39349017       0.36315341
       0.50755825       0.39806607       0.36742657
       0.51371343       0.40270520       0.37182485
       0.51991041       0.40740108       0.37634410
       0.52613616       0.41214636       0.38097875
       0.53237734       0.41693301       0.38572188
       0.53862047       0.42175232       0.39056534
       0.54485200       0.42659509       0.39549986
       0.55105846       0.43145169       0.40051521
       0.55722655       0.43631218       0.40560033
       0.56334325       0.44116642       0.41074346
       0.56939588       0.44600419       0.41593235
       0.57537225       0.45081524       0.42115435
       0.58126064       0.45558946       0.42639661
       0.58704992       0.46031690       0.43164618
       0.59272961       0.46498787       0.43689017
       0.59828984       0.46959303       0.44211586
       0.60372146       0.47412342       0.44731083
       0.60901600       0.47857050       0.45246301
       0.61416573       0.48292624       0.45756082
       0.61916358       0.48718308       0.46259317
       0.62400322       0.49133400       0.46754960
       0.62867898       0.49537251       0.47242021
       0.63318588       0.49929266       0.47719580
       0.63751957       0.50308903       0.48186779
       0.64167629       0.50675672       0.48642829
       0.64565291       0.51029136       0.49087007
       0.64944683       0.51368907       0.49518656
       0.65305598       0.51694642       0.49937180
       0.65647877       0.52006046       0.50342049
       0.65971407       0.52302865       0.50732788
       0.66276118       0.52584884       0.51108981
       0.66561977       0.52851927       0.51470263
       0.66828990       0.53103851       0.51816321
       0.67077192       0.53340543       0.52146887
       0.67306651       0.53561920       0.52461739
       0.67517458       0.53767923       0.52760692
       0.67709731       0.53958519       0.53043601
       0.67883605       0.54133690       0.53310353
       0.68039237       0.54293439       0.53560867
       0.68176797       0.54437782       0.53795088
       0.68296468       0.54566746       0.54012987
       0.68398444       0.54680368       0.54214556
       0.68482926       0.54778691       0.54399803
       0.68550120       0.54861761       0.54568755
       0.68600237       0.54929627       0.54721450
       0.68633487       0.54982335       0.54857936
       0.68650079       0.55019927       0.54978265
       0.68650220       0.55042439       0.55082496
       0.68634110       0.55049897       0.55170687
       0.68601943       0.55042315       0.55242893
       0.68553902       0.55019694       0.55299165
       0.68490162       0.54982015       0.55339543
       0.68410882       0.54929243       0.55364057
       0.68316210       0.54861316       0.55372720
       0.68206277       0.54778150       0.55365528
       0.68081198       0.54679629       0.55342453
       0.67941069       0.54565610       0.55303443
       0.67785968       0.54435913       0.55248415
       0.67615953       0.54290320       0.55177250
       0.67431062       0.54128575       0.55089795
       0.67231312       0.53950376       0.54985850
       0.67016700       0.53755374       0.54865170
       0.66787203       0.53543170       0.54727456
       0.66542777       0.53313311       0.54572350
       0.66283360       0.53065287       0.54399430
       0.66008874       0.52798524       0.54208202
       0.65719227       0.52512388       0.53998096
       0.65414313       0.52206171       0.53768455
       0.65094021       0.51879098       0.53518526
       0.64758237       0.51530317       0.53247457
       0.64406849       0.51158898       0.52954280
       0.64039759       0.50763832       0.52637908
       0.63656889       0.50344028       0.52297118
       0.63258192       0.49898311       0.51930542
       0.62843669       0.49425426       0.51536655
       0.62413382       0.48924038       0.51113762
       0.61967478       0.48392738       0.50659986
       0.61506207       0.47830049       0.50173253
       0.61029954       0.47234436       0.49651285
       0.60539272       0.46604327       0.49091586
       0.60034916       0.45938132       0.48491437
       0.59517892       0.45234271       0.47847892
       0.58989506       0.44491217       0.47157783
       0.58451421       0.43707544       0.46417734
       0.57905727       0.42881993       0.45624183
       0.57355011       0.42013551       0.44773429
       0.56802441       0.41101558       0.43861699
       0.56251852       0.40145829       0.42885245
       0.55707839       0.39146806       0.41840483
       0.55175846       0.38105742       0.40724184
       0.54662261       0.37024918       0.39533723
       0.54174485       0.35907890       0.38267418
       0.53720993       0.34759768       0.36924944
       0.53311348       0.33587525       0.35507860
       0.52956168       0.32400316       0.34020248
       0.52667018       0.31209794       0.32469451
       0.52456206       0.30030383       0.30866912
       0.52336443       0.28879489       0.29229054
       0.52320375       0.27777560       0.27578153
       0.52419925       0.26747958       0.25943065
       0.52645482       0.25816556       0.24359682
       0.53004911       0.25010984       0.22870897
       0.53502462       0.24359475       0.21525878
       0.54137627       0.23889289       0.20378432
       0.54904081       0.23624748       0.19484305
       0.55788845       0.23585008       0.18897419
       0.56771843       0.23781773       0.18665193
       0.57826010       0.24217233       0.18823400
       0.58918070       0.24882566       0.19391182
       0.60009997       0.25757321       0.20367060
       0.61061107       0.26809906       0.21726711
       0.62030565       0.27999247       0.23423154
       0.62880046       0.29277493       0.25389520
       0.63576211       0.30593439       0.27544178
       0.64092703       0.31896212       0.29797464
       0.64411443       0.33138730       0.32059020
       0.64523116       0.34280520       0.34244657
       0.64426890       0.35289611       0.36281871
       0.64129488       0.36143412       0.38113458
       0.63643816       0.36828654       0.39699114
       0.62987377       0.37340575       0.41015188
       0.62180658       0.37681605       0.42053059
       0.61245650       0.37859815       0.42816617
       0.60204601       0.37887317       0.43319372
       0.59079039       0.37778800       0.43581565
       0.57889081       0.37550273       0.43627570
       0.56652987       0.37218072       0.43483732
       0.55386932       0.36798117       0.43176679
       0.54104938       0.36305406       0.42732116
       0.52818929       0.35753701       0.42174023
       0.51538858       0.35155367       0.41524180
       0.50272893       0.34521329       0.40801965
       0.49027608       0.33861097       0.40024312
       0.47808200       0.33182856       0.39205816
       0.46618674       0.32493573       0.38358892
       0.45462040       0.31799124       0.37493995
       0.44340466       0.31104423       0.36619837
       0.43255434       0.30413546       0.35743616
       0.42207858       0.29729846       0.34871222
       0.41198196       0.29056056       0.34007435
       0.40226539       0.28394385       0.33156097
       0.39292687       0.27746598       0.32320258
       0.38396213       0.27114082       0.31502312
       0.37536511       0.26497914       0.30704105
       0.36712842       0.25898906       0.29927031
       0.35924366       0.25317651       0.29172111
       0.35170170       0.24754557       0.28440058
       0.34449289       0.24209881       0.27731333
       0.33760729       0.23683755       0.27046194
       0.33103474       0.23176202       0.26384728
       0.32476502       0.22687162       0.25746888
       0.31878791       0.22216500       0.25132516
       0.31309329       0.21764024       0.24541363
       0.30767115       0.21329493       0.23973112
       0.30251168       0.20912625       0.23427386
       0.29760524       0.20513109       0.22903766
       0.29294244       0.20130605       0.22401796
       0.28851412       0.19764754       0.21920994
       0.28431139       0.19415181       0.21460858
       0.28032558       0.19081500       0.21020871
       0.27654831       0.18763312       0.20600505
       0.27297145       0.18460217       0.20199229
       0.26958714       0.18171806       0.19816505
       0.26638776       0.17897671       0.19451797
       0.26336595       0.17637401       0.19104568
       0.26051462       0.17390589       0.18774286
       0.25782690       0.17156827       0.18460424
       0.25529617       0.16935712       0.18162459
       0.25291604       0.16726843       0.17879875
       0.25068035       0.16529826       0.17612164
       0.24858317       0.16344269       0.17358826
       0.24661877       0.16169788       0.17119370
       0.24478166       0.16006005       0.16893312
       0.24306652       0.15852548       0.16680181
       0.24146825       0.15709051       0.16479513
       0.23998195       0.15575157       0.16290854
       0.23860288       0.15450515       0.16113761
       0.23732652       0.15334782       0.15947800
       0.23614849       0.15227622       0.15792550
       0.23506462       0.15128707       0.15647598
       0.23407086       0.15037716       0.15512543
       0.23316335       0.14954339       0.15386994
       0.23233839       0.14878269       0.15270571
       0.23159241       0.14809212       0.15162904
       0.23092199       0.14746878       0.15063635
       0.23032385       0.14690986       0.14972417
       0.22979483       0.14641263       0.14888912
       0.22933190       0.14597444       0.14812793
       0.22893216       0.14559270       0.14743744
       0.22859282       0.14526491       0.14681461
       0.22831118       0.14498863       0.14625646
       0.22808465       0.14476150       0.14576015
       0.22791075       0.14458121       0.14532293
       0.22778706       0.14444552       0.14494213
       0.22771126       0.14435226       0.14461517
       0.22768111       0.14429931       0.14433960
       0.22769442       0.14428462       0.14411301
       0.22774907       0.14430617       0.14393310
       0.22784301       0.14436200       0.14379764
       0.22797422       0.14445019       0.14370446
       0.22814075       0.14456887       0.14365150
       0.22834066       0.14471621       0.14363672
       0.22857207       0.14489040       0.14365816
       0.22883310       0.14508966       0.14371393
       0.22912193       0.14531224       0.14380216
       0.22943674       0.14555643       0.14392104
       0.22977571       0.14582051       0.14406880
       0.23013706       0.14610278       0.14424370
       0.23051901       0.14640158       0.14444403
       0.23091976       0.14671522       0.14466809
       0.23133754       0.14704203       0.14491422
       0.23177058       0.14738035       0.14518075
       0.23221709       0.14772852       0.14546603
       0.23267529       0.14808485       0.14576840
       0.23314339       0.14844769       0.14608621
       0.23361961       0.14881534       0.14641780
       0.23410214       0.14918613       0.14676149
       0.23458919       0.14955835       0.14711560
       0.23507897       0.14993030       0.14747842
       0.23556968       0.15030027       0.14784823
       0.23605953       0.15066654       0.14822329
       0.23654672       0.15102738       0.14860181
       0.23702949       0.15138104       0.14898201
       0.23750607       0.15172580       0.14936207
       0.23797472       0.15205991       0.14974013
       0.23843373       0.15238163       0.15011433
       0.23888139       0.15268921       0.15048275
       0.23931606       0.15298093       0.15084348
       0.23973612       0.15325507       0.15119458
       0.24014001       0.15350991       0.15153407
       0.24052622       0.15374379       0.15185997
       0.24089331       0.15395502       0.15217029
       0.24123990       0.15414200       0.15246302
       0.24156470       0.15430313       0.15273614
       0.24186650       0.15443687       0.15298766
       0.24214421       0.15454174       0.15321556
       0.24239681       0.15461629       0.15341786
       0.24262344       0.15465919       0.15359258
       0.24282334       0.15466914       0.15373779
       0.24299590       0.15464497       0.15385156
       0.24314065       0.15458558       0.15393206
       0.24325729       0.15449000       0.15397746
       0.24334568       0.15435737       0.15398605
       0.24340588       0.15418697       0.15395614
       0.24343812       0.15397824       0.15388619
       0.24344284       0.15373075       0.15377474
       0.24342072       0.15344428       0.15362044
       0.24337263       0.15311877       0.15342210
       0.24329971       0.15275440       0.15317867
       0.24320331       0.15235155       0.15288928
       0.24308506       0.15191084       0.15255325
       0.24294686       0.15143314       0.15217013
       0.24279086       0.15091961       0.15173968
       0.24261951       0.15037169       0.15126195
       0.24243552       0.14979112       0.15073725
       0.24224190       0.14917998       0.15016621
       0.24204196       0.14854067       0.14954980
       0.24183927       0.14787596       0.14888937
       0.24163770       0.14718899       0.14818663
       0.24144141       0.14648328       0.14744374
       0.24125481       0.14576273       0.14666329
       0.24108256       0.14503167       0.14584836
       0.24092959       0.14429484       0.14500251
       0.24080104       0.14355735       0.14412984
       0.24070222       0.14282478       0.14323498
       0.24063865       0.14210308       0.14232314
       0.24061595       0.14139860       0.14140007
       0.24063987       0.14071807       0.14047212
       0.24071619       0.14006860       0.13954621
       0.24085071       0.13945758       0.13862983
       0.24104919       0.13889275       0.13773102
       0.24131730       0.13838206       0.13685836
       0.24166056       0.13793366       0.13602089
       0.24208428       0.13755586       0.13522812
       0.24259348       0.13725704       0.13448990
       0.24319289       0.13704557       0.13381643
       0.24388682       0.13692975       0.13321810
       0.24467914       0.13691772       0.13270543
       0.24557322       0.13701739       0.13228893
       0.24657188       0.13723630       0.13197904
       0.24767735       0.13758159       0.13178594
       0.24889123       0.13805985       0.13171944
