-0.015178151
-0.039540444
-0.06958876599999999
-0.10556952
-0.14758468
-0.19557394
-0.24929418
-0.30829645
-0.37190052
-0.43916843
-0.50887928
-0.5795085199999999
-0.6492164800000001
-0.71585176
-0.7769760599999999
-0.829917
-0.8718545799999999
-0.89994496
-0.91148126
-0.90408599
-0.87592345
-0.8259136599999999
-0.7539240600000001
-0.6609118600000001
-0.54899102
-0.42140351
-0.28238496
-0.13692907
0.009529997
0.1514844499999999
0.28372839
0.40169952
0.5017506299999999
0.5813258799999999
0.63903151
0.67460559
0.6888035999999999
0.68322398
0.66010104
0.62209021
0.5720665
0.51294998
0.44756587
0.37854114
0.30823505
0.2386984399999999
0.1716555
0.10850151
0.05031076999999999
-0.0021495756
-0.04840317699999999
-0.08824713900000001
-0.12173436
-0.1491551899999999
-0.17101744
-0.18802351
-0.20104348
-0.2110831
-0.21924627
-0.22669187
-0.23458575
-0.2440486299999999
-0.25610158
-0.27161065
-0.29123239
-0.31536225
-0.3440875
-0.37714681
-0.41389857
-0.4533006099999999
-0.4939044499999999
-0.53386791
-0.5709904399999999
-0.6027753900000001
-0.62652331
-0.6394581299999999
-0.63888568
-0.62237953
-0.5879838699999999
-0.53441757
-0.46125884
-0.3690865899999999
-0.25955536
-0.1353847599999999
-0.00025359988
0.14139963
0.28465459
0.42443801
0.55586804
0.67457627
0.77697296
0.8604305999999999
0.92337328
0.9652727199999999
0.98656337
0.9884967400000001
0.97295899
0.94227535
0.8990212100000001
0.84585482
0.78538025
0.7200442
0.65206596
0.58339655
0.51570181
0.45036338
0.38849188
0.33094716
0.2783617399999999
0.23116455
0.18960292
0.15376198
0.12358112
0.098867826
0.079309398
0.064483487
0.05386822
0.046852723
0.04274865499999999
0.040803164
0.04021339799999999
0.04014248799999999
0.03973670099999999
0.03814329999999999
0.0345286
0.02809570999999999
0.018101558
0.003872977399999999