-0.61629414
-0.52336973
-0.4129630699999999
-0.28847773
-0.154194
-0.015023577
0.12380383
0.25708929
0.38001049
0.48842653
0.5791105899999999
0.64989066
0.6996925100000001
0.72849182
0.73719299
0.72745778
0.70150872
0.66192979
0.6114821
0.5529464299999999
0.4889983
0.4221167699999999
0.35452387
0.2881497599999999
0.2246178399999999
0.16524355
0.11104204
0.06274051399999999
0.020792537
-0.014607278
-0.043508587
-0.066190394
-0.08314500099999999
-0.09505975100000001
-0.10279553
-0.10736123
-0.10988373
-0.11157357
-0.11368674
-0.11748369
-0.12418649
-0.13493556
-0.15074693
-0.1724709
-0.20075251
-0.23599393
-0.27831869
-0.3275375
-0.38311589
-0.44414438
-0.50931312
-0.576894
-0.6447353399999999
-0.71027519
-0.77058098
-0.8224234799999999
-0.86239185
-0.88705441
-0.89316426
-0.8779024500000001
-0.83914294
-0.77571472
-0.68762967
-0.57624125
-0.44430145
-0.29589235
-0.13622406
0.02868995099999999
0.19244939
0.34872912
0.49173208
0.61658034
0.71960225
0.79849143
0.8523331600000001
0.8815120699999999
0.88752864
0.8727583900000001
0.84018818
0.79315916
0.7351378
0.66952802
0.5995289999999999
0.5280371899999999
0.4575868599999999
0.39032104
0.32798492
0.27193386
0.2231500699999999
0.18226371
0.1495756199999999
0.12508082
0.10849264
0.09926834599999999
0.09663716099999999
0.09963171799999999
0.10712339
0.11786148
0.13051554
0.14371951
0.1561159
0.16639807
0.17334856
0.17587196
0.17302121
0.16401676
0.14825919
0.12533599
0.09502432799999999
0.057291495
0.012295267
-0.03961406799999999
-0.09788848700000001
-0.161773
-0.23029251
-0.30223602
-0.37614046
-0.4502781
-0.5226522799999999
-0.59100763
-0.65286121
-0.70556082
-0.7463756400000001
-0.77262151
-0.78181937
-0.77187996
-0.74130202
-0.6893651499999999