        5.0576513242        1.1259440338        1.0007670687        0.9999380404        0.0001298423        0.0000057713        0.0000006469        0.0000006469        0.0000000000        0.0000000000        0.0000000000        0.0000000000        0.0000000000        0.0000000000        0.0000000000        0.0000000000        0.0000000000
        5.0686070512        1.1237886481        1.0007779693        0.9999380402        0.0001297946        0.0000057720        0.0000006470        0.0000006470        0.0000000000        0.0000000000        0.0000000000        0.0000000000        0.0000000000        0.0000000000        0.0000000000        0.0000000000
        5.0798533442        1.1215842612        1.0007903198        0.9999380302        0.0001297456        0.0000057728        0.0000006470        0.0000006470        0.0000000000        0.0000000000        0.0000000000        0.0000000000        0.0000000000        0.0000000000        0.0000000000        0.0000000000
        5.0912929156        1.1193512831        1.0008033159        0.9999380196        0.0001296959        0.0000057736        0.0000006470        0.0000006470        0.0000000000        0.0000000000        0.0000000000        0.0000000000        0.0000000000        0.0000000000        0.0000000000        0.0000000000
        5.1029330803        1.1170887130        1.0008169818        0.9999380088        0.0001296454        0.0000057744        0.0000006470        0.0000006470        0.0000000000        0.0000000000        0.0000000000        0.0000000000        0.0000000000        0.0000000000        0.0000000000        0.0000000000
        5.1147841839        1.1147949499        1.0008313861        0.9999379980        0.0001295941        0.0000057752        0.0000006470        0.0000006470        0.0000000000        0.0000000000        0.0000000000        0.0000000000        0.0000000000        0.0000000000        0.0000000000        0.0000000000
        5.1268575652        1.1124682404        1.0008465971        0.9999379868        0.0001295418        0.0000057760        0.0000006471        0.0000006471        0.0000000000        0.0000000000        0.0000000000        0.0000000000        0.0000000000        0.0000000000        0.0000000000
        5.1391655876        1.1101066772        1.0008626889        0.9999379755        0.0001294887        0.0000057768        0.0000006471        0.0000006471        0.0000000000        0.0000000000        0.0000000000        0.0000000000        0.0000000000        0.0000000000        0.0000000000        0.0000000000
        5.1517218488        1.1077081508        1.0008797496        0.9999379639        0.0001294344        0.0000057777        0.0000006471        0.0000006471        0.0000000000        0.0000000000        0.0000000000        0.0000000000        0.0000000000        0.0000000000        0.0000000000        0.0000000000
        5.1645412885        1.1052703313        1.0008978904        0.9999379522        0.0001293792        0.0000057786        0.0000006471        0.0000006471        0.0000000000        0.0000000000        0.0000000000        0.0000000000        0.0000000000        0.0000000000        0.0000000000
        5.1776404229        1.1027906541        1.0009172203        0.9999379402        0.0001293228        0.0000057795        0.0000006471        0.0000006471        0.0000000000        0.0000000000        0.0000000000        0.0000000000        0.0000000000        0.0000000000        0.0000000000
        5.1910375646        1.1002662610        1.0009378743        0.9999379278        0.0001292651        0.0000057804        0.0000006472        0.0000006472        0.0000000000        0.0000000000        0.0000000000        0.0000000000        0.0000000000        0.0000000000        0.0000000000        0.0000000000
        5.2047531152        1.0976939562        1.0009600169        0.9999379153        0.0001292063        0.0000057813        0.0000006472        0.0000006472        0.0000000000        0.0000000000        0.0000000000        0.0000000000        0.0000000000        0.0000000000        0.0000000000        0.0000000000        0.0000000000
        5.2188099331        1.0950701496        1.0009838358        0.9999379026        0.0001291461        0.0000057823        0.0000006472        0.0000006472        0.0000000000        0.0000000000        0.0000000000        0.0000000000        0.0000000000        0.0000000000        0.0000000000        0.0000000000
        5.2332337205        1.0923908016        1.0010095457        0.9999378894        0.0001290843        0.0000057832        0.0000006472        0.0000006472        0.0000000000        0.0000000000        0.0000000000        0.0000000000        0.0000000000        0.0000000000        0.0000000000        0.0000000000        0.0000000000
        5.2480536110        1.0896513046        1.0010374189        0.9999378760        0.0001290209        0.0000057842        0.0000006473        0.0000006473        0.0000000000        0.0000000000        0.0000000000        0.0000000000        0.0000000000        0.0000000000        0.0000000000        0.0000000000        0.0000000000
        5.2636061752        1.0867881668        1.0010707871        0.9999378213        0.0001289547        0.0000057853        0.0000006473        0.0000006473        0.0000000000        0.0000000000        0.0000000000        0.0000000000        0.0000000000        0.0000000000        0.0000000000        0.0000000000        0.0000000000
        5.2793502837        1.0839068604        1.0011042883        0.9999378049        0.0001288875        0.0000057864        0.0000006473        0.0000006473        0.0000000000        0.0000000000        0.0000000000        0.0000000000        0.0000000000        0.0000000000        0.0000000000        0.0000000000        0.0000000000
        5.2956102475        1.0809462734        1.0011411837        0.9999377883        0.0001288184        0.0000057875        0.0000006473        0.0000006473        0.0000000000        0.0000000000        0.0000000000        0.0000000000        0.0000000000        0.0000000000        0.0000000000        0.0000000000
        5.3124385318        1.0778979407        1.0011821066        0.9999377709        0.0001287469        0.0000057886        0.0000006474        0.0000006474        0.0000000000        0.0000000000        0.0000000000        0.0000000000        0.0000000000        0.0000000000        0.0000000000        0.0000000000
        5.3298972175        1.0747518084        1.0012278433        0.9999377527        0.0001286729        0.0000057898        0.0000006474        0.0000006474        0.0000000000        0.0000000000        0.0000000000        0.0000000000        0.0000000000        0.0000000000        0.0000000000
        5.3480605796        1.0714957586        1.0012794184        0.9999377338        0.0001285960        0.0000057910        0.0000006474        0.0000006474        0.0000000000        0.0000000000        0.0000000000        0.0000000000        0.0000000000        0.0000000000        0.0000000000
        5.3670187854        1.0681149712        1.0013381803        0.9999377141        0.0001285159        0.0000057923        0.0000006474        0.0000006474        0.0000000000        0.0000000000        0.0000000000        0.0000000000        0.0000000000        0.0000000000        0.0000000000        0.0000000000        0.0000000000
        5.3868830921        1.0645909546        1.0014059916        0.9999376935        0.0001284323        0.0000057936        0.0000006475        0.0000006475        0.0000000000        0.0000000000        0.0000000000        0.0000000000        0.0000000000        0.0000000000        0.0000000000        0.0000000000
        5.4077933766        1.0609002312        1.0014854157        0.9999376716        0.0001283442        0.0000057950        0.0000006475        0.0000006475        0.0000000000        0.0000000000        0.0000000000        0.0000000000        0.0000000000        0.0000000000        0.0000000000
        5.4299298517        1.0570120766        1.0015802231        0.9999376485        0.0001282513        0.0000057965        0.0000006476        0.0000006476        0.0000000000        0.0000000000        0.0000000000        0.0000000000        0.0000000000        0.0000000000        0.0000000000
        5.4535313042        1.0528850574        1.0016961184        0.9999376239        0.0001281525        0.0000057981        0.0000006476        0.0000006476        0.0000000000        0.0000000000        0.0000000000        0.0000000000        0.0000000000        0.0000000000        0.0000000000        0.0000000000
        5.4789258994        1.0484608560        1.0018423003        0.9999375972        0.0001280463        0.0000057998        0.0000006476        0.0000006476        0.0000000000        0.0000000000        0.0000000000        0.0000000000        0.0000000000        0.0000000000        0.0000000000        0.0000000000
        5.5065864820        1.0436526338        1.0020348091        0.9999375685        0.0001279310        0.0000058017        0.0000006477        0.0000006477        0.0000000000        0.0000000000        0.0000000000        0.0000000000        0.0000000000        0.0000000000        0.0000000000        0.0000000000
        5.5372394294        1.0383203759        1.0023048648        0.9999375372        0.0001278036        0.0000058038        0.0000006477        0.0000006477        0.0000000000        0.0000000000        0.0000000000        0.0000000000        0.0000000000        0.0000000000        0.0000000000        0.0000000000        0.0000000000
        5.5721086427        1.0322086051        1.0027245725        0.9999375024        0.0001276591        0.0000058061        0.0000006478        0.0000006478        0.0000000000        0.0000000000        0.0000000000        0.0000000000        0.0000000000        0.0000000000        0.0000000000        0.0000000000        0.0000000000
        5.6135800359        1.0247330183        1.0035207006        0.9999374636        0.0001274879        0.0000058089        0.0000006479        0.0000006479        0.0000000000        0.0000000000        0.0000000000        0.0000000000        0.0000000000        0.0000000000        0.0000000000
        5.6677499474        1.0130908187        1.0065827148        0.9999374238        0.0001272651        0.0000058125        0.0000006479        0.0000006479        0.0000000000        0.0000000000        0.0000000000        0.0000000000        0.0000000000        0.0000000000        0.0000000000        0.0000000000        0.0000000000
        5.8016728978        0.9996100998        0.9996100998        0.9999371799        0.0001267191        0.0000058214        0.0000006482        0.0000006482        0.0000000000        0.0000000000        0.0000000000        0.0000000000        0.0000000000        0.0000000000        0.0000000000        0.0000000000
