       0.22182595       0.13272280       0.13287849
       0.22181727       0.13237331       0.13230105
       0.22185601       0.13205811       0.13173967
       0.22194583       0.13178136       0.13119837
       0.22209043       0.13154734       0.13068136
       0.22229348       0.13136044       0.13019308
       0.22255865       0.13122514       0.12973813
       0.22288957       0.13114599       0.12932131
       0.22328982       0.13112760       0.12894757
       0.22376289       0.13117462       0.12862202
       0.22431218       0.13129170       0.12834988
       0.22494094       0.13148349       0.12813647
       0.22565229       0.13175458       0.12798721
       0.22644917       0.13210949       0.12790756
       0.22733432       0.13255266       0.12790298
       0.22831027       0.13308838       0.12797894
       0.22937930       0.13372078       0.12814084
       0.23054341       0.13445378       0.12839400
       0.23180433       0.13529110       0.12874359
       0.23316347       0.13623615       0.12919464
       0.23462194       0.13729209       0.12975193
       0.23618049       0.13846171       0.13042000
       0.23783952       0.13974747       0.13120308
       0.23959907       0.14115140       0.13210504
       0.24145881       0.14267516       0.13312939
       0.24341806       0.14431992       0.13427918
       0.24547573       0.14608641       0.13555699
       0.24763038       0.14797486       0.13696489
       0.24988021       0.14998503       0.13850443
       0.25222305       0.15211613       0.14017654
       0.25465642       0.15436687       0.14198158
       0.25717749       0.15673545       0.14391930
       0.25978316       0.15921953       0.14598879
       0.26247004       0.16181628       0.14818851
       0.26523449       0.16452237       0.15051625
       0.26807268       0.16733399       0.15296918
       0.27098060       0.17024687       0.15554383
       0.27395409       0.17325633       0.15823610
       0.27698890       0.17635729       0.16104131
       0.28008071       0.17954431       0.16395422
       0.28322520       0.18281165       0.16696906
       0.28641807       0.18615330       0.17007959
       0.28965507       0.18956304       0.17327915
       0.29293207       0.19303446       0.17656070
       0.29624510       0.19656108       0.17991690
       0.29959037       0.20013634       0.18334017
       0.30296430       0.20375367       0.18682278
       0.30636356       0.20740658       0.19035689
       0.30978512       0.21108868       0.19393465
       0.31322625       0.21479375       0.19754825
       0.31668452       0.21851577       0.20119006
       0.32015786       0.22224902       0.20485260
       0.32364454       0.22598804       0.20852873
       0.32714316       0.22972774       0.21221163
       0.33065268       0.23346342       0.21589488
       0.33417239       0.23719077       0.21957258
       0.33770188       0.24090591       0.22323931
       0.34124106       0.24460543       0.22689025
       0.34479007       0.24828634       0.23052117
       0.34834932       0.25194616       0.23412849
       0.35191939       0.25558282       0.23770929
       0.35550104       0.25919471       0.24126131
       0.35909510       0.26278067       0.24478295
       0.36270248       0.26633991       0.24827330
       0.36632409       0.26987205       0.25173207
       0.36996080       0.27337703       0.25515962
       0.37361335       0.27685511       0.25855687
       0.37728233       0.28030679       0.26192530
       0.38096810       0.28373281       0.26526687
       0.38467076       0.28713404       0.26858401
       0.38839005       0.29051147       0.27187950
       0.39212535       0.29386614       0.27515642
       0.39587560       0.29719909       0.27841810
       0.39963924       0.30051127       0.28166802
       0.40341421       0.30380353       0.28490972
       0.40719788       0.30707652       0.28814674
       0.41098704       0.31033067       0.29138251
       0.41477784       0.31356609       0.29462028
       0.41856584       0.31678259       0.29786304
       0.42234592       0.31997955       0.30111341
       0.42611233       0.32315593       0.30437359
       0.42985866       0.32631022       0.30764526
       0.43357789       0.32944040       0.31092953
       0.43726236       0.33254393       0.31422686
       0.44090385       0.33561772       0.31753698
       0.44449358       0.33865808       0.32085891
       0.44802225       0.34166080       0.32419082
       0.45148011       0.34462105       0.32753009
       0.45485701       0.34753348       0.33087325
       0.45814242       0.35039215       0.33421592
       0.46132557       0.35319063       0.33755293
       0.46439545       0.35592197       0.34087819
       0.46734093       0.35857877       0.34418482
       0.47015079       0.36115319       0.34746514
       0.47281384       0.36363702       0.35071070
       0.47531897       0.36602175       0.35391234
       0.47765523       0.36829855       0.35706027
       0.47981189       0.37045839       0.36014411
       0.48177856       0.37249210       0.36315297
       0.48354519       0.37439039       0.36607553
       0.48510218       0.37614391       0.36890009
       0.48644045       0.37774334       0.37161472
       0.48755144       0.37917945       0.37420725
       0.48842720       0.38044309       0.37666544
       0.48906046       0.38152531       0.37897698
       0.48944459       0.38241737       0.38112963
       0.48957371       0.38311080       0.38311124
       0.48944267       0.38359744       0.38490984
       0.48904711       0.38386943       0.38651370
       0.48838343       0.38391930       0.38791138
       0.48744886       0.38373997       0.38909175
       0.48624142       0.38332476       0.39004407
       0.48475994       0.38266739       0.39075798
       0.48300410       0.38176205       0.39122352
       0.48097438       0.38060332       0.39143119
       0.47867210       0.37918626       0.39137187
       0.47609940       0.37750634       0.39103691
       0.47325925       0.37555949       0.39041803
       0.47015547       0.37334204       0.38950737
       0.46679274       0.37085078       0.38829741
       0.46317658       0.36808290       0.38678098
       0.45931341       0.36503603       0.38495121
       0.45521057       0.36170822       0.38280147
       0.45087635       0.35809795       0.38032538
       0.44632004       0.35420415       0.37751671
       0.44155200       0.35002622       0.37436937
       0.43658371       0.34556405       0.37087741
       0.43142789       0.34081810       0.36703491
       0.42609856       0.33578944       0.36283604
       0.42061121       0.33047984       0.35827503
       0.41498290       0.32489189       0.35334616
       0.40923243       0.31902912       0.34804385
       0.40338052       0.31289619       0.34236273
       0.39745000       0.30649910       0.33629772
       0.39146602       0.29984541       0.32984427
       0.38545625       0.29294460       0.32299854
       0.37945118       0.28580838       0.31575775
       0.37348428       0.27845110       0.30812060
       0.36759229       0.27089026       0.30008780
       0.36181542       0.26314705       0.29166271
       0.35619749       0.25524692       0.28285217
       0.35078615       0.24722025       0.27366753
       0.34563281       0.23910308       0.26412576
       0.34079270       0.23093782       0.25425086
       0.33632456       0.22277402       0.24407543
       0.33229030       0.21466900       0.23364241
       0.32875435       0.20668848       0.22300695
       0.32578274       0.19890700       0.21223839
       0.32344186       0.19140808       0.20142215
       0.32179685       0.18428399       0.19066143
       0.32090960       0.17763508       0.18007854
       0.32083634       0.17156849       0.16981548
       0.32162488       0.16619612       0.16003362
       0.32331159       0.16163182       0.15091203
       0.32591814       0.15798768       0.14264420
       0.32944839       0.15536958       0.13543280
       0.33388541       0.15387192       0.12948250
       0.33918918       0.15357204       0.12499076
       0.34529506       0.15452438       0.12213695
       0.35211347       0.15675518       0.12107047
       0.35953099       0.16025795       0.12189876
       0.36741301       0.16499058       0.12467636
       0.37560795       0.17087429       0.12939635
       0.38395288       0.17779500       0.13598540
       0.39228019       0.18560716       0.14430333
       0.40042489       0.19413978       0.15414768
       0.40823189       0.20320444       0.16526323
       0.41556261       0.21260437       0.17735553
       0.42230057       0.22214398       0.19010732
       0.42835530       0.23163784       0.20319611
       0.43366455       0.24091852       0.21631115
       0.43819456       0.24984252       0.22916838
       0.44193882       0.25829421       0.24152203
       0.44491524       0.26618751       0.25317232
       0.44716252       0.27346558       0.26396920
       0.44873576       0.28009889       0.27381223
       0.44970201       0.28608203       0.28264750
       0.45013588       0.29142970       0.29046219
       0.45011561       0.29617246       0.29727783
       0.44971963       0.30035241       0.30314289
       0.44902385       0.30401926       0.30812547
       0.44809957       0.30722676       0.31230645
       0.44701205       0.31002985       0.31577359
       0.44581964       0.31248234       0.31861658
       0.44457339       0.31463518       0.32092316
       0.44331703       0.31653531       0.32277629
       0.44208729       0.31822495       0.32425220
       0.44091434       0.31974129       0.32541924
       0.43982248       0.32111644       0.32633737
       0.43883076       0.32237764       0.32705812
       0.43795374       0.32354761       0.32762500
       0.43720216       0.32464497       0.32807403
       0.43658358       0.32568480       0.32843456
       0.43610302       0.32667905       0.32873010
       0.43576340       0.32763711       0.32897916
       0.43556604       0.32856623       0.32919612
       0.43551099       0.32947194       0.32939200
       0.43559736       0.33035841       0.32957516
       0.43582351       0.33122874       0.32975195
       0.43618720       0.33208519       0.32992719
       0.43668576       0.33292942       0.33010467
       0.43731609       0.33376255       0.33028743
       0.43807475       0.33458530       0.33047802
       0.43895788       0.33539803       0.33067875
       0.43996126       0.33620076       0.33089172
       0.44108020       0.33699311       0.33111892
       0.44230953       0.33777435       0.33136225
       0.44364349       0.33854325       0.33162342
       0.44507573       0.33929805       0.33190394
       0.44659922       0.34003640       0.33220497
       0.44820618       0.34075521       0.33252722
       0.44988806       0.34145061       0.33287080
       0.45163551       0.34211784       0.33323506
       0.45343832       0.34275113       0.33361842
       0.45528548       0.34334365       0.33401824
       0.45716512       0.34388743       0.33443058
       0.45906459       0.34437324       0.33485007
       0.46097052       0.34479056       0.33526977
       0.46286883       0.34512754       0.33568093
       0.46474489       0.34537093       0.33607289
       0.46658361       0.34550606       0.33643291
       0.46836961       0.34551688       0.33674603
       0.47008736       0.34538590       0.33699495
       0.47172141       0.34509431       0.33715988
       0.47325662       0.34462198       0.33721850
       0.47467846       0.34394758       0.33714583
       0.47597326       0.34304873       0.33691417
       0.47712861       0.34190216       0.33649313
       0.47813371       0.34048394       0.33584955
       0.47897985       0.33876973       0.33494762
       0.47966087       0.33673520       0.33374895
       0.48017368       0.33435641       0.33221276
       0.48051886       0.33161037       0.33029616
       0.48070133       0.32847571       0.32795451
       0.48073097       0.32493341       0.32514204
       0.48062343       0.32096781       0.32181256
       0.48040082       0.31656769       0.31792048
       0.48009253       0.31172763       0.31342214
       0.47973596       0.30644953       0.30827756
       0.47937722       0.30074441       0.30245266
       0.47907173       0.29463441       0.29592201
       0.47888454       0.28815500       0.28867230
       0.47889047       0.28135737       0.28070649
       0.47917371       0.27431082       0.27204876
       0.47982690       0.26710520       0.26275009
       0.48094951       0.25985284       0.25289453
       0.48264518       0.25269010       0.24260564
       0.48501808       0.24577779       0.23205277
       0.48816804       0.23930018       0.22145629
       0.49218437       0.23346215       0.21109090
       0.49713858       0.22848382       0.20128558
       0.50307621       0.22459241       0.19241880
       0.51000821       0.22201108       0.18490769
       0.51790279       0.22094498       0.17918991
       0.52667850       0.22156521       0.17569813
       0.53619991       0.22399182       0.17482776
       0.54627678       0.22827782       0.17690040
       0.55666783       0.23439622       0.18212677
       0.56708941       0.24223243       0.19057421
       0.57722893       0.25158390       0.20214424
       0.58676215       0.26216779       0.21656484
       0.59537254       0.27363682       0.23340041
       0.60277084       0.28560150       0.25207925
       0.60871236       0.29765632       0.27193566
       0.61301032       0.30940662       0.29226079
       0.61554381       0.32049289       0.31235540
       0.61626007       0.33061006       0.33157756
       0.61517129       0.33951992       0.34937999
       0.61234713       0.34705659       0.36533393
       0.60790422       0.35312538       0.37913907
       0.60199427       0.35769660       0.39062103
       0.59479196       0.36079580       0.39971932
       0.58648387       0.36249238       0.40646923
       0.57725897       0.36288779       0.41098087
       0.56730106       0.36210456       0.41341809
       0.55678322       0.36027671       0.41397915
       0.54586413       0.35754198       0.41288028
       0.53468598       0.35403589       0.41034249
       0.52337358       0.34988747       0.40658185
       0.51203457       0.34521644       0.40180256
       0.50076016       0.34013165       0.39619271
       0.48962637       0.33473034       0.38992194
       0.47869551       0.32909818       0.38314065
       0.46801770       0.32330964       0.37598020
       0.45763246       0.31742879       0.36855393
       0.44757018       0.31151014       0.36095850
       0.43785348       0.30559966       0.35327549
       0.42849843       0.29973569       0.34557311
       0.41951566       0.29394992       0.33790782
       0.41091130       0.28826827       0.33032588
       0.40268777       0.28271164       0.32286479
       0.39484453       0.27729664       0.31555455
       0.38737861       0.27203622       0.30841883
       0.38028516       0.26694024       0.30147595
       0.37355779       0.26201591       0.29473970
       0.36718898       0.25726822       0.28822013
       0.36117033       0.25270027       0.28192415
       0.35549276       0.24831361       0.27585605
       0.35014676       0.24410847       0.27001797
       0.34512248       0.24008395       0.26441027
       0.34040990       0.23623827       0.25903185
       0.33599888       0.23256886       0.25388040
       0.33187930       0.22907252       0.24895262
       0.32804106       0.22574553       0.24424442
       0.32447416       0.22258374       0.23975106
       0.32116875       0.21958266       0.23546729
       0.31811514       0.21673750       0.23138744
       0.31530382       0.21404325       0.22750549
       0.31272550       0.21149474       0.22381520
       0.31037110       0.20908664       0.22031010
       0.30823179       0.20681356       0.21698359
       0.30629897       0.20467002       0.21382897
       0.30456430       0.20265051       0.21083947
       0.30301967       0.20074953       0.20800829
       0.30165727       0.19896159       0.20532862
       0.30046953       0.19728124       0.20279367
       0.29944916       0.19570311       0.20039669
       0.29858914       0.19422191       0.19813102
       0.29788274       0.19283245       0.19599005
       0.29732351       0.19152970       0.19396731
       0.29690528       0.19030876       0.19205647
       0.29662219       0.18916492       0.19025133
       0.29646866       0.18809367       0.18854589
       0.29643941       0.18709071       0.18693437
       0.29652948       0.18615200       0.18541120
       0.29673418       0.18527378       0.18397111
       0.29704915       0.18445255       0.18260910
       0.29747033       0.18368518       0.18132052
       0.29799394       0.18296884       0.18010109
       0.29861651       0.18230109       0.17894692
       0.29933484       0.18167988       0.17785456
       0.30014600       0.18110358       0.17682106
       0.30104734       0.18057095       0.17584397
       0.30203642       0.18008126       0.17492139
       0.30311102       0.17963420       0.17405204
       0.30426912       0.17922995       0.17323523
       0.30550884       0.17886916       0.17247097
       0.30682840       0.17855296       0.17175994
       0.30822611       0.17828297       0.17110352
       0.30970028       0.17806123       0.17050382
       0.31124919       0.17789025       0.16996371
       0.31287101       0.17777293       0.16948673
       0.31456375       0.17771253       0.16907717
       0.31632518       0.17771261       0.16873998
       0.31815275       0.17777698       0.16848072
       0.32004352       0.17790961       0.16830554
       0.32199408       0.17811457       0.16822103
       0.32400048       0.17839588       0.16823415
       0.32605812       0.17875744       0.16835208
       0.32816175       0.17920290       0.16858209
       0.33030534       0.17973554       0.16893136
       0.33248207       0.18035813       0.16940679
       0.33468426       0.18107281       0.17001478
       0.33690338       0.18188092       0.17076103
       0.33913003       0.18278294       0.17165033
       0.34135396       0.18377833       0.17268631
       0.34356411       0.18486543       0.17387124
       0.34574867       0.18604139       0.17520581
       0.34789516       0.18730212       0.17668898
       0.34999055       0.18864222       0.17831782
       0.35202141       0.19005503       0.18008738
       0.35397400       0.19153258       0.18199065
       0.35583452       0.19306575       0.18401852
       0.35758924       0.19464426       0.18615985
       0.35922470       0.19625688       0.18840153
       0.36072792       0.19789151       0.19072865
       0.36208657       0.19953539       0.19312466
       0.36328918       0.20117533       0.19557169
       0.36432527       0.20279782       0.19805076
       0.36518557       0.20438935       0.20054215
       0.36586208       0.20593657       0.20302569
       0.36634824       0.20742650       0.20548115
       0.36663894       0.20884674       0.20788855
       0.36673065       0.21018568       0.21022851
       0.36662136       0.21143258       0.21248254
       0.36631062       0.21257781       0.21463335
       0.36579948       0.21361286       0.21666502
       0.36509045       0.21453046       0.21856330
       0.36418738       0.21532466       0.22031563
       0.36309539       0.21599076       0.22191138
       0.36182072       0.21652541       0.22334179
       0.36037063       0.21692648       0.22460005
       0.35875326       0.21719309       0.22568126
       0.35697747       0.21732548       0.22658234
       0.35505271       0.21732496       0.22730198
       0.35298890       0.21719382       0.22784051
       0.35079628       0.21693517       0.22819973
       0.34848531       0.21655294       0.22838281
       0.34606651       0.21605166       0.22839412
       0.34355042       0.21543643       0.22823906
       0.34094746       0.21471279       0.22792391
       0.33826786       0.21388663       0.22745565
       0.33552159       0.21296410       0.22684188
       0.33271833       0.21195151       0.22609061
       0.32986738       0.21085527       0.22521016
       0.32697764       0.20968184       0.22420907
       0.32405759       0.20843761       0.22309595
       0.32111524       0.20712892       0.22187941
       0.31815816       0.20576198       0.22056799
       0.31519343       0.20434281       0.21917010
       0.31222768       0.20287726       0.21769391
       0.30926706       0.20137097       0.21614738
       0.30631725       0.19982931       0.21453814
       0.30338352       0.19825743       0.21287355
       0.30047067       0.19666020       0.21116060
       0.29758310       0.19504225       0.20940594
       0.29472482       0.19340792       0.20761587
       0.29189945       0.19176129       0.20579630
       0.28911024       0.19010620       0.20395281
       0.28636014       0.18844621       0.20209060
       0.28365175       0.18678464       0.20021452
       0.28098738       0.18512457       0.19832908
       0.27836907       0.18346886       0.19643846
       0.27579860       0.18182012       0.19454651
       0.27327753       0.18018078       0.19265681
       0.27080718       0.17855307       0.19077260
       0.26838867       0.17693902       0.18889688
       0.26602295       0.17534048       0.18703239
       0.26371080       0.17375916       0.18518161
       0.26145284       0.17219658       0.18334680
       0.25924958       0.17065417       0.18153000
       0.25710136       0.16913317       0.17973307
       0.25500847       0.16763474       0.17795767
       0.25297105       0.16615991       0.17620528
       0.25098918       0.16470962       0.17447725
       0.24906286       0.16328471       0.17277477
       0.24719203       0.16188594       0.17109890
       0.24537657       0.16051399       0.16945057
       0.24361631       0.15916949       0.16783063
       0.24191104       0.15785299       0.16623981
       0.24026053       0.15656499       0.16467876
       0.23866451       0.15530596       0.16314805
       0.23712270       0.15407633       0.16164818
       0.23563480       0.15287648       0.16017959
       0.23420051       0.15170678       0.15874267
       0.23281952       0.15056758       0.15733778
       0.23149154       0.14945919       0.15596521
       0.23021626       0.14838195       0.15462526
       0.22899340       0.14733616       0.15331816
       0.22782268       0.14632212       0.15204417
       0.22670383       0.14534015       0.15080351
       0.22563662       0.14439056       0.14959639
       0.22462082       0.14347367       0.14842304
       0.22365623       0.14258980       0.14728366
       0.22274267       0.14173932       0.14617850
       0.22187999       0.14092256       0.14510778
       0.22106805       0.14013992       0.14407176
       0.22030676       0.13939179       0.14307071
       0.21959602       0.13867858       0.14210491
       0.21893580       0.13800073       0.14117468
       0.21832606       0.13735871       0.14028036
       0.21776679       0.13675299       0.13942231
       0.21725801       0.13618408       0.13860094
       0.21679977       0.13565251       0.13781666
       0.21639211       0.13515884       0.13706993
       0.21603512       0.13470363       0.13636125
       0.21572888       0.13428747       0.13569114
       0.21547350       0.13391098       0.13506015
       0.21526910       0.13357478       0.13446887
       0.21511578       0.13327952       0.13391793
       0.21501368       0.13302585       0.13340796
       0.21496291       0.13281444       0.13293964
       0.21496359       0.13264594       0.13251369
       0.21501583       0.13252104       0.13213082
       0.21511973       0.13244039       0.13179178
       0.21527534       0.13240467       0.13149735
       0.21548274       0.13241453       0.13124828
       0.21574195       0.13247059       0.13104538
       0.21605296       0.13257348       0.13088942
       0.21641571       0.13272378       0.13078120
       0.21683014       0.13292205       0.13072151
       0.21729610       0.13316880       0.13071110
       0.21781340       0.13346450       0.13075072
       0.21838180       0.13380959       0.13084109
       0.21900099       0.13420441       0.13098291
       0.21967059       0.13464928       0.13117682
       0.22039017       0.13514441       0.13142340
       0.22115920       0.13568998       0.13172321
       0.22197709       0.13628604       0.13207671
       0.22284314       0.13693258       0.13248431
       0.22375660       0.13762948       0.13294632
       0.22471661       0.13837654       0.13346297
       0.22572223       0.13917345       0.13403440
       0.22677242       0.14001976       0.13466064
       0.22786607       0.14091494       0.13534160
       0.22900194       0.14185834       0.13607709
       0.23017874       0.14284917       0.13686678
       0.23139507       0.14388653       0.13771023
       0.23264943       0.14496940       0.13860684
       0.23394025       0.14609662       0.13955591
       0.23526587       0.14726692       0.14055656
       0.23662454       0.14847888       0.14160779
       0.23801444       0.14973099       0.14270846
       0.23943368       0.15102160       0.14385728
       0.24088030       0.15234893       0.14505282
       0.24235225       0.15371111       0.14629351
       0.24384745       0.15510614       0.14757765
       0.24536376       0.15653193       0.14890340
       0.24689898       0.15798627       0.15026879
       0.24845086       0.15946687       0.15167174
       0.25001713       0.16097135       0.15311006
       0.25159548       0.16249727       0.15458144
       0.25318356       0.16404207       0.15608349
       0.25477902       0.16560318       0.15761372
       0.25637945       0.16717794       0.15916957
       0.25798246       0.16876365       0.16074841
       0.25958565       0.17035758       0.16234754
       0.26118657       0.17195694       0.16396424
       0.26278282       0.17355895       0.16559574
       0.26437195       0.17516078       0.16723924
       0.26595152       0.17675961       0.16889192
       0.26751910       0.17835259       0.17055096
       0.26907224       0.17993691       0.17221354
       0.27060851       0.18150972       0.17387685
       0.27212544       0.18306820       0.17553809
       0.27362059       0.18460955       0.17719448
       0.27509149       0.18613096       0.17884328
       0.27653566       0.18762967       0.18048178
       0.27795062       0.18910289       0.18210728
       0.27933386       0.19054790       0.18371713
       0.28068286       0.19196195       0.18530872
       0.28199505       0.19334234       0.18687946
       0.28326787       0.19468636       0.18842681
       0.28449870       0.19599131       0.18994824
       0.28568489       0.19725451       0.19144125
       0.28682375       0.19847327       0.19290335
       0.28791256       0.19964491       0.19433207
       0.28894855       0.20076672       0.19572494
       0.28992889       0.20183600       0.19707948
       0.29085071       0.20285001       0.19839318
       0.29171113       0.20380601       0.19966353
       0.29250716       0.20470121       0.20088797
       0.29323582       0.20553280       0.20206387
       0.29389408       0.20629792       0.20318858
       0.29447885       0.20699367       0.20425935
       0.29498705       0.20761712       0.20527336
       0.29541554       0.20816527       0.20622768
       0.29576122       0.20863507       0.20711929
       0.29602094       0.20902342       0.20794507
       0.29619160       0.20932719       0.20870174
       0.29627012       0.20954318       0.20938593
       0.29625346       0.20966815       0.20999411
       0.29613866       0.20969880       0.21052262
       0.29592283       0.20963184       0.21096766
       0.29560321       0.20946392       0.21132526
       0.29517716       0.20919169       0.21159133
       0.29464221       0.20881180       0.21176164
       0.29399608       0.20832092       0.21183182
       0.29323672       0.20771574       0.21179735
       0.29236233       0.20699303       0.21165363
       0.29137140       0.20614961       0.21139594
       0.29026276       0.20518242       0.21101946
       0.28903561       0.20408855       0.21051932
       0.28768955       0.20286523       0.20989062
       0.28622463       0.20150990       0.20912841
       0.28464143       0.20002027       0.20822778
       0.28294103       0.19839429       0.20718387
       0.28112513       0.19663028       0.20599191
       0.27919606       0.19472691       0.20464726
       0.27715684       0.19268332       0.20314546
       0.27501124       0.19049911       0.20148232
       0.27276380       0.18817445       0.19965392
       0.27041992       0.18571012       0.19765672
       0.26798588       0.18310760       0.19548761
       0.26546890       0.18036911       0.19314400
       0.26287718       0.17749773       0.19062394
       0.26021998       0.17449746       0.18792613
       0.25750761       0.17137327       0.18505012
       0.25475148       0.16813125       0.18199634
       0.25196416       0.16477866       0.17876629
       0.24915939       0.16132402       0.17536262
       0.24635207       0.15777722       0.17178928
       0.24355830       0.15414957       0.16805168
       0.24079536       0.15045394       0.16415686
       0.23808166       0.14670480       0.16011359
       0.23543676       0.14291831       0.15593263
       0.23288124       0.13911239       0.15162680
       0.23043665       0.13530675       0.14721127
       0.22812541       0.13152294       0.14270362
       0.22597065       0.12778435       0.13812409
       0.22399603       0.12411621       0.13349568
       0.22222555       0.12054551       0.12884430
       0.22068331       0.11710094       0.12419890
       0.21939318       0.11381275       0.11959149
       0.21837853       0.11071255       0.11505720
       0.21766184       0.10783308       0.11063421
       0.21726427       0.10520791       0.10636366
       0.21720526       0.10287106       0.10228944
       0.21750201       0.10085655       0.09845790
       0.21816902       0.09919790       0.09491742
       0.21921755       0.09792752       0.09171788
       0.22065510       0.09707607       0.08891002
       0.22248490       0.09667175       0.08654460
       0.22470545       0.09673952       0.08467147
       0.22731002       0.09730027       0.08333849
       0.23028635       0.09837005       0.08259038
       0.23361630       0.09995926       0.08246736
       0.23727568       0.10207184       0.08300388
       0.24123419       0.10470460       0.08422719
       0.24545552       0.10784660       0.08615601
       0.24989756       0.11147868       0.08879928
       0.25451282       0.11557317       0.09215495
       0.25924898       0.12009377       0.09620912
       0.26404963       0.12499562       0.10093529
       0.26885518       0.13022568       0.10629400
       0.27360383       0.13572324       0.11223275
       0.27823270       0.14142074       0.11868638
       0.28267907       0.14724478       0.12557774
       0.28688157       0.15311729       0.13281880
       0.29078146       0.15895688       0.14031206
       0.29432379       0.16468030       0.14795230
       0.29745858       0.17020394       0.15562849
       0.30014181       0.17544537       0.16322600
       0.30233634       0.18032475       0.17062870
       0.30401261       0.18476630       0.17772121
       0.30514926       0.18869946       0.18439096
       0.30573351       0.19206008       0.19053011
       0.30576139       0.19479121       0.19603726
       0.30523788       0.19684393       0.20081882
       0.30417685       0.19817781       0.20479018
       0.30260090       0.19876127       0.20787650
       0.30054121       0.19857185       0.21001325
       0.29803721       0.19759624       0.21114645
       0.29513633       0.19583037       0.21123283
       0.29189369       0.19327937       0.21023969
       0.28837187       0.18995764       0.20814488
       0.28464063       0.18588893       0.20493671
       0.28077674       0.18110652       0.20061402
       0.27686374       0.17565363       0.19518651
       0.27299181       0.16958392       0.18867538
       0.26925747       0.16296220       0.18111441
       0.26576325       0.15586535       0.17255156
       0.26261717       0.14838331       0.16305110
       0.25993193       0.14062026       0.15269636
       0.25782375       0.13269562       0.14159305
       0.25641062       0.12474497       0.12987297
       0.25581004       0.11692052       0.11769801
       0.25613587       0.10939092       0.10526393
       0.25749443       0.10234006       0.09280354
       0.25997975       0.09596456       0.08058846
       0.26366789       0.09046960       0.06892869
       0.26861075       0.08606283       0.05816895
       0.27482951       0.08294615       0.04868091
       0.28230832       0.08130562       0.04085049
       0.29098879       0.08129968       0.03505997
       0.30076618       0.08304667       0.03166527
       0.31148802       0.08661264       0.03096960
       0.32295583       0.09200084       0.03319592
       0.33493045       0.09914462       0.03846127
       0.34714113       0.10790495       0.04675656
       0.35929768       0.11807360       0.05793559
       0.37110509       0.12938236       0.07171562
       0.38227909       0.14151749       0.08769086
       0.39256103       0.15413834       0.10535776
       0.40173086       0.16689778       0.12414940
       0.40961662       0.17946241       0.14347457
       0.41609995       0.19153036       0.16275689
       0.42111733       0.20284491       0.18146928
       0.42465738       0.21320320       0.19916044
       0.42675506       0.22245969       0.21547169
       0.42748377       0.23052512       0.23014381
       0.42694628       0.23736160       0.24301506
       0.42526563       0.24297539       0.25401247
       0.42257662       0.24740825       0.26313869
       0.41901839       0.25072857       0.27045659
       0.41472842       0.25302295       0.27607357
       0.40983802       0.25438879       0.28012700
       0.40446912       0.25492818       0.28277151
       0.39873237       0.25474307       0.28416865
       0.39272617       0.25393174       0.28447894
       0.38653649       0.25258640       0.28385615
       0.38023725       0.25079176       0.28244350
       0.37389109       0.24862422       0.28037146
       0.36755036       0.24615177       0.27775673
       0.36125824       0.24343415       0.27470216
       0.35504982       0.24052337       0.27129724
       0.34895326       0.23746432       0.26761899
       0.34299078       0.23429545       0.26373313
       0.33717958       0.23104956       0.25969531
       0.33153270       0.22775444       0.25555227
       0.32605973       0.22443357       0.25134311
       0.32076743       0.22110672       0.24710033
       0.31566026       0.21779049       0.24285085
       0.31074083       0.21449878       0.23861684
       0.30601026       0.21124320       0.23441654
       0.30146849       0.20803344       0.23026485
       0.29711453       0.20487756       0.22617396
       0.29294667       0.20178225       0.22215374
       0.28896262       0.19875304       0.21821219
       0.28515969       0.19579448       0.21435574
       0.28153482       0.19291030       0.21058955
       0.27808472       0.19010353       0.20691770
       0.27480594       0.18737658       0.20334337
       0.27169487       0.18473139       0.19986902
       0.26874782       0.18216942       0.19649650
       0.26596105       0.17969177       0.19322716
       0.26333077       0.17729922       0.19006189
       0.26085318       0.17499224       0.18700125
       0.25852446       0.17277107       0.18404547
       0.25634080       0.17063573       0.18119454
       0.25429840       0.16858603       0.17844822
       0.25239347       0.16662164       0.17580609
       0.25062226       0.16474204       0.17326754
       0.24898100       0.16294660       0.17083185
       0.24746597       0.16123458       0.16849817
       0.24607345       0.15960511       0.16626553
       0.24479977       0.15805723       0.16413287
       0.24364124       0.15658990       0.16209907
       0.24259422       0.15520201       0.16016291
       0.24165506       0.15389236       0.15832312
       0.24082016       0.15265972       0.15657839
       0.24008591       0.15150276       0.15492733
       0.23944871       0.15042014       0.15336853
       0.23890499       0.14941046       0.15190054
       0.23845117       0.14847227       0.15052185
       0.23808370       0.14760408       0.14923095
       0.23779902       0.14680438       0.14802627
       0.23759359       0.14607161       0.14690623
       0.23746387       0.14540419       0.14586921
       0.23740632       0.14480049       0.14491357
       0.23741742       0.14425889       0.14403764
       0.23749364       0.14377769       0.14323972
       0.23763147       0.14335520       0.14251807
       0.23782739       0.14298969       0.14187094
       0.23807790       0.14267940       0.14129653
       0.23837950       0.14242255       0.14079302
       0.23872871       0.14221732       0.14035855
       0.23912204       0.14206188       0.13999121
       0.23955604       0.14195436       0.13968907
       0.24002725       0.14189287       0.13945015
       0.24053224       0.14187549       0.13927243
       0.24106762       0.14190027       0.13915383
       0.24162999       0.14196524       0.13909225
       0.24221601       0.14206840       0.13908553
       0.24282236       0.14220773       0.13913145
       0.24344576       0.14238120       0.13922777
       0.24408300       0.14258672       0.13937218
       0.24473088       0.14282223       0.13956232
       0.24538628       0.14308562       0.13979581
       0.24604615       0.14337478       0.14007020
       0.24670749       0.14368758       0.14038301
       0.24736738       0.14402191       0.14073173
       0.24802300       0.14437563       0.14111379
       0.24867158       0.14474660       0.14152662
       0.24931048       0.14513272       0.14196762
       0.24993714       0.14553186       0.14243414
       0.25054911       0.14594195       0.14292357
       0.25114406       0.14636090       0.14343326
       0.25171977       0.14678667       0.14396056
       0.25227415       0.14721726       0.14450285
       0.25280521       0.14765069       0.14505751
       0.25331112       0.14808506       0.14562196
       0.25379018       0.14851847       0.14619364
       0.25424082       0.14894912       0.14677005
       0.25466161       0.14937526       0.14734872
       0.25505126       0.14979519       0.14792727
       0.25540863       0.15020731       0.14850336
       0.25573273       0.15061007       0.14907474
       0.25602269       0.15100203       0.14963923
       0.25627779       0.15138180       0.15019476
       0.25649747       0.15174810       0.15073935
       0.25668129       0.15209975       0.15127111
       0.25682895       0.15243563       0.15178827
       0.25694028       0.15275474       0.15228917
       0.25701525       0.15305616       0.15277227
       0.25705393       0.15333909       0.15323614
       0.25705654       0.15360280       0.15367947
       0.25702339       0.15384667       0.15410109
       0.25695491       0.15407017       0.15449994
       0.25685164       0.15427287       0.15487509
       0.25671419       0.15445441       0.15522572
       0.25654329       0.15461456       0.15555115
       0.25633974       0.15475314       0.15585081
       0.25610441       0.15487007       0.15612425
       0.25583826       0.15496534       0.15637114
       0.25554230       0.15503904       0.15659124
       0.25521758       0.15509131       0.15678443
       0.25486524       0.15512236       0.15695071
       0.25448644       0.15513249       0.15709015
       0.25408238       0.15512204       0.15720291
       0.25365428       0.15509140       0.15728927
       0.25320342       0.15504104       0.15734956
       0.25273105       0.15497144       0.15738419
       0.25223848       0.15488316       0.15739366
       0.25172701       0.15477679       0.15737852
       0.25119794       0.15465293       0.15733936
       0.25065258       0.15451223       0.15727686
       0.25009222       0.15435538       0.15719173
       0.24951816       0.15418307       0.15708472
       0.24893167       0.15399602       0.15695661
       0.24833401       0.15379496       0.15680824
       0.24772643       0.15358064       0.15664045
       0.24711015       0.15335380       0.15645410
       0.24648636       0.15311520       0.15625009
       0.24585623       0.15286560       0.15602932
       0.24522090       0.15260577       0.15579270
       0.24458147       0.15233646       0.15554115
       0.24393901       0.15205841       0.15527559
       0.24329458       0.15177237       0.15499693
       0.24264916       0.15147907       0.15470608
       0.24200373       0.15117923       0.15440396
       0.24135921       0.15087356       0.15409146
       0.24071650       0.15056274       0.15376946
       0.24007644       0.15024746       0.15343884
       0.23943986       0.14992837       0.15310044
       0.23880751       0.14960611       0.15275509
       0.23818015       0.14928129       0.15240363
       0.23755845       0.14895452       0.15204683
       0.23694309       0.14862636       0.15168547
       0.23633467       0.14829737       0.15132030
       0.23573377       0.14796809       0.15095204
       0.23514092       0.14763901       0.15058138
       0.23455665       0.14731062       0.15020900
       0.23398139       0.14698338       0.14983555
       0.23341559       0.14665772       0.14946163
       0.23285964       0.14633406       0.14908785
       0.23231388       0.14601279       0.14871476
       0.23177865       0.14569426       0.14834290
       0.23125422       0.14537882       0.14797277
       0.23074085       0.14506678       0.14760485
       0.23023877       0.14475843       0.14723961
       0.22974816       0.14445404       0.14687744
       0.22926918       0.14415385       0.14651876
       0.22880197       0.14385809       0.14616394
       0.22834661       0.14356696       0.14581330
       0.22790319       0.14328063       0.14546718
       0.22747176       0.14299925       0.14512584
       0.22705232       0.14272297       0.14478957
       0.22664488       0.14245189       0.14445859
       0.22624940       0.14218612       0.14413311
       0.22586584       0.14192571       0.14381332
       0.22549411       0.14167073       0.14349939
       0.22513413       0.14142121       0.14319144
       0.22478578       0.14117717       0.14288961
       0.22444891       0.14093861       0.14259397
       0.22412339       0.14070552       0.14230460
       0.22380904       0.14047785       0.14202154
       0.22350567       0.14025557       0.14174484
       0.22321309       0.14003861       0.14147449
       0.22293108       0.13982689       0.14121048
       0.22265942       0.13962033       0.14095279
       0.22239787       0.13941882       0.14070136
       0.22214617       0.13922226       0.14045613
       0.22190409       0.13903051       0.14021702
       0.22167134       0.13884345       0.13998394
       0.22144767       0.13866093       0.13975676
       0.22123279       0.13848281       0.13953536
       0.22102643       0.13830892       0.13931961
       0.22082830       0.13813911       0.13910935
       0.22063813       0.13797321       0.13890442
       0.22045562       0.13781104       0.13870464
       0.22028049       0.13765243       0.13850984
       0.22011246       0.13749722       0.13831981
       0.21995126       0.13734521       0.13813437
       0.21979661       0.13719623       0.13795331
       0.21964825       0.13705012       0.13777642
       0.21950592       0.13690669       0.13760348
       0.21936937       0.13676579       0.13743428
       0.21923837       0.13662724       0.13726861
       0.21911268       0.13649090       0.13710623
       0.21899209       0.13635661       0.13694695
       0.21887641       0.13622423       0.13679053
       0.21876544       0.13609364       0.13663677
       0.21865903       0.13596473       0.13648547
       0.21855703       0.13583737       0.13633643
       0.21845931       0.13571149       0.13618945
       0.21836576       0.13558702       0.13604434
       0.21827629       0.13546388       0.13590095
       0.21819086       0.13534205       0.13575911
       0.21810941       0.13522150       0.13561867
       0.21803194       0.13510223       0.13547951
       0.21795846       0.13498427       0.13534150
       0.21788901       0.13486767       0.13520456
       0.21782368       0.13475249       0.13506861
       0.21776256       0.13463882       0.13493360
       0.21770578       0.13452680       0.13479949
       0.21765350       0.13441658       0.13466628
       0.21760593       0.13430833       0.13453399
       0.21756328       0.13420226       0.13440266
       0.21752583       0.13409863       0.13427237
       0.21749386       0.13399769       0.13414323
       0.21746770       0.13389977       0.13401538
       0.21744771       0.13380520       0.13388899
       0.21743430       0.13371435       0.13376425
       0.21742788       0.13362763       0.13364143
       0.21742893       0.13354550       0.13352078
       0.21743793       0.13346843       0.13340264
       0.21745542       0.13339694       0.13328735
       0.21748195       0.13333158       0.13317531
       0.21751813       0.13327293       0.13306695
       0.21756457       0.13322164       0.13296276
       0.21762192       0.13317834       0.13286324
       0.21769086       0.13314375       0.13276897
       0.21777209       0.13311857       0.13268053
       0.21786635       0.13310359       0.13259859
       0.21797439       0.13309958       0.13252381
       0.21809697       0.13310738       0.13245693
       0.21823489       0.13312783       0.13239872
       0.21838895       0.13316181       0.13234998
       0.21855996       0.13321023       0.13231157
       0.21874877       0.13327401       0.13228436
       0.21895619       0.13335410       0.13226929
       0.21918307       0.13345146       0.13226729
       0.21943025       0.13356707       0.13227937
       0.21969856       0.13370193       0.13230653
       0.21998882       0.13385702       0.13234982
       0.22030186       0.13403335       0.13241030
       0.22063847       0.13423192       0.13248907
       0.22099943       0.13445373       0.13258722
       0.22138551       0.13469977       0.13270587
       0.22179743       0.13497100       0.13284614
       0.22223590       0.13526838       0.13300917
       0.22270156       0.13559286       0.13319607
       0.22319506       0.13594533       0.13340798
       0.22371695       0.13632666       0.13364598
       0.22426778       0.13673770       0.13391118
       0.22484800       0.13717922       0.13420464
       0.22545805       0.13765197       0.13452740
       0.22609827       0.13815662       0.13488045
       0.22676895       0.13869382       0.13526477
       0.22747031       0.13926410       0.13568125
       0.22820251       0.13986796       0.13613076
       0.22896561       0.14050581       0.13661408
       0.22975960       0.14117798       0.13713195
       0.23058441       0.14188471       0.13768501
       0.23143987       0.14262615       0.13827384
       0.23232571       0.14340237       0.13889893
       0.23324160       0.14421331       0.13956066
       0.23418712       0.14505885       0.14025934
       0.23516174       0.14593874       0.14099516
       0.23616487       0.14685261       0.14176820
       0.23719582       0.14780002       0.14257845
       0.23825380       0.14878038       0.14342576
       0.23933795       0.14979301       0.14430989
       0.24044732       0.15083712       0.14523046
       0.24158088       0.15191180       0.14618698
       0.24273750       0.15301601       0.14717882
       0.24391599       0.15414864       0.14820526
       0.24511507       0.15530844       0.14926542
       0.24633340       0.15649407       0.15035833
       0.24756956       0.15770407       0.15148289
       0.24882206       0.15893689       0.15263787
       0.25008935       0.16019088       0.15382195
       0.25136980       0.16146431       0.15503367
       0.25266175       0.16275533       0.15627150
       0.25396348       0.16406205       0.15753377
       0.25527320       0.16538246       0.15881876
       0.25658908       0.16671449       0.16012461
       0.25790926       0.16805602       0.16144942
       0.25923183       0.16940485       0.16279118
       0.26055482       0.17075871       0.16414782
       0.26187626       0.17211530       0.16551722
       0.26319412       0.17347226       0.16689719
       0.26450634       0.17482720       0.16828547
       0.26581085       0.17617769       0.16967979
       0.26710553       0.17752125       0.17107783
       0.26838823       0.17885538       0.17247721
       0.26965679       0.18017758       0.17387555
       0.27090902       0.18148529       0.17527045
       0.27214269       0.18277595       0.17665947
       0.27335555       0.18404699       0.17804016
       0.27454534       0.18529581       0.17941007
       0.27570975       0.18651981       0.18076672
       0.27684645       0.18771637       0.18210763
       0.27795309       0.18888285       0.18343031
       0.27902728       0.19001662       0.18473225
       0.28006662       0.19111501       0.18601093
       0.28106867       0.19217536       0.18726382
       0.28203096       0.19319497       0.18848836
       0.28295100       0.19417114       0.18968198
       0.28382628       0.19510114       0.19084205
       0.28465426       0.19598222       0.19196595
       0.28543237       0.19681161       0.19305099
       0.28615805       0.19758649       0.19409442
       0.28682872       0.19830404       0.19509345
       0.28744177       0.19896140       0.19604522
       0.28799463       0.19955565       0.19694680
       0.28848472       0.20008387       0.19779518
       0.28890949       0.20054309       0.19858723
       0.28926641       0.20093030       0.19931976
       0.28955303       0.20124246       0.19998944
       0.28976693       0.20147650       0.20059285
       0.28990578       0.20162934       0.20112642
       0.28996738       0.20169784       0.20158647
       0.28994962       0.20167889       0.20196918
       0.28985055       0.20156936       0.20227060
       0.28966842       0.20136610       0.20248664
       0.28940166       0.20106604       0.20261307
       0.28904896       0.20066610       0.20264553
       0.28860929       0.20016329       0.20257954
       0.28808192       0.19955470       0.20241048
       0.28746651       0.19883753       0.20213365
       0.28676309       0.19800913       0.20174426
       0.28597218       0.19706704       0.20123744
       0.28509478       0.19600902       0.20060829
       0.28413246       0.19483309       0.19985191
       0.28308741       0.19353763       0.19896341
       0.28196248       0.19212136       0.19793803
       0.28076128       0.19058349       0.19677110
       0.27948820       0.18892372       0.19545817
       0.27814852       0.18714239       0.19399507
       0.27674843       0.18524050       0.19237801
       0.27529512       0.18321984       0.19060364
       0.27379684       0.18108310       0.18866922
       0.27226296       0.17883395       0.18657270
       0.27070400       0.17647720       0.18431289
       0.26913174       0.17401888       0.18188964
       0.26755917       0.17146639       0.17930399
       0.26600059       0.16882863       0.17655841
       0.26447158       0.16611613       0.17365698
       0.26298902       0.16334121       0.17060565
       0.26157101       0.16051806       0.16741251
       0.26023686       0.15766289       0.16408804
       0.25900697       0.15479401       0.16064537
       0.25790269       0.15193195       0.15710060
       0.25694619       0.14909946       0.15347305
       0.25616017       0.14632153       0.14978549
       0.25556766       0.14362539       0.14606441
       0.25519166       0.14104033       0.14234012
       0.25505477       0.13859763       0.13864691
       0.25517876       0.13633021       0.13502302
       0.25558409       0.13427236       0.13151050
       0.25628941       0.13245926       0.12815501
       0.25731098       0.13092645       0.12500535
       0.25866214       0.12970920       0.12211284
       0.26035275       0.12884177       0.11953056
       0.26238861       0.12835658       0.11731227
       0.26477108       0.12828338       0.11551125
       0.26749658       0.12864831       0.11417886
       0.27055639       0.12947300       0.11336307
       0.27393649       0.13077378       0.11310680
       0.27761755       0.13256085       0.11344635
       0.28157517       0.13483774       0.11440987
       0.28578024       0.13760086       0.11601597
       0.29019953       0.14083930       0.11827269
       0.29479642       0.14453492       0.12117673
       0.29953175       0.14866265       0.12471318
       0.30436489       0.15319109       0.12885571
       0.30925466       0.15808335       0.13356719
       0.31416050       0.16329806       0.13880087
       0.31904338       0.16879056       0.14450190
       0.32386676       0.17451413       0.15060918
       0.32859733       0.18042129       0.15705738
       0.33320562       0.18646496       0.16377911
       0.33766637       0.19259961       0.17070693
       0.34195882       0.19878213       0.17777531
       0.34606664       0.20497259       0.18492215
       0.34997784       0.21113473       0.19209018
       0.35368450       0.21723630       0.19922777
       0.35718234       0.22324912       0.20628951
       0.36047032       0.22914903       0.21323635
       0.36355012       0.23491570       0.22003550
       0.36642567       0.24053228       0.22666001
       0.36910273       0.24598511       0.23308823
       0.37158843       0.25126328       0.23930313
       0.37389099       0.25635828       0.24529162
       0.37601943       0.26126366       0.25104382
       0.37798334       0.26597472       0.25655246
       0.37979279       0.27048828       0.26181236
       0.38145821       0.27480251       0.26681994
       0.38299034       0.27891678       0.27157300
       0.38440028       0.28283159       0.27607040
       0.38569943       0.28654853       0.28031207
       0.38689954       0.29007027       0.28429887
       0.38801273       0.29340056       0.28803268
       0.38905151       0.29654423       0.29151646
       0.39002875       0.29950719       0.29475429
       0.39095766       0.30229646       0.29775150
       0.39185179       0.30492011       0.30051474
       0.39272492       0.30738724       0.30305200
       0.39359103       0.30970794       0.30537267
       0.39446418       0.31189317       0.30748751
       0.39535843       0.31395473       0.30940864
       0.39628771       0.31590510       0.31114944
       0.39726570       0.31775734       0.31272447
       0.39830575       0.31952499       0.31414934
       0.39942070       0.32122187       0.31544059
       0.40062283       0.32286202       0.31661551
       0.40192366       0.32445948       0.31769198
       0.40333395       0.32602824       0.31868830
       0.40486350       0.32758202       0.31962303
       0.40652112       0.32913420       0.32051478
       0.40831453       0.33069769       0.32138206
       0.41025032       0.33228479       0.32224310
       0.41233382       0.33390710       0.32311570
       0.41456914       0.33557541       0.32401706
       0.41695906       0.33729963       0.32496363
       0.41950509       0.33908871       0.32597097
       0.42220735       0.34095054       0.32705362
       0.42506469       0.34289192       0.32822498
       0.42807462       0.34491851       0.32949720
       0.43123337       0.34703477       0.33088106
       0.43453594       0.34924395       0.33238591
       0.43797612       0.35154810       0.33401958
       0.44154659       0.35394802       0.33578834
       0.44523897       0.35644329       0.33769680
       0.44904393       0.35903233       0.33974799
       0.45295124       0.36171238       0.34194323
       0.45694994       0.36447958       0.34428224
       0.46102839       0.36732902       0.34676313
       0.46517439       0.37025481       0.34938243
       0.46937535       0.37325018       0.35213521
       0.47361835       0.37630753       0.35501512
       0.47789027       0.37941857       0.35801451
       0.48217793       0.38257438       0.36112457
       0.48646820       0.38576555       0.36433543
       0.49074806       0.38898224       0.36763631
       0.49500474       0.39221436       0.37101565
       0.49922582       0.39545159       0.37446132
       0.50339926       0.39868353       0.37796068
       0.50751352       0.40189978       0.38150081
       0.51155757       0.40509004       0.38506861
       0.51552097       0.40824416       0.38865096
       0.51939389       0.41135221       0.39223481
       0.52316714       0.41440459       0.39580733
       0.52683217       0.41739200       0.39935600
       0.53038106       0.42030553       0.40286868
       0.53380658       0.42313668       0.40633369
       0.53710207       0.42587735       0.40973986
       0.54026150       0.42851989       0.41307658
       0.54327943       0.43105704       0.41633382
       0.54615092       0.43348197       0.41950212
       0.54887158       0.43578825       0.42257261
       0.55143745       0.43796979       0.42553699
       0.55384502       0.44002088       0.42838751
       0.55609114       0.44193606       0.43111692
       0.55817302       0.44371018       0.43371846
       0.56008817       0.44533829       0.43618577
       0.56183436       0.44681563       0.43851287
       0.56340957       0.44813756       0.44069411
       0.56481198       0.44929953       0.44272408
       0.56603994       0.45029704       0.44459756
       0.56709189       0.45112557       0.44630947
       0.56796642       0.45178054       0.44785478
       0.56866215       0.45225726       0.44922847
       0.56917779       0.45255090       0.45042545
       0.56951208       0.45265642       0.45144046
       0.56966382       0.45256852       0.45226806
       0.56963181       0.45228163       0.45290249
       0.56941491       0.45178980       0.45333767
       0.56901200       0.45108674       0.45356705
       0.56842202       0.45016570       0.45358357
       0.56764399       0.44901947       0.45337957
       0.56667704       0.44764034       0.45294671
       0.56552044       0.44602006       0.45227586
       0.56417366       0.44414980       0.45135703
       0.56263645       0.44202013       0.45017926
       0.56090892       0.43962102       0.44873049
       0.55899162       0.43694182       0.44699752
       0.55688568       0.43397128       0.44496582
       0.55459297       0.43069755       0.44261950
       0.55211627       0.42710825       0.43994114
       0.54945947       0.42319055       0.43691171
       0.54662782       0.41893128       0.43351052
       0.54362826       0.41431706       0.42971508
       0.54046970       0.40933456       0.42550112
       0.53716346       0.40397075       0.42084259
       0.53372370       0.39821329       0.41571169
       0.53016792       0.39205099       0.41007910
       0.52651758       0.38547441       0.40391422
       0.52279867       0.37847664       0.39718563
       0.51904244       0.37105415       0.38986175
       0.51528615       0.36320800       0.38191181
       0.51157379       0.35494514       0.37330714
       0.50795685       0.34628003       0.36402288
       0.50449502       0.33723652       0.35404033
       0.50125678       0.32784997       0.34334985
       0.49831974       0.31816963       0.33195455
       0.49577071       0.30826121       0.31987483
       0.49370524       0.29820952       0.30715376
       0.49222659       0.28812100       0.29386329
       0.49144382       0.27812592       0.28011118
       0.49146882       0.26837990       0.26604812
       0.49241216       0.25906425       0.25187467
       0.49437756       0.25038470       0.23784696
       0.49745496       0.24256778       0.22427999
       0.50171231       0.23585454       0.21154696
       0.50718641       0.23049088       0.20007307
       0.51387351       0.22671459       0.19032202
       0.52172038       0.22473924       0.18277418
       0.53061733       0.22473599       0.17789628
       0.54039414       0.22681462       0.17610381
       0.55082043       0.23100631       0.17771925
       0.56161131       0.23725046       0.18293103
       0.57243865       0.24538826       0.19175926
       0.58294756       0.25516483       0.20403454
       0.59277668       0.26624081       0.21939501
       0.60158031       0.27821268       0.23730395
       0.60904971       0.29063972       0.25708681
       0.61493125       0.30307413       0.27798315
       0.61903929       0.31509064       0.29920592
       0.62126272       0.32631202       0.31999988
       0.62156503       0.33642786       0.33969167
       0.61997862       0.34520529       0.35772606
       0.61659478       0.35249178       0.37368626
       0.61155106       0.35821116       0.38729860
       0.60501774       0.36235452       0.39842433
       0.59718469       0.36496816       0.40704223
       0.58824983       0.36614041       0.41322618
       0.57840957       0.36598874       0.41712110
       0.56785162       0.36464823       0.41891999
       0.55674993       0.36226194       0.41884381
       0.54526163       0.35897341       0.41712500
       0.53352558       0.35492110       0.41399496
       0.52166209       0.35023471       0.40967505
       0.50977356       0.34503296       0.40437079
       0.49794572       0.33942242       0.39826852
       0.48624914       0.33349735       0.39153400
       0.47474096       0.32734006       0.38431242
       0.46346658       0.32102155       0.37672921
       0.45246134       0.31460260       0.36889154
       0.44175201       0.30813469       0.36089006
       0.43135820       0.30166116       0.35280076
       0.42129358       0.29521820       0.34468682
       0.41156690       0.28883582       0.33660033
       0.40218294       0.28253873       0.32858392
       0.39314325       0.27634708       0.32067217
       0.38444678       0.27027719       0.31289287
       0.37609047       0.26434213       0.30526810
       0.36806963       0.25855220       0.29781523
       0.36037835       0.25291540       0.29054763
       0.35300976       0.24743778       0.28347541
       0.34595632       0.24212378       0.27660597
       0.33920996       0.23697645       0.26994446
       0.33276229       0.23199771       0.26349419
       0.32660468       0.22718855       0.25725698
       0.32072838       0.22254912       0.25123338
       0.31512460       0.21807895       0.24542296
       0.30978457       0.21377698       0.23982445
       0.30469960       0.20964170       0.23443591
       0.29986108       0.20567123       0.22925486
       0.29526053       0.20186336       0.22427840
       0.29088964       0.19821561       0.21950324
       0.28674025       0.19472530       0.21492586
       0.28280438       0.19138954       0.21054248
       0.27907422       0.18820533       0.20634916
       0.27554218       0.18516950       0.20234182
       0.27220081       0.18227883       0.19851630
       0.26904288       0.17953000       0.19486832
       0.26606134       0.17691961       0.19139357
       0.26324932       0.17444424       0.18808770
       0.26060013       0.17210041       0.18494632
       0.25810729       0.16988461       0.18196503
       0.25576445       0.16779333       0.17913942
       0.25356549       0.16582304       0.17646507
       0.25150442       0.16397018       0.17393758
       0.24957544       0.16223123       0.17155256
       0.24777293       0.16060263       0.16930562
       0.24609142       0.15908088       0.16719239
       0.24452562       0.15766245       0.16520854
       0.24307041       0.15634386       0.16334974
       0.24172082       0.15512164       0.16161170
       0.24047204       0.15399236       0.15999018
       0.23931946       0.15295261       0.15848095
       0.23825859       0.15199902       0.15707982
       0.23728512       0.15112826       0.15578268
       0.23639491       0.15033707       0.15458543
       0.23558397       0.14962222       0.15348405
       0.23484847       0.14898052       0.15247456
       0.23418474       0.14840888       0.15155307
       0.23358927       0.14790423       0.15071574
       0.23305870       0.14746359       0.14995883
       0.23258983       0.14708405       0.14927864
       0.23217960       0.14676277       0.14867161
       0.23182511       0.14649698       0.14813424
       0.23152360       0.14628400       0.14766313
       0.23127244       0.14612123       0.14725498
       0.23106915       0.14600613       0.14690662
       0.23091137       0.14593628       0.14661496
       0.23079687       0.14590931       0.14637704
       0.23072353       0.14592296       0.14619002
       0.23068935       0.14597503       0.14605115
       0.23069245       0.14606342       0.14595782
       0.23073101       0.14618611       0.14590754
       0.23080335       0.14634115       0.14589792
       0.23090782       0.14652666       0.14592671
       0.23104288       0.14674085       0.14599175
       0.23120705       0.14698198       0.14609099
       0.23139891       0.14724840       0.14622251
       0.23161707       0.14753849       0.14638448
       0.23186020       0.14785069       0.14657515
       0.23212699       0.14818350       0.14679289
       0.23241617       0.14853547       0.14703614
       0.23272647       0.14890516       0.14730340
       0.23305663       0.14929119       0.14759327
       0.23340540       0.14969218       0.14790440
       0.23377152       0.15010679       0.14823549
       0.23415370       0.15053368       0.14858529
       0.23455066       0.15097153       0.14895258
       0.23496106       0.15141901       0.14933618
       0.23538357       0.15187479       0.14973491
       0.23581678       0.15233752       0.15014763
       0.23625928       0.15280586       0.15057319
       0.23670960       0.15327843       0.15101042
       0.23716623       0.15375383       0.15145815
       0.23762760       0.15423064       0.15191521
       0.23809211       0.15470740       0.15238038
       0.23855810       0.15518263       0.15285240
       0.23902388       0.15565480       0.15332999
       0.23948769       0.15612234       0.15381183
       0.23994773       0.15658366       0.15429653
       0.24040217       0.15703711       0.15478266
       0.24084913       0.15748102       0.15526875
       0.24128668       0.15791365       0.15575323
       0.24171287       0.15833326       0.15623451
       0.24212574       0.15873803       0.15671092
       0.24252327       0.15912613       0.15718072
       0.24290344       0.15949570       0.15764211
       0.24326422       0.15984482       0.15809325
       0.24360357       0.16017159       0.15853220
       0.24391946       0.16047403       0.15895698
       0.24420987       0.16075018       0.15936555
       0.24447279       0.16099805       0.15975580
       0.24470624       0.16121565       0.16012559
       0.24490828       0.16140098       0.16047269
       0.24507702       0.16155202       0.16079487
       0.24521060       0.16166680       0.16108981
       0.24530728       0.16174334       0.16135518
       0.24536533       0.16177967       0.16158862
       0.24538317       0.16177389       0.16178772
       0.24535929       0.16172410       0.16195006
       0.24529229       0.16162847       0.16207321
       0.24518091       0.16148521       0.16215471
       0.24502402       0.16129263       0.16219213
       0.24482067       0.16104908       0.16218302
       0.24457004       0.16075303       0.16212495
       0.24427153       0.16040304       0.16201554
       0.24392471       0.15999780       0.16185241
       0.24352940       0.15953610       0.16163326
       0.24308562       0.15901692       0.16135583
       0.24259366       0.15843938       0.16101795
       0.24205407       0.15780277       0.16061752
       0.24146771       0.15710660       0.16015258
       0.24083571       0.15635059       0.15962125
       0.24015955       0.15553470       0.15902183
       0.23944106       0.15465916       0.15835279
       0.23868240       0.15372447       0.15761276
       0.23788615       0.15273146       0.15680061
       0.23705526       0.15168128       0.15591545
       0.23619312       0.15057545       0.15495666
       0.23530354       0.14941590       0.15392394
       0.23439080       0.14820494       0.15281732
       0.23345963       0.14694537       0.15163721
       0.23251525       0.14564044       0.15038447
       0.23156336       0.14429394       0.14906038
       0.23061018       0.14291019       0.14766677
       0.22966240       0.14149406       0.14620600
       0.22872724       0.14005106       0.14468103
       0.22781242       0.13858729       0.14309552
       0.22692613       0.13710952       0.14145378
       0.22607707       0.13562520       0.13976091
       0.22527436       0.13414247       0.13802283
       0.22452760       0.13267016       0.13624630
       0.22384675       0.13121783       0.13443899
       0.22324212       0.12979577       0.13260954
       0.22272435       0.12841494       0.13076756
       0.22230430       0.12708703       0.12892372
       0.22199301       0.12582439       0.12708970
       0.22180158       0.12463999       0.12527826
       0.22174114       0.12354739       0.12350324
       0.22182271       0.12256067       0.12177952
       0.22205706       0.12169434       0.12012298
       0.22245466       0.12096326       0.11855051
       0.22302548       0.12038253       0.11707987
       0.22377891       0.11996733       0.11572963
       0.22472358       0.11973284       0.11451905
       0.22586723       0.11969401       0.11346792
       0.22721655       0.11986544       0.11259639
       0.22877708       0.12026116       0.11192478
       0.23055299       0.12089445       0.11147333
       0.23254703       0.12177763       0.11126195
       0.23476034       0.12292184       0.11130997
       0.23719239       0.12433683       0.11163581
       0.23984088       0.12603077       0.11225670
       0.24270165       0.12801002       0.11318833
       0.24576867       0.13027897       0.11444456
       0.24903400       0.13283985       0.11603711
       0.25248785       0.13569261       0.11797522
       0.25611855       0.13883479       0.12026543
       0.25991270       0.14226142       0.12291129
       0.26385528       0.14596504       0.12591315
       0.26792975       0.14993561       0.12926805
       0.27211827       0.15416061       0.13296954
       0.27640188       0.15862512       0.13700768
       0.28076074       0.16331189       0.14136902
       0.28517441       0.16820161       0.14603670
       0.28962205       0.17327302       0.15099056
       0.29408278       0.17850321       0.15620736
       0.29853591       0.18386791       0.16166106
       0.30296126       0.18934177       0.16732310
       0.30733941       0.19489870       0.17316282
       0.31165202       0.20051222       0.17914783
       0.31588203       0.20615582       0.18524450
       0.32001391       0.21180327       0.19141840
       0.32403391       0.21742904       0.19763481
       0.32793016       0.22300857       0.20385918
       0.33169286       0.22851858       0.21005765
       0.33531440       0.23393738       0.21619751
       0.33878937       0.23924514       0.22224758
       0.34211466       0.24442403       0.22817870
       0.34528942       0.24945846       0.23396400
       0.34831502       0.25433519       0.23957927
       0.35119499       0.25904340       0.24500316
       0.35393491       0.26357478       0.25021738
       0.35654228       0.26792349       0.25520687
       0.35902638       0.27208615       0.25995983
       0.36139807       0.27606178       0.26446775
       0.36366963       0.27985167       0.26872537
       0.36585455       0.28345929       0.27273063
       0.36796731       0.28689010       0.27648449
       0.37002319       0.29015141       0.27999082
       0.37203807       0.29325218       0.28325617
       0.37402819       0.29620282       0.28628961
       0.37600996       0.29901502       0.28910240
       0.37799979       0.30170150       0.29170787
       0.38001388       0.30427585       0.29412106
       0.38206803       0.30675231       0.29635855
       0.38417751       0.30914558       0.29843813
       0.38635691       0.31147064       0.30037863
       0.38861995       0.31374253       0.30219963
       0.39097941       0.31597626       0.30392123
       0.39344698       0.31818657       0.30556382
       0.39603317       0.32038780       0.30714792
       0.39874722       0.32259379       0.30869388
       0.40159702       0.32481769       0.31022177
       0.40458907       0.32707189       0.31175112
       0.40772840       0.32936784       0.31330080
       0.41101854       0.33171605       0.31488882
       0.41446152       0.33412591       0.31653217
       0.41805785       0.33660565       0.31824668
       0.42180650       0.33916228       0.32004687
       0.42570499       0.34180151       0.32194583
       0.42974936       0.34452775       0.32395509
       0.43393427       0.34734404       0.32608456
       0.43825302       0.35025206       0.32834237
       0.44269768       0.35325213       0.33073489
       0.44725915       0.35634321       0.33326661
       0.45192730       0.35952298       0.33594016
       0.45669103       0.36278783       0.33875632
       0.46153846       0.36613296       0.34171398
       0.46645702       0.36955244       0.34481025
       0.47143362       0.37303931       0.34804052
       0.47645476       0.37658568       0.35139851
       0.48150668       0.38018284       0.35487647
       0.48657550       0.38382137       0.35846523
       0.49164736       0.38749128       0.36215443
       0.49670854       0.39118212       0.36593264
       0.50174556       0.39488310       0.36978757
       0.50674528       0.39858323       0.37370621
       0.51169504       0.40227143       0.37767508
       0.51658266       0.40593663       0.38168036
       0.52139655       0.40956785       0.38570807
       0.52612575       0.41315436       0.38974426
       0.53075994       0.41668564       0.39377514
       0.53528947       0.42015153       0.39778721
       0.53970536       0.42354226       0.40176738
       0.54399926       0.42684844       0.40570305
       0.54816349       0.43006111       0.40958220
       0.55219092       0.43317173       0.41339340
       0.55607502       0.43617218       0.41712588
       0.55980972       0.43905473       0.42076951
       0.56338942       0.44181200       0.42431481
       0.56680894       0.44443694       0.42775288
       0.57006341       0.44692277       0.43107540
       0.57314824       0.44926292       0.43427453
       0.57605908       0.45145098       0.43734289
       0.57879173       0.45348062       0.44027343
       0.58134213       0.45534555       0.44305938
       0.58370627       0.45703943       0.44569414
       0.58588021       0.45855583       0.44817120
       0.58785997       0.45988813       0.45048404
       0.58964155       0.46102946       0.45262600
       0.59122092       0.46197267       0.45459021
       0.59259395       0.46271022       0.45636948
       0.59375647       0.46323415       0.45795620
       0.59470423       0.46353602       0.45934223
       0.59543293       0.46360682       0.46051877
       0.59593825       0.46343697       0.46147631
       0.59621586       0.46301626       0.46220447
       0.59626150       0.46233375       0.46269193
       0.59607102       0.46137783       0.46292626
       0.59564048       0.46013611       0.46289386
       0.59496623       0.45859542       0.46257983
       0.59404502       0.45674183       0.46196781
       0.59287418       0.45456061       0.46103988
       0.59145176       0.45203627       0.45977645
       0.58977672       0.44915262       0.45815607
       0.58784924       0.44589281       0.45615537
       0.58567093       0.44223948       0.45374890
       0.58324517       0.43817487       0.45090905
       0.58057756       0.43368107       0.44760595
       0.57767630       0.42874031       0.44380748
       0.57455274       0.42333533       0.43947926
       0.57122195       0.41744987       0.43458474
       0.56770342       0.41106930       0.42908553
       0.56402178       0.40418146       0.42294169
       0.56020764       0.39677760       0.41611245
       0.55629848       0.38885365       0.40855710
       0.55233956       0.38041174       0.40023634
       0.54838495       0.37146197       0.39111406
       0.54449839       0.36202456       0.38115986
       0.54075414       0.35213238       0.37035222
       0.53723762       0.34183373       0.35868265
       0.53404570       0.33119547       0.34616085
       0.53128646       0.32030628       0.33282105
       0.52907827       0.30927998       0.31872941
       0.52754793       0.29825850       0.30399252
       0.52682749       0.28741416       0.28876643
       0.52704972       0.27695074       0.27326577
       0.52834174       0.26710262       0.25777172
       0.53081699       0.25813121       0.24263738
       0.53456536       0.25031801       0.22828869
       0.53964214       0.24395350       0.21521840
       0.54605625       0.23932173       0.20397118
       0.55375910       0.23668077       0.19511789
       0.56263540       0.23624013       0.18921862
       0.57249784       0.23813711       0.18677599
       0.58308705       0.24241496       0.18818247
       0.59407838       0.24900627       0.19366829
       0.60509577       0.25772494       0.20325803
       0.61573224       0.26826925       0.21674445
       0.62557513       0.28023711       0.23368620
       0.63423328       0.29315239       0.25343247
       0.64136290       0.30649928       0.27517251
       0.64668883       0.31975996       0.29800307
       0.65001885       0.33245082       0.32100361
       0.65124978       0.34415234       0.34330811
       0.65036550       0.35452987       0.36416381
       0.64742813       0.36334393       0.38297102
       0.64256444       0.37045063       0.39930188
       0.63594972       0.37579413       0.41289983
       0.62779122       0.37939356       0.42366425
       0.61831279       0.38132726       0.43162530
       0.60774183       0.38171635       0.43691438
       0.59629908       0.38070952       0.43973438
       0.58419120       0.37846993       0.44033258
       0.57160609       0.37516475       0.43897797
       0.55871034       0.37095734       0.43594361
       0.54564843       0.36600185       0.43149376
       0.53254327       0.36043991       0.42587536
       0.51949741       0.35439882       0.41931301
       0.50659494       0.34799107       0.41200659
       0.49390351       0.34131456       0.40413086
       0.48147643       0.33445347       0.39583639
       0.46935474       0.32747937       0.38725123
       0.45756911       0.32045250       0.37848308
       0.44614152       0.31342316       0.36962158
       0.43508682       0.30643289       0.36074064
       0.42441398       0.29951577       0.35190063
       0.41412727       0.29269942       0.34315033
       0.40422713       0.28600600       0.33452877
       0.39471103       0.27945308       0.32606680
       0.38557407       0.27305432       0.31778840
       0.37680953       0.26682014       0.30971188
       0.36840934       0.26075824       0.30185086
       0.36036439       0.25487403       0.29421506
       0.35266485       0.24917108       0.28681106
       0.34530040       0.24365135       0.27964281
       0.33826040       0.23831555       0.27271216
       0.33153405       0.23316331       0.26601925
       0.32511052       0.22819339       0.25956280
       0.31897899       0.22340384       0.25334045
       0.31312880       0.21879213       0.24734894
       0.30754943       0.21435528       0.24158431
       0.30223059       0.21008991       0.23604204
       0.29716222       0.20599238       0.23071721
       0.29233454       0.20205881       0.22560458
       0.28773803       0.19828515       0.22069866
       0.28336349       0.19466723       0.21599383
       0.27920198       0.19120080       0.21148435
       0.27524487       0.18788155       0.20716445
       0.27148384       0.18470515       0.20302833
       0.26791084       0.18166729       0.19907021
       0.26451811       0.17876366       0.19528437
       0.26129819       0.17598997       0.19166514
       0.25824387       0.17334202       0.18820695
       0.25534822       0.17081563       0.18490433
       0.25260458       0.16840672       0.18175190
       0.25000651       0.16611125       0.17874442
       0.24754783       0.16392530       0.17587674
       0.24522260       0.16184500       0.17314388
       0.24302510       0.15986658       0.17054095
       0.24094982       0.15798637       0.16806322
       0.23899147       0.15620078       0.16570607
       0.23714495       0.15450632       0.16346503
       0.23540535       0.15289958       0.16133575
       0.23376797       0.15137725       0.15931402
       0.23222825       0.14993612       0.15739574
       0.23078183       0.14857305       0.15557695
       0.22942451       0.14728501       0.15385381
       0.22815223       0.14606906       0.15222259
       0.22696111       0.14492231       0.15067969
       0.22584739       0.14384200       0.14922163
       0.22480747       0.14282544       0.14784500
       0.22383785       0.14187000       0.14654656
       0.22293521       0.14097314       0.14532311
       0.22209631       0.14013242       0.14417160
       0.22131806       0.13934544       0.14308905
       0.22059746       0.13860990       0.14207259
       0.21993165       0.13792356       0.14111943
       0.21931784       0.13728424       0.14022687
       0.21875339       0.13668985       0.13939229
       0.21823572       0.13613835       0.13861319
       0.21776236       0.13562776       0.13788709
       0.21733095       0.13515617       0.13721164
       0.21693919       0.13472174       0.13658454
       0.21658490       0.13432267       0.13600356
       0.21626595       0.13395724       0.13546656
       0.21598033       0.13362375       0.13497145
       0.21572608       0.13332060       0.13451621
       0.21550134       0.13304621       0.13409889
       0.21530430       0.13279907       0.13371762
       0.21513325       0.13257771       0.13337055
       0.21498654       0.13238071       0.13305592
       0.21486257       0.13220672       0.13277204
       0.21475985       0.13205440       0.13251723
       0.21467691       0.13192249       0.13228992
       0.21461238       0.13180976       0.13208856
       0.21456493       0.13171503       0.13191166
       0.21453329       0.13163716       0.13175779
       0.21451627       0.13157506       0.13162557
       0.21451271       0.13152767       0.13151365
       0.21452152       0.13149398       0.13142077
       0.21454166       0.13147303       0.13134568
       0.21457215       0.13146387       0.13128720
       0.21461204       0.13146562       0.13124418
       0.21466046       0.13147743       0.13121553
       0.21471656       0.13149847       0.13120019
       0.21477955       0.13152796       0.13119716
       0.21484867       0.13156516       0.13120547
       0.21492323       0.13160935       0.13122420
       0.21500256       0.13165987       0.13125246
       0.21508604       0.13171606       0.13128942
       0.21517308       0.13177731       0.13133427
       0.21526313       0.13184305       0.13138625
       0.21535568       0.13191272       0.13144462
       0.21545027       0.13198581       0.13150871
       0.21554644       0.13206182       0.13157785
       0.21564378       0.13214029       0.13165142
       0.21574192       0.13222079       0.13172884
       0.21584050       0.13230291       0.13180956
       0.21593921       0.13238626       0.13189305
       0.21603774       0.13247049       0.13197883
       0.21613584       0.13255526       0.13206643
       0.21623325       0.13264027       0.13215542
       0.21632976       0.13272522       0.13224541
       0.21642517       0.13280986       0.13233601
       0.21651930       0.13289392       0.13242688
       0.21661199       0.13297720       0.13251769
       0.21670311       0.13305948       0.13260814
       0.21679254       0.13314058       0.13269796
       0.21688018       0.13322032       0.13278689
       0.21696594       0.13329857       0.13287471
       0.21704975       0.13337517       0.13296120
       0.21713156       0.13345001       0.13304617
       0.21721132       0.13352299       0.13312945
       0.21728901       0.13359401       0.13321089
       0.21736460       0.13366300       0.13329035
       0.21743811       0.13372990       0.13336771
       0.21750952       0.13379465       0.13344287
       0.21757886       0.13385722       0.13351574
       0.21764616       0.13391758       0.13358625
       0.21771145       0.13397572       0.13365434
       0.21777476       0.13403162       0.13371997
       0.21783616       0.13408530       0.13378309
       0.21789570       0.13413677       0.13384369
       0.21795345       0.13418606       0.13390176
       0.21800948       0.13423318       0.13395729
       0.21806386       0.13427820       0.13401031
       0.21811669       0.13432115       0.13406082
       0.21816805       0.13436209       0.13410887
       0.21821804       0.13440108       0.13415448
       0.21826675       0.13443821       0.13419772
       0.21831430       0.13447354       0.13423862
       0.21836078       0.13450716       0.13427727
       0.21840632       0.13453915       0.13431372
       0.21845102       0.13456963       0.13434806
       0.21849501       0.13459868       0.13438037
       0.21853841       0.13462642       0.13441074
       0.21858134       0.13465296       0.13443928
       0.21862394       0.13467842       0.13446609
       0.21866634       0.13470292       0.13449127
       0.21870867       0.13472659       0.13451495
       0.21875107       0.13474957       0.13453724
       0.21879367       0.13477198       0.13455827
       0.21883662       0.13479397       0.13457817
       0.21888006       0.13481569       0.13459708
       0.21892413       0.13483728       0.13461515
       0.21896898       0.13485890       0.13463250
       0.21901476       0.13488070       0.13464931
       0.21906161       0.13490283       0.13466572
       0.21910968       0.13492548       0.13468189
       0.21915912       0.13494879       0.13469798
       0.21921008       0.13497293       0.13471416
       0.21926270       0.13499808       0.13473060
       0.21931715       0.13502440       0.13474746
       0.21937355       0.13505206       0.13476494
       0.21943207       0.13508125       0.13478320
       0.21949285       0.13511214       0.13480243
       0.21955603       0.13514489       0.13482282
       0.21962176       0.13517970       0.13484454
       0.21969018       0.13521673       0.13486778
       0.21976142       0.13525617       0.13489275
       0.21983563       0.13529818       0.13491961
       0.21991293       0.13534294       0.13494858
       0.21999346       0.13539063       0.13497983
       0.22007734       0.13544141       0.13501357
       0.22016468       0.13549546       0.13504997
       0.22025561       0.13555293       0.13508924
       0.22035024       0.13561399       0.13513156
       0.22044867       0.13567880       0.13517712
       0.22055100       0.13574751       0.13522611
       0.22065731       0.13582026       0.13527871
       0.22076770       0.13589721       0.13533509
       0.22088225       0.13597848       0.13539543
       0.22100101       0.13606420       0.13545991
       0.22112404       0.13615449       0.13552868
       0.22125141       0.13624947       0.13560192
       0.22138314       0.13634923       0.13567976
       0.22151928       0.13645388       0.13576237
       0.22165983       0.13656349       0.13584987
       0.22180480       0.13667815       0.13594239
       0.22195420       0.13679790       0.13604007
       0.22210801       0.13692280       0.13614300
       0.22226620       0.13705289       0.13625129
       0.22242872       0.13718818       0.13636503
       0.22259553       0.13732870       0.13648430
       0.22276655       0.13747442       0.13660915
       0.22294170       0.13762533       0.13673964
       0.22312088       0.13778140       0.13687582
       0.22330399       0.13794257       0.13701769
       0.22349089       0.13810876       0.13716526
       0.22368145       0.13827990       0.13731853
       0.22387549       0.13845587       0.13747747
       0.22407285       0.13863655       0.13764204
       0.22427334       0.13882181       0.13781217
       0.22447675       0.13901147       0.13798778
       0.22468285       0.13920535       0.13816878
       0.22489141       0.13940326       0.13835504
       0.22510217       0.13960498       0.13854643
       0.22531485       0.13981025       0.13874279
       0.22552917       0.14001883       0.13894394
       0.22574482       0.14023042       0.13914967
       0.22596148       0.14044473       0.13935977
       0.22617881       0.14066144       0.13957399
       0.22639646       0.14088019       0.13979206
       0.22661406       0.14110063       0.14001370
       0.22683122       0.14132238       0.14023860
       0.22704756       0.14154502       0.14046643
       0.22726264       0.14176814       0.14069682
       0.22747606       0.14199129       0.14092942
       0.22768736       0.14221402       0.14116381
       0.22789611       0.14243584       0.14139959
       0.22810183       0.14265626       0.14163630
       0.22830405       0.14287476       0.14187349
       0.22850228       0.14309082       0.14211068
       0.22869605       0.14330389       0.14234737
       0.22888483       0.14351340       0.14258303
       0.22906813       0.14371879       0.14281712
       0.22924543       0.14391947       0.14304908
       0.22941621       0.14411483       0.14327834
       0.22957994       0.14430427       0.14350430
       0.22973611       0.14448717       0.14372635
       0.22988418       0.14466290       0.14394386
       0.23002363       0.14483083       0.14415619
       0.23015394       0.14499031       0.14436268
       0.23027458       0.14514071       0.14456268
       0.23038505       0.14528137       0.14475549
       0.23048483       0.14541166       0.14494043
       0.23057343       0.14553092       0.14511680
       0.23065036       0.14563851       0.14528390
       0.23071515       0.14573379       0.14544100
       0.23076736       0.14581613       0.14558740
       0.23080653       0.14588492       0.14572237
       0.23083225       0.14593952       0.14584520
       0.23084414       0.14597936       0.14595514
       0.23084182       0.14600385       0.14605150
       0.23082496       0.14601242       0.14613355
       0.23079326       0.14600453       0.14620057
       0.23074643       0.14597967       0.14625187
       0.23068427       0.14593734       0.14628676
       0.23060657       0.14587709       0.14630456
       0.23051319       0.14579849       0.14630460
       0.23040403       0.14570115       0.14628624
       0.23027907       0.14558473       0.14624887
       0.23013831       0.14544891       0.14619187
       0.22998182       0.14529344       0.14611469
       0.22980976       0.14511811       0.14601678
       0.22962232       0.14492279       0.14589765
       0.22941980       0.14470738       0.14575683
       0.22920254       0.14447187       0.14559390
       0.22897100       0.14421629       0.14540850
       0.22872570       0.14394078       0.14520030
       0.22846725       0.14364554       0.14496905
       0.22819638       0.14333086       0.14471456
       0.22791388       0.14299711       0.14443669
       0.22762068       0.14264478       0.14413540
       0.22731780       0.14227444       0.14381071
       0.22700637       0.14188677       0.14346275
       0.22668764       0.14148257       0.14309173
       0.22636297       0.14106276       0.14269795
       0.22603386       0.14062837       0.14228185
       0.22570192       0.14018057       0.14184394
       0.22536889       0.13972066       0.14138491
       0.22503664       0.13925010       0.14090553
       0.22470718       0.13877046       0.14040673
       0.22438264       0.13828348       0.13988959
       0.22406529       0.13779107       0.13935535
       0.22375753       0.13729528       0.13880539
       0.22346190       0.13679833       0.13824127
       0.22318105       0.13630259       0.13766475
       0.22291778       0.13581063       0.13707773
       0.22267501       0.13532516       0.13648235
       0.22245576       0.13484909       0.13588091
       0.22226317       0.13438547       0.13527594
       0.22210051       0.13393755       0.13467017
       0.22197111       0.13350873       0.13406653
       0.22187842       0.13310257       0.13346818
       0.22182595       0.13272280       0.13287849
