-0.012189505
-0.026680503
-0.04564144899999999
-0.069635215
-0.09909409399999999
-0.13430196
-0.17537597
-0.2222473
-0.27464031
-0.33205032
-0.3937204599999999
-0.4586190399999999
-0.52541997
-0.59248977
-0.65788589
-0.7193721
-0.77445699
-0.8204615
-0.85461998
-0.87421636
-0.87675336
-0.8601464899999999
-0.8229292799999999
-0.76444955
-0.68503284
-0.5860874800000001
-0.4701287599999999
-0.34070702
-0.2022361699999999
-0.059732744
0.08151042999999999
0.21628151
0.33979814
0.44800901
0.537818
0.60721295
0.65529495
0.68221729
0.68905305
0.67761562
0.65025734
0.6096685800000001
0.5586942999999999
0.5001791599999999
0.4368459399999999
0.37120766
0.30550967
0.2416966
0.18139796
0.12592643
0.076284188
0.03317325699999999
-0.002992187899999999
-0.03207275
-0.054189957
-0.069710912
-0.079230321
-0.08354865800000001
-0.08364550100000001
-0.080647432
-0.07579053
-0.070378066
-0.065734577
-0.06315787
-0.06387071699999999
-0.068973959
-0.079402441
-0.09588485099999999
-0.11890798
-0.14868559
-0.18513165
-0.22783793
-0.27605583
-0.32868349
-0.38425956
-0.44096666
-0.49664843
-0.54884509
-0.59485295
-0.63181285
-0.65683079
-0.66713118
-0.66023848
-0.63417741
-0.58767603
-0.52035032
-0.4328461
-0.3269136
-0.20539529
-0.072115776
0.068324483
0.21083612
0.3501804
0.48132457
0.5997736599999999
0.70184317
0.78484689
0.84718711
0.88834821
0.9088068099999999
0.9098795600000001
0.89353361
0.8621839
0.81849791
0.7652228899999999
0.7050444399999999
0.6404797000000001
0.57380432
0.5070090099999999
0.44178029
0.37949911
0.32125185
0.26784857
0.21984498
0.17756515
0.1411236399999999
0.11044617
0.08528873499999999
0.065255606
0.049816779
0.038325529
0.030036629
0.02412565799999999
0.01970949899999999
0.01586798
0.011666309
0.0061778826
-0.0014930751