   0.2206609283580964   0.1364944722396179   0.1368977963837862
   0.2205655138015252   0.1363910009987627   0.1367884539916728
   0.2204717576317795   0.1362864779754566   0.1366758590121707
   0.2203801987093200   0.1361813602609982   0.1365603414480726
   0.2202914077673500   0.1360761389275990   0.1364422555814466
   0.2202059883624424   0.1359713419598830   0.1363219908842518
   0.2201245771273561   0.1358675352313775   0.1361999741647199
   0.2200478438037227   0.1357653232084236   0.1360766710950649
   0.2199764910792701   0.1356653494791849   0.1359525875707453
   0.2199112542225414   0.1355682971068608   0.1358282709356854
   0.2198529005042237   0.1354748887954029   0.1357043110681705
   0.2198022283933902   0.1353858868534269   0.1355813413145445
   0.2197600665168797   0.1353020929408673   0.1354600392546429
   0.2197272723703538   0.1352243475823468   0.1353411272809974
   0.2197047307701566   0.1351535294310129   0.1352253729725760
   0.2196933520359304   0.1350905542666330   0.1351135892429374
   0.2196940698949776   0.1350363737120163   0.1350066342420551
   0.2197078391006085   0.1349919736523174   0.1349054109906770
   0.2197356327581813   0.1349583723425041   0.1348108667259170
   0.2197784393542087   0.1349366181892207   0.1347239919368319
   0.2198372594858013   0.1349277871944978   0.1346458190690477
   0.2199131022898185   0.1349329800502264   0.1345774208780766
   0.2200069815734117   0.1349533188740755   0.1345199084118507
   0.2201199116501670   0.1349899435795738   0.1344744286041998
   0.2202529028887652   0.1350440078754249   0.1344421614625637
   0.2204069569839710   0.1351166748917742   0.1344243168351609
   0.2205830619628133   0.1352091124340997   0.1344221307451756
   0.2207821869420096   0.1353224878686584   0.1344368612822710
   0.2210052766559715   0.1354579626469636   0.1344697840449213
   0.2212532457780928   0.1356166864805947   0.1345221871306752
   0.2215269730614051   0.1357997911817087   0.1345953656755175
   0.2218272953280488   0.1360083841889199   0.1346906159479818
   0.2221550013403025   0.1362435418026823   0.1348092290085647
   0.2225108255890706   0.1365063021589178   0.1349524839502726
   0.2228954420387033   0.1367976579743125   0.1351216407417510
   0.2233094578697269   0.1371185491013973   0.1353179327003685
   0.2237534072634577   0.1374698549361605   0.1355425586287598
   0.2242277452744552   0.1378523867254291   0.1357966746546274
   0.2247328418383096   0.1382668798255170   0.1360813858199425
   0.2252689759632498   0.1387139859675738   0.1363977374719826
   0.2258363301544729   0.1391942655885874   0.1367467065147723
   0.2264349851198501   0.1397081802899896   0.1371291925853320
   0.2270649148047226   0.1402560854881903   0.1375460092245363
   0.2277259818018231   0.1408382233230264   0.1379978751172178
   0.2284179331799108   0.1414547158909535   0.1384854054802458
   0.2291403967714824   0.1421055588697574   0.1390091036805322
   0.2298928779559209   0.1427906156005342   0.1395693531671204
   0.2306747569696886   0.1435096116906205   0.1401664098025365
   0.2314852867696980   0.1442621301980095   0.1408003946783278
   0.2323235914698766   0.1450476074535317   0.1414712874980363
   0.2331886653642379   0.1458653295717092   0.1421789206076904
   0.2340793725426163   0.1467144296947346   0.1429229737491561
   0.2349944470977063   0.1475938860065177   0.1437029696053592
   0.2359324939143361   0.1485025205452721   0.1445182701984468
   0.2368919900241452   0.1494389988337754   0.1453680741924595
   0.2378712865011985   0.1504018303363581   0.1462514151410982
   0.2388686108667539   0.1513893697410341   0.1471671607088193
   0.2398820699645705   0.1523998190541376   0.1481140128799440
   0.2409096532620243   0.1534312304836094   0.1490905091559180
   0.2419492365270521   0.1544815100758820   0.1500950247255660
   0.2429985858267703   0.1555484220604050   0.1511257755774152
   0.2440553617906824   0.1566295938454624   0.1521808225072403
   0.2451171240798455   0.1577225215993268   0.1532580759582330
   0.2461813360033460   0.1588245763422052   0.1543553016159815
   0.2472453692250454   0.1599330104671146   0.1554701266661154
   0.2483065085068606   0.1610449646019912   0.1566000466093965
   0.2493619564398963   0.1621574747211999   0.1577424325175597
   0.2504088381215346   0.1632674794123445   0.1588945386036651
   0.2514442057450896   0.1643718272040270   0.1600535099734212
   0.2524650430787742   0.1654672838620923   0.1612163904191399
   0.2534682698223954   0.1665505395659692   0.1623801301159185
   0.2544507458432584   0.1676182158830510   0.1635415930804826
   0.2554092753070236   0.1686668724676083   0.1646975642569973
   0.2563406107345488   0.1696930134214630   0.1658447561011118
   0.2572414570318111   0.1706930932664975   0.1669798145435763
   0.2581084755565939   0.1716635224938799   0.1680993242278839
   0.2589382883024970   0.1726006726715231   0.1691998129324611
   0.2597274822976878   0.1735008811095672   0.1702777551067876
   0.2604726143323949   0.1743604551033663   0.1713295744722771
   0.2611702161451794   0.1751756757943519   0.1723516456625372
   0.2618168002132208   0.1759428017109828   0.1733402949034910
   0.2624088663059722   0.1766580720745241   0.1742917997614533
   0.2629429089743313   0.1773177099773668   0.1752023880163197
   0.2634154261586921   0.1779179255647399   0.1760682357471819
   0.2638229291086951   0.1784549193737327   0.1768854647486192
   0.2641619538149736   0.1789248860062814   0.1776501394272925
   0.2644290741585362   0.1793240183349551   0.1783582633599723
   0.2646209169864658   0.1796485124617766   0.1790057757254896
   0.2647341793232223   0.1798945736707368   0.1795885478540316
   0.2647656479248699   0.1800584236339167   0.1801023801675161
   0.2647122213788924   0.1801363091490591   0.1805429998142845
   0.2645709349447730   0.1801245127028672   0.1809060593299366
   0.2643389883200641   0.1800193651691199   0.1811871366837289
   0.2640137765030858   0.1798172609637351   0.1813817370965639
   0.2635929239064632   0.1795146759900441   0.1814852970422712
   0.2630743218551730   0.1791081887165991   0.1814931908687235
   0.2624561695782988   0.1785945047366283   0.1814007404995155
   0.2617370187748310   0.1779704851625261   0.1812032287006475
   0.2609158218000704   0.1772331792101896   0.1808959164201188
   0.2599919834797842   0.1763798613261436   0.1804740647317566
   0.2589654165133718   0.1754080732046298   0.1799329619381245
   0.2578366003738756   0.1743156710313886   0.1792679564110466
   0.2566066435504408   0.1731008782746807   0.1784744957720095
   0.2552773489063109   0.1717623443208389   0.1775481730381291
   0.2538512818409041   0.1702992092195783   0.1764847803817459
   0.2523318408459814   0.1687111747612784   0.1752803711718768
   0.2507233299312097   0.1669985820518029   0.1739313309818609
   0.2490310322611805   0.1651624956769180   0.1724344582569959
   0.2472612841916886   0.1632047944541244   0.1707870553351492
   0.2454215487153452   0.1611282686501997   0.1689870304974437
   0.2435204871230504   0.1589367233927297   0.1670330116889061
   0.2415680274565413   0.1566350878175041   0.1649244724825016
   0.2395754280668137   0.1542295292644208   0.1626618707544352
   0.2375553343033801   0.1517275715556303   0.1602468003820627
   0.2355218260411773   0.1491382160540926   0.1576821560540929
   0.2334904534086096   0.1464720638018411   0.1549723109796345
   0.2314782577174486   0.1437414365692639   0.1521233068796524
   0.2295037742222796   0.1409604941055364   0.1491430551215707
   0.2275870129672255   0.1381453442645895   0.1460415471942778
   0.2257494136292158   0.1353141419933748   0.1428310718963092
   0.2240137699644034   0.1324871724179805   0.1395264356064648
   0.2224041192383742   0.1296869124641757   0.1361451808104167
   0.2209455919095319   0.1269380646275430   0.1327077966641423
   0.2196642168835840   0.1242675557015500   0.1292379137930534
   0.2185866779170973   0.1217044925304848   0.1257624737800148
   0.2177400172764257   0.1192800662443769   0.1223118619352572
   0.2171512836143335   0.1170273960373944   0.1189199900455307
   0.2168471222683082   0.1149813034683471   0.1156243139836331
   0.2168533078629323   0.1131780086042169   0.1124657694781761
   0.2171942212506417   0.1116547402166535   0.1094886081956160
   0.2178922754646516   0.1104492538000562   0.1067401158118673
   0.2189672984657361   0.1095992535212102   0.1042701942226217
   0.2204358839784365   0.1091417174224864   0.1021307917515256
   0.2223107255165114   0.1091121293278828   0.1003751684492519
   0.2245999526158270   0.1095436259240431   0.0990569885792137
   0.2273064920854785   0.1104660733017361   0.0982292393179543
   0.2304274804544273   0.1119050936379176   0.0979429835861738
   0.2339537563824451   0.1138810693486418   0.0982459656095355
   0.2378694632450766   0.1164081585044810   0.0991810998942731
   0.2421517920225656   0.1194933610229797   0.1007848871369285
   0.2467708926991011   0.1231356795128491   0.1030858132518483
   0.2516899783827148   0.1273254209942747   0.1061027990467105
   0.2568656402018571   0.1320436854559965   0.1098437768076770
   0.2622483828210422   0.1372620838559872   0.1143044748483664
   0.2677833804563544   0.1429427214623363   0.1194674907431061
   0.2734114420913681   0.1490384723833911   0.1253017276345998
   0.2790701629202636   0.1554935581069371   0.1317622553017398
   0.2846952277462927   0.1622444275637285   0.1387906388479000
   0.2902218220732838   0.1692209196765143   0.1463157538763328
   0.2955860988443779   0.1763476728155509   0.1542550794855062
   0.3007266439652740   0.1835457304335362   0.1625164315198729
   0.3055858824229554   0.1907342797369170   0.1710000707529814
   0.3101113691914988   0.1978324517086540   0.1796010965977924
   0.3142569150770563   0.2047611069311773   0.1882120187914892
   0.3179835067318804   0.2114445328257328   0.1967253889774691
   0.3212599915152062   0.2178119839955854   0.2050363721091071
   0.3240635107519690   0.2237990077368122   0.2130451441412153
   0.3263796782050106   0.2293485104745598   0.2206590166982546
   0.3282025132250423   0.2344115366468586   0.2277942097241047
   0.3295341491979654   0.2389477480373814   0.2343772174358073
   0.3303843469041573   0.2429256074461258   0.2403457389106185
   0.3307698488291181   0.2463222847594219   0.2456491700802943
   0.3307136141781608   0.2491233150957917   0.2502486768420043
   0.3302439754561962   0.2513220472534791   0.2541168879543440
   0.3293937562858182   0.2529189259999852   0.2572372604725596
   0.3281993871029859   0.2539206539605669   0.2596031793702682
   0.3267000510154993   0.2543392783619923   0.2612168568931486
   0.3249368869751462   0.2541912452170606   0.2620880966984119
   0.3229522720023316   0.2534964593285202   0.2622329838328878
   0.3207891989396058   0.2522773833972072   0.2616725551154659
   0.3184907614268239   0.2505582041452623   0.2604314965656829
   0.3160997537062101   0.2483640882356352   0.2585369061456651
   0.3136583895922517   0.2457205463030001   0.2560171521226671
   0.3112081424886490   0.2426529199140520   0.2529008505305502
   0.3087897066189156   0.2391860039398463   0.2492159800753007
   0.3064430784904807   0.2353438157360808   0.2449891498188436
   0.3042077567874255   0.2311495226753875   0.2402450343979715
   0.3021230580598164   0.2266255408455191   0.2350059936074398
   0.3002285443425726   0.2217938198964178   0.2292918980293855
   0.2985645567000955   0.2166763317326700   0.2231201900592427
   0.2971728450641742   0.2112957834774525   0.2165062200516926
   0.2960972789213702   0.2056765771174577   0.2094639100402613
   0.2953846146312084   0.1998460383996218   0.2020068118217192
   0.2950852825839446   0.1938359344075821   0.1941496407456554
   0.2952541402342926   0.1876842908189083   0.1859103789240685
   0.2959511146653223   0.1814375035973936   0.1773130479565005
   0.2972416305962745   0.1751527127446554   0.1683912458973905
   0.2991966873753249   0.1689003643353604   0.1591925179181878
   0.3018924136742290   0.1627668281885682   0.1497835741770144
   0.3054088956967884   0.1568568601394847   0.1402562688796607
   0.3098280510867655   0.1512956006867754   0.1307340979934551
   0.3152303173632193   0.1462296915932924   0.1213787493767218
   0.3216899553099205   0.1418269825732542   0.1123959477350258
   0.3292688515420245   0.1382742161027873   0.1040394966007045
   0.3380088571191831   0.1357720566178766   0.0966120800926609
   0.3479229308110261   0.1345269183499422   0.0904611391190416
   0.3589856617548661   0.1347392936304571   0.0859681130833156
   0.3711240973245954   0.1365887265465119   0.0835296980570153
   0.3842101362884939   0.1402162130307691   0.0835306561251376
   0.3980559711403506   0.1457055708419105   0.0863091659669901
   0.4124140660780099   0.1530660634458667   0.0921176001643910
   0.4269828426904180   0.1622190621879792   0.1010835802353862
   0.4414185777106984   0.1729915535331175   0.1131776120965835
   0.4553530604210599   0.1851186735479528   0.1281938947237289
   0.4684154902402303   0.1982561771580076   0.1457495707670115
   0.4802561787063040   0.2120020443005733   0.1653047624013205
   0.4905691188701292   0.2259246997729413   0.1862018129768643
   0.4991105684477908   0.2395940537486903   0.2077182961280865
   0.5057114628212831   0.2526111186198567   0.2291256957766038
   0.5102825562643654   0.2646324329699128   0.2497449599395651
   0.5128123983029067   0.2753867423663608   0.2689914706842795
   0.5133592925823296   0.2846829625838839   0.2864047741741622
   0.5120390517466082   0.2924099517605019   0.3016617337865858
   0.5090105836611242   0.2985297160473099   0.3145746886638036
   0.5044611785311313   0.3030662239277895   0.3250781294164657
   0.4985929470434169   0.3060920401665693   0.3332081780339620
   0.4916113385119688   0.3077146577680032   0.3390789616854553
   0.4837161699384166   0.3080638875760179   0.3428591573591566
   0.4750951986405017   0.3072811180683108   0.3447509271962237
   0.4659200016808625   0.3055107866846107   0.3449724460491844
   0.4563437786742406   0.3028940568391856   0.3437444051142771
   0.4465006453640293   0.2995644768895598   0.3412803135163383
   0.4365060024153479   0.2956452888999707   0.3377800970575544
   0.4264576185483512   0.2912480263271549   0.3334263581956645
   0.4164371373873973   0.2864720613510732   0.3283826533463855
   0.4065117885226399   0.2814048105130162   0.3227932093639971
   0.3967361468976995   0.2761223646211880   0.3167836002861829
   0.3871538370510844   0.2706903649652111   0.3104620115564264
   0.3777991192766910   0.2651649971474089   0.3039208167200361
   0.3686983244539395   0.2595940140997997   0.2972382739477325
   0.3598711249163895   0.2540177309956392   0.2904802148069706
   0.3513316422408129   0.2484699577586202   0.2837016465380511
   0.3430894010639945   0.2429788511385843   0.2769482241202914
   0.3351501425019479   0.2375676793333296   0.2702575724423533
   0.3275165126629246   0.2322554992218496   0.2636604545862035
   0.3201886420177756   0.2270577505404937   0.2571817918757551
   0.3131646306710711   0.2219867736480116   0.2508415467518235
   0.3064409533151593   0.2170522585405217   0.2446554821021290
   0.3000127961467711   0.2122616329659119   0.2386358114137970
   0.2938743364718270   0.2076203971804367   0.2327917537432093
   0.2880189742319246   0.2031324123131918   0.2271300065039847
   0.2824395233167846   0.1988001486039878   0.2216551477813073
   0.2771283693081270   0.1946248990493044   0.2163699784941413
   0.2720775992383516   0.1906069632842879   0.2112758133686304
   0.2672791080359813   0.1867458058758493   0.2063727284239049
   0.2627246855564721   0.1830401926163648   0.2016597715378526
   0.2584060874461972   0.1794883078928317   0.1971351416652803
   0.2543150925430152   0.1760878557602731   0.1927963414213772
   0.2504435490633831   0.1728361469653156   0.1886403070094657
   0.2467834114493400   0.1697301738393625   0.1846635188504090
   0.2433267694364025   0.1667666747035103   0.1808620957474416
   0.2400658706446845   0.1639421891924365   0.1772318749807583
   0.2369931377812171   0.1612531057056039   0.1737684803581259
   0.2341011813637759   0.1586957020257308   0.1704673799397668
   0.2313828087290971   0.1562661800016980   0.1673239348979216
   0.2288310299658529   0.1539606950718014   0.1643334407554651
   0.2264390613107657   0.1517753813000050   0.1614911620666311
   0.2242003264611544   0.1497063725097004   0.1587923614504012
   0.2221084561860701   0.1477498200239863   0.1562323237585161
   0.2201572865585533   0.1459019074566323   0.1538063760513292
   0.2183408560814500   0.1441588629420022   0.1515099039624858
   0.2166534019370186   0.1425169691438850   0.1493383649549351
   0.2150893555549229   0.1409725713412832   0.1472872989037963
   0.2136433376630197   0.1395220838527458   0.1453523363842374
   0.2123101529597287   0.1381619950290331   0.1435292049932475
   0.2110847845249623   0.1368888710160888   0.1418137339917248
   0.2099623880679851   0.1356993584658950   0.1402018575166032
   0.2089382860946602   0.1345901863513532   0.1386896165809335
   0.2080079620628923   0.1335581670224469   0.1372731600521896
   0.2071670545833642   0.1326001966242772   0.1359487447749785
   0.2064113517125705   0.1317132549828283   0.1347127349832924
   0.2057367853764600   0.1308944050512711   0.1335616011290064
   0.2051394259554771   0.1301407919980416   0.1324919182371622
   0.2046154770553043   0.1294496420076569   0.1315003638843521
   0.2041612704819765   0.1288182608560914   0.1305837158839857
   0.2037732614351671   0.1282440323144095   0.1297388497511625
   0.2034480239292242   0.1277244164271098   0.1289627360100903
   0.2031822464478784   0.1272569477051794   0.1282524373983211
   0.2029727278353746   0.1268392332681051   0.1276051060143973
   0.2028163734240530   0.1264689509639519   0.1270179804486663
   0.2027101913960413   0.1261438474920454   0.1264883829309609
   0.2026512893747051   0.1258617365487069   0.1260137165234336
   0.2026368712397748   0.1256204970128535   0.1255914623820275
   0.2026642341586051   0.1254180711850355   0.1252191771057769
   0.2027307658247998   0.1252524630905970   0.1248944901893151
   0.2028339418944184   0.1251217368550903   0.1246151015905625
   0.2029713236091565   0.1250240151578052   0.1243787794225444
   0.2031405555952414   0.1249574777672736   0.1241833577755926
   0.2033393638262886   0.1249203601608444   0.1240267346738051
   0.2035655537380107   0.1249109522288865   0.1239068701675186
   0.2038170084824473   0.1249275970628265   0.1238217845616935
   0.2040916873092755   0.1249686898250748   0.1237695567784755
   0.2043876240617650   0.1250326766978915   0.1237483228507739
   0.2047029257750363   0.1251180539074081   0.1237562745424649
   0.2050357713644710   0.1252233668183169   0.1237916580897735
   0.2053844103923881   0.1253472090941675   0.1238527730574921
   0.2057471619014414   0.1254882219177562   0.1239379713029573
   0.2061224133035967   0.1256450932657470   0.1240456560400963
   0.2065086193140101   0.1258165572314165   0.1241742809953880
   0.2069043009196405   0.1260013933892559   0.1243223496472237
   0.2073080443729857   0.1261984261950953   0.1244884145399143
   0.2077185002019253   0.1264065244154071   0.1246710766634429
   0.2081343822272769   0.1266246005795260   0.1248689848900210
   0.2085544665803219   0.1268516104486428   0.1250808354585388
   0.2089775907132252   0.1270865524956222   0.1253053714981250
   0.2094026523959518   0.1273284673899235   0.1255413825822148
   0.2098286086939771   0.1275764374821845   0.1257877043047866
   0.2102544749217710   0.1278295862833348   0.1260432178707339
   0.2106793235677353   0.1280870779334602   0.1263068496927124
   0.2111022831869444   0.1283481166560001   0.1265775709872065
   0.2115225372587185   0.1286119461932628   0.1268543973630119
   0.2119393230067071   0.1288778492196460   0.1271363883958150
   0.2123519301798009   0.1291451467293767   0.1274226471830596
   0.2127596997927973   0.1294131973960110   0.1277123198738224
   0.2131620228263380   0.1296813969013734   0.1280045951689708
   0.2135583388861887   0.1299491772320439   0.1282987037874318
   0.2139481348224632   0.1302160059419371   0.1285939178949708
   0.2143309433098869   0.1304813853799422   0.1288895504924437
   0.2147063413906536   0.1307448518820055   0.1291849547610499
   0.2150739489818539   0.1310059749274435   0.1294795233626721
   0.2154334273498423   0.1312643562596653   0.1297726876939320
   0.2157844775542566   0.1315196289718500   0.1300639170931250
   0.2161268388647156   0.1317714565584873   0.1303527179997069
   0.2164602871534985   0.1320195319340147   0.1306386330665003
   0.2167846332677403   0.1322635764201052   0.1309212402252555
   0.2170997213848819   0.1325033387034458   0.1312001517066447
   0.2174054273552745   0.1327385937661114   0.1314750130161836
   0.2177016570359689   0.1329691417908880   0.1317455018679623
   0.2179883446198123   0.1331948070441112   0.1320113270784202
   0.2182654509640426   0.1334154367387824   0.1322722274227300
   0.2185329619225988   0.1336308998808945   0.1325279704566444
   0.2187908866863734   0.1338410861020436   0.1327783513069241
   0.2190392561356064   0.1340459044815231   0.1330231914336902
   0.2192781212085780   0.1342452823611961   0.1332623373682482
   0.2195075512906816   0.1344391641565167   0.1334956594300912
   0.2197276326278716   0.1346275101671242   0.1337230504269268
   0.2199384667683706   0.1348102953904668   0.1339444243416808
   0.2201401690363941   0.1349875083419271   0.1341597150105054
   0.2203328670415116   0.1351591498849114   0.1343688747958691
   0.2205166992271125   0.1353252320743480   0.1345718732588360
   0.2206918134612799   0.1354857770169978   0.1347686958346320
   0.2208583656732079   0.1356408157519276   0.1349593425155843
   0.2210165185381197   0.1357903871544291   0.1351438265454695
   0.2211664402134627   0.1359345368665905   0.1353221731292437
   0.2213083031289704   0.1360733162576322   0.1354944181620544
   0.2214422828329974   0.1362067814170252   0.1356606069813286
   0.2215685568973443   0.1363349921832959   0.1358207931456299
   0.2216873038826038   0.1364580112113111   0.1359750372438524
   0.2217987023658781   0.1365759030807119   0.1361234057381858
   0.2219029300325329   0.1366887334480419   0.1362659698441496
   0.2220001628334803   0.1367965682449808   0.1364028044508404
   0.2220905742093071   0.1368994729249639   0.1365339870843881
   0.2221743343823998   0.1369975117603321   0.1366595969174546
   0.2222516097180554   0.1370907471920165   0.1367797138274507
   0.2223225621554090   0.1371792392336273   0.1368944175059819
   0.2223873487088608   0.1372630449316773   0.1370037866218730
   0.2224461210405405   0.1373422178835296   0.1371078980399585
   0.2224990251042068   0.1374168078145288   0.1372068260976625
   0.2225462008608478   0.1374868602156303   0.1373006419412388
   0.2225877820661192   0.1375524160427163   0.1373894129233789
   0.2226238961296366   0.1376135114786485   0.1374732020637520
   0.2226546640460137   0.1376701777589805   0.1375520675738876
   0.2226802003974299   0.1377224410621203   0.1376260624476689
   0.2227006134273922   0.1377703224646077   0.1376952341185729
   0.2227160051852496   0.1378138379620469   0.1377596241846514
   0.2227264717409088   0.1378529985561051   0.1378192682021255
   0.2227321034690879   0.1378878104078692   0.1378741955483425
   0.2227329854023409   0.1379182750577251   0.1379244293547205
   0.2227291976519670   0.1379443897118031   0.1379699865102023
   0.2227208158958131   0.1379661475949099   0.1380108777356200
   0.2227079119318501   0.1379835383697356   0.1380471077292748
   0.2226905542962884   0.1379965486220077   0.1380786753839277
   0.2226688089448605   0.1380051624111231   0.1381055740753007
   0.2226427399957676   0.1380093618856613   0.1381277920220857
   0.2226124105326324   0.1380091279630407   0.1381453127173615
   0.2225778834656507   0.1380044410724354   0.1381581154312210
   0.2225392224489599   0.1379952819599179   0.1381661757843062
   0.2224964928520640   0.1379816325546346   0.1381694663918504
   0.2224497627829575   0.1379634768946466   0.1381679575777104
   0.2223991041603833   0.1379408021108952   0.1381616181577647
   0.2223445938324268   0.1379135994675521   0.1381504162919248
   0.2222863147384133   0.1378818654568112   0.1381343204038777
   0.2222243571108056   0.1378456029459577   0.1381133001675339
   0.2221588197135231   0.1378048223743122   0.1380873275589952
   0.2220898111128020   0.1377595429973895   0.1380563779726873
   0.2220174509763958   0.1377097941753404   0.1380204314001109
   0.2219418713965755   0.1376556167024455   0.1379794736694513
   0.2218632182320266   0.1375970641741140   0.1379334977440583
   0.2217816524633613   0.1375342043874965   0.1378825050775479
   0.2216973515565601   0.1374671207714575   0.1378265070229940
   0.2216105108282418   0.1373959138412597   0.1377655262933627
   0.2215213448062168   0.1373207026728937   0.1376995984699998
   0.2214300885783310   0.1372416263915435   0.1376287735555970
   0.2213369991221337   0.1371588456682054   0.1375531175676540
   0.2212423566074241   0.1370725442179763   0.1374727141679908
   0.2211464656632399   0.1369829302930061   0.1373876663233804
   0.2210496566003571   0.1368902381625510   0.1372980979918280
   0.2209522865798684   0.1367947295719937   0.1372041558284515
   0.2208547407179156   0.1366966951720937   0.1371060109042947
   0.2207574331161625   0.1365964559091119   0.1370038604307378
   0.2206608078071207   0.1364943643658227   0.1368979294814676
