   0.2189588177950808   0.1352837158970439   0.1352965827966284
   0.2189562517194424   0.1352803017889986   0.1352913626066704
   0.2189540658861581   0.1352771768669825   0.1352864997543785
   0.2189522457366951   0.1352743320316510   0.1352819844673189
   0.2189507768761539   0.1352717582118123   0.1352778068718110
   0.2189496450873008   0.1352694463894069   0.1352739570977949
   0.2189488363404916   0.1352673876095784   0.1352704252947736
   0.2189483368025987   0.1352655729894396   0.1352672016445120
   0.2189481328451660   0.1352639937260541   0.1352642763723609
   0.2189482110518846   0.1352626411037922   0.1352616397576280
   0.2189485582254455   0.1352615065011432   0.1352592821431840
   0.2189491613938131   0.1352605813970376   0.1352571939444085
   0.2189500078159492   0.1352598573767134   0.1352553656575405
   0.2189510849870190   0.1352593261371563   0.1352537878674809
   0.2189523806431017   0.1352589794921363   0.1352524512550793
   0.2189538827654293   0.1352588093768616   0.1352513466039341
   0.2189555795841756   0.1352588078522676   0.1352504648067304
   0.2189574595818156   0.1352589671089598   0.1352497968711366
   0.2189595114960756   0.1352592794708268   0.1352493339252833
   0.2189617243224922   0.1352597373983393   0.1352490672228389
   0.2189640873165987   0.1352603334915486   0.1352489881477063
   0.2189665899957555   0.1352610604928042   0.1352490882183546
   0.2189692221406435   0.1352619112891975   0.1352493590918037
   0.2189719737964337   0.1352628789147525   0.1352497925672807
   0.2189748352736497   0.1352639565523701   0.1352503805895603
   0.2189777971487396   0.1352651375355437   0.1352511152520083
   0.2189808502643675   0.1352664153498544   0.1352519887993404
   0.2189839857294428   0.1352677836342591   0.1352529936301115
   0.2189871949188966   0.1352692361821826   0.1352541222989497
   0.2189904694732203   0.1352707669424230   0.1352553675185468
   0.2189938012977763   0.1352723700198815   0.1352567221614197
   0.2189971825618935   0.1352740396761259   0.1352581792614519
   0.2190006056977585   0.1352757703297963   0.1352597320152296
   0.2190040633991109   0.1352775565568621   0.1352613737831818
   0.2190075486197559   0.1352793930907384   0.1352630980905341
   0.2190110545719004   0.1352812748222703   0.1352648986280885
   0.2190145747243231   0.1352831967995896   0.1352667692528361
   0.2190181028003867   0.1352851542278545   0.1352687039884121
   0.2190216327759001   0.1352871424688760   0.1352706970254042
   0.2190251588768390   0.1352891570406385   0.1352727427215180
   0.2190286755769303   0.1352911936167183   0.1352748356016105
   0.2190321775951086   0.1352932480256083   0.1352769703575971
   0.2190356598928511   0.1352953162499505   0.1352791418482387
   0.2190391176713956   0.1352973944256831   0.1352813450988163
   0.2190425463688487   0.1352994788411050   0.1352835753006971
   0.2190459416571894   0.1353015659358621   0.1352858278107987
   0.2190492994391706   0.1353036522998585   0.1352880981509564
   0.2190526158451276   0.1353057346720960   0.1352903820071977
   0.2190558872296938   0.1353078099394442   0.1352926752289275
   0.2190591101684287   0.1353098751353435   0.1352949738280301
   0.2190622814543643   0.1353119274384450   0.1352972739778885
   0.2190653980944694   0.1353139641711857   0.1352995720123273
   0.2190684573060377   0.1353159827983039   0.1353018644244782
   0.2190714565130025   0.1353179809252946   0.1353041478655750
   0.2190743933421787   0.1353199562968056   0.1353064191436767
   0.2190772656194364   0.1353219067949756   0.1353086752223218
   0.2190800713658086   0.1353238304377154   0.1353109132191152
   0.2190828087935326   0.1353257253769314   0.1353131304042505
   0.2190854763020291   0.1353275898966922   0.1353153241989655
   0.2190880724738200   0.1353294224113379   0.1353174921739344
   0.2190905960703859   0.1353312214635320   0.1353196320475962
   0.2190930460279654   0.1353329857222551   0.1353217416844192
   0.2190954214532967   0.1353347139807409   0.1353238190931024
   0.2190977216193017   0.1353364051543514   0.1353258624247126
   0.2190999459607161   0.1353380582783925   0.1353278699707583
   0.2191020940696623   0.1353396725058684   0.1353298401611973
   0.2191041656911711   0.1353412471051726   0.1353317715623801
   0.2191061607186466   0.1353427814577159   0.1353336628749262
   0.2191080791892795   0.1353442750554879   0.1353355129315331
   0.2191099212794082   0.1353457274985527   0.1353373206947155
   0.2191116872998260   0.1353471384924759   0.1353390852544754
   0.2191133776910384   0.1353485078456824   0.1353408058258994
   0.2191149930184673   0.1353498354667411   0.1353424817466833
   0.2191165339676053   0.1353511213615785   0.1353441124745813
   0.2191180013391196   0.1353523656306171   0.1353456975847783
   0.2191193960439048   0.1353535684658375   0.1353472367671835
   0.2191207190980877   0.1353547301477629   0.1353487298236447
   0.2191219716179828   0.1353558510423654   0.1353501766650776
   0.2191231548149991   0.1353569315978904   0.1353515773085140
   0.2191242699905019   0.1353579723416017   0.1353529318740620
   0.2191253185306262   0.1353589738764423   0.1353542405817786
   0.2191263019010474   0.1353599368776119   0.1353555037484539
   0.2191272216417067   0.1353608620890610   0.1353567217843027
   0.2191280793614968   0.1353617503198992   0.1353578951895639
   0.2191288767329056   0.1353626024407186   0.1353590245510060
   0.2191296154866233   0.1353634193798315   0.1353601105383366
   0.2191302974061133   0.1353642021194241   0.1353611539005156
   0.2191309243221498   0.1353649516916233   0.1353621554619703
   0.2191314981073265   0.1353656691744815   0.1353631161187134
   0.2191320206705360   0.1353663556878771   0.1353640368343607
   0.2191324939514290   0.1353670123893339   0.1353649186360512
   0.2191329199148506   0.1353676404697604   0.1353657626102669
   0.2191333005452639   0.1353682411491116   0.1353665698985555
   0.2191336378411624   0.1353688156719761   0.1353673416931540
   0.2191339338094761   0.1353693653030902   0.1353680792325161
   0.2191341904599797   0.1353698913227848   0.1353687837967444
   0.2191344097997045   0.1353703950223669   0.1353694567029288
   0.2191345938273650   0.1353708776994415   0.1353700993003938
   0.2191347445278042   0.1353713406531784   0.1353707129658577
   0.2191348638664649   0.1353717851795301   0.1353712990985062
   0.2191349537838980   0.1353722125664056   0.1353718591149855
   0.2191350161903119   0.1353726240888093   0.1353723944443173
   0.2191350529601760   0.1353730210039486   0.1353729065227426
   0.2191350659268850   0.1353734045463234   0.1353733967884986
   0.2191350568774948   0.1353737759227999   0.1353738666765344
   0.2191350275475422   0.1353741363076834   0.1353743176131735
   0.2191349796159567   0.1353744868377971   0.1353747510107299
   0.2191349147000786   0.1353748286075779   0.1353751682620851
   0.2191348343507938   0.1353751626642005   0.1353755707352351
   0.2191347400478002   0.1353754900027428   0.1353759597678182
   0.2191346331950157   0.1353758115614035   0.1353763366616315
   0.2191345151161457   0.1353761282167866   0.1353767026771480
   0.2191343870504210   0.1353764407792648   0.1353770590280468
   0.2191342501485234   0.1353767499884401   0.1353774068757667
   0.2191341054687118   0.1353770565087126   0.1353777473240987
   0.2191339539731675   0.1353773609249763   0.1353780814138287
   0.2191337965245733   0.1353776637384579   0.1353784101174481
   0.2191336338829422   0.1353779653627152   0.1353787343339441
   0.2191334667027145   0.1353782661198128   0.1353790548836893
   0.2191332955301404   0.1353785662366966   0.1353793725034457
   0.2191331208009638   0.1353788658417798   0.1353796878415002
   0.2191329428384279   0.1353791649617669   0.1353800014529518
   0.2191327618516188   0.1353794635187308   0.1353803137951685
   0.2191325779341670   0.1353797613274655   0.1353806252234329
   0.2191323910633226   0.1353800580931350   0.1353809359867994
   0.2191322010994258   0.1353803534092389   0.1353812462241811
   0.2191320077857897   0.1353806467559178   0.1353815559606904
   0.2191318107490131   0.1353809374986176   0.1353818651042543
   0.2191316094997422   0.1353812248871377   0.1353821734425275
   0.2191314034339001   0.1353815080550825   0.1353824806401268
   0.2191311918344006   0.1353817860197406   0.1353827862362099
   0.2191309738733631   0.1353820576824111   0.1353830896424231
   0.2191307486148490   0.1353823218292023   0.1353833901412418
   0.2191305150181306   0.1353825771323213   0.1353836868847290
   0.2191302719415128   0.1353828221518781   0.1353839788937357
   0.2191300181467202   0.1353830553382243   0.1353842650575683
   0.2191297523038646   0.1353832750348490   0.1353845441341486
   0.2191294729970058   0.1353834794818477   0.1353848147506896
   0.2191291787303180   0.1353836668199894   0.1353850754049132
   0.2191288679348727   0.1353838350953953   0.1353853244668329
   0.2191285389760472   0.1353839822648498   0.1353855601811259
   0.2191281901615687   0.1353841062017605   0.1353857806701181
   0.2191278197501993   0.1353842047027806   0.1353859839374058
   0.2191274259610672   0.1353842754951104   0.1353861678721325
   0.2191270069836484   0.1353843162444893   0.1353863302539478
   0.2191265609884008   0.1353843245638907   0.1353864687586636
   0.2191260861380476   0.1353842980229284   0.1353865809646307
   0.2191255805995119   0.1353842341579828   0.1353866643598493
   0.2191250425564935   0.1353841304830538   0.1353867163498365
   0.2191244702226833   0.1353839845013425   0.1353867342662587
   0.2191238618556060   0.1353837937175646   0.1353867153763484
   0.2191232157710764   0.1353835556509953   0.1353866568931134
   0.2191225303582574   0.1353832678492393   0.1353865559863495
   0.2191218040953005   0.1353829279027252   0.1353864097944643
   0.2191210355655465   0.1353825334599102   0.1353862154371175
   0.2191202234742680   0.1353820822431875   0.1353859700286792
   0.2191193666659187   0.1353815720654785   0.1353856706925090
   0.2191184641418674   0.1353810008474955   0.1353853145760515
   0.2191175150785772   0.1353803666356490   0.1353848988667430
   0.2191165188461958   0.1353796676205794   0.1353844208087223
   0.2191154750275163   0.1353789021562811   0.1353838777203320
   0.2191143834372620   0.1353780687797888   0.1353832670123969
   0.2191132441416494   0.1353771662313890   0.1353825862072597
   0.2191120574781781   0.1353761934753178   0.1353818329585529
   0.2191108240755890   0.1353751497208995   0.1353810050716786
   0.2191095448739350   0.1353740344440785   0.1353801005249683
   0.2191082211446987   0.1353728474092923   0.1353791174914876
   0.2191068545108908   0.1353715886916280   0.1353780543614448
   0.2191054469670580   0.1353702586992019   0.1353769097651655
   0.2191040008991250   0.1353688581956957   0.1353756825965798
   0.2191025191039927   0.1353673883229791   0.1353743720371738
   0.2191010048088093   0.1353658506237456   0.1353729775803468
   0.2190994616898277   0.1353642470640796   0.1353714990561130
   0.2190978938907597   0.1353625800558738   0.1353699366560792
   0.2190963060405328   0.1353608524790066   0.1353682909586305
   0.2190947032703535   0.1353590677031871   0.1353665629542417
   0.2190930912299741   0.1353572296093716   0.1353647540708381
   0.2190914761030625   0.1353553426106487   0.1353628661991140
   0.2190898646215654   0.1353534116724869   0.1353609017177195
   0.2190882640789573   0.1353514423322371   0.1353588635182176
   0.2190866823422623   0.1353494407177726   0.1353567550297084
   0.2190851278627339   0.1353474135651514   0.1353545802430132
   0.2190836096850768   0.1353453682351786   0.1353523437343077
   0.2190821374550918   0.1353433127287426   0.1353500506880839
   0.2190807214256245   0.1353412557007992   0.1353477069193206
   0.2190793724606966   0.1353392064728710   0.1353453188947366
   0.2190781020376973   0.1353371750439283   0.1353428937529922
   0.2190769222475142   0.1353351720995168   0.1353404393237072
   0.2190758457924808   0.1353332090189923   0.1353379641451533
   0.2190748859820190   0.1353312978807240   0.1353354774804786
   0.2190740567258569   0.1353294514651259   0.1353329893323179
   0.2190733725247029   0.1353276832553732   0.1353305104556381
   0.2190728484582586   0.1353260074356639   0.1353280523686659
   0.2190725001704578   0.1353244388868829   0.1353256273617437
   0.2190723438518194   0.1353229931795293   0.1353232485039553
   0.2190723962188086   0.1353216865637649   0.1353209296473635
   0.2190726744901023   0.1353205359564517   0.1353186854287000
   0.2190731963596620   0.1353195589250378   0.1353165312683455
   0.2190739799665248   0.1353187736681657   0.1353144833664437
   0.2190750438612243   0.1353181989928731   0.1353125586959851
   0.2190764069687662   0.1353178542882641   0.1353107749927054
   0.2190780885480885   0.1353177594955356   0.1353091507416421
   0.2190801081479460   0.1353179350742455   0.1353077051601941
   0.2190824855591664   0.1353184019647226   0.1353064581775365
   0.2190852407632413   0.1353191815465203   0.1353054304102429
   0.2190883938772182   0.1353202955928307   0.1353046431339770
   0.2190919650948790   0.1353217662207776   0.1353041182511160
   0.2190959746241998   0.1353236158375275   0.1353038782541809
   0.2191004426211014   0.1353258670821624   0.1353039461849524
   0.2191053891195125   0.1353285427632708   0.1353043455891620
   0.2191108339577872   0.1353316657922317   0.1353051004666561
   0.2191167967015292   0.1353352591121745   0.1353062352169439
   0.2191232965628963   0.1353393456226211   0.1353077745800500
   0.2191303523164723   0.1353439480998219   0.1353097435726060
   0.2191379822118162   0.1353490891128270   0.1353121674191294
   0.2191462038828146   0.1353547909353421   0.1353150714784526
   0.2191550342539823   0.1353610754534446   0.1353184811652842
   0.2191644894438796   0.1353679640692506   0.1353224218668947
   0.2191745846658333   0.1353754776006489   0.1353269188549462
   0.2191853341261696   0.1353836361772360   0.1353319971924982
   0.2191967509201903   0.1353924591326106   0.1353376816362452
   0.2192088469261477   0.1354019648932123   0.1353439965340622
   0.2192216326974903   0.1354121708639056   0.1353509657179581
   0.2192351173536832   0.1354230933105447   0.1353586123925583
   0.2192493084699221   0.1354347472397729   0.1353669590192652
   0.2192642119660889   0.1354471462763389   0.1353760271962677
   0.2192798319953183   0.1354603025382393   0.1353858375345989
   0.2192961708325688   0.1354742265100238   0.1353964095304683
   0.2193132287636139   0.1354889269146221   0.1354077614341213
   0.2193310039748947   0.1355044105840875   0.1354199101155077
   0.2193494924446968   0.1355206823296700   0.1354328709270715
   0.2193686878361364   0.1355377448116664   0.1354466575640001
   0.2193885813924642   0.1355555984095192   0.1354612819223052
   0.2194091618352173   0.1355742410926627   0.1354767539551335
   0.2194304152657673   0.1355936682926432   0.1354930815277400
   0.2194523250708383   0.1356138727770663   0.1355102702715819
   0.2194748718325816   0.1356348445259482   0.1355283234380265
   0.2194980332438174   0.1356565706110766   0.1355472417521930
   0.2195217840290676   0.1356790350790069   0.1355670232674792
   0.2195460958720208   0.1357022188383473   0.1355876632213533
   0.2195709373500847   0.1357260995520031   0.1356091538930198
   0.2195962738766972   0.1357506515350790   0.1356314844635961
   0.2196220676520723   0.1357758456591501   0.1356546408794638
   0.2196482776230753   0.1358016492636357   0.1356786057194859
   0.2196748594529235   0.1358280260750266   0.1357033580668024
   0.2197017655014186   0.1358549361347283   0.1357288733859480
   0.2197289448164191   0.1358823357362988   0.1357551234060475
   0.2197563431372662   0.1359101773728695   0.1357820760108763
   0.2197839029108743   0.1359384096955487   0.1358096951365839
   0.2198115633211976   0.1359669774836098   0.1358379406779012
   0.2198392603327781   0.1359958216272779   0.1358667684036653
   0.2198669267490767   0.1360248791239244   0.1358961298825099
   0.2198944922862771   0.1360540830884829   0.1359259724195807
   0.2199218836632413   0.1360833627788968   0.1359562390051448
   0.2199490247082868   0.1361126436374026   0.1359868682759698
   0.2199758364834291   0.1361418473484458   0.1360177944903531
   0.2200022374267236   0.1361708919140175   0.1360489475176849
   0.2200281435133135   0.1361996917471824   0.1360802528434263
   0.2200534684357655   0.1362281577845574   0.1361116315903849
   0.2200781238042500   0.1362561976184778   0.1361430005571606
   0.2201020193670884   0.1362837156495685   0.1361742722746307
   0.2201250632521591   0.1363106132604090   0.1362053550813314
   0.2201471622296132   0.1363367890109587   0.1362361532185780
   0.2201682219963143   0.1363621388563728   0.1362665669461564
   0.2201881474823684   0.1363865563878077   0.1362964926793927
   0.2202068431800681   0.1364099330967761   0.1363258231483943
   0.2202242134955173   0.1364321586635748   0.1363544475802275
   0.2202401631231558   0.1364531212702581   0.1363822519047730
   0.2202545974433376   0.1364727079385912   0.1364091189849728
   0.2202674229430573   0.1364908048933585   0.1364349288721481
   0.2202785476598527   0.1365072979513549   0.1364595590870364
   0.2202878816488384   0.1365220729363265   0.1364828849271575
   0.2202953374727499   0.1365350161200674   0.1365047798010811
   0.2203008307147986   0.1365460146898120   0.1365251155901218
   0.2203042805140489   0.1365549572419957   0.1365437630379467
   0.2203056101229418   0.1365617343023811   0.1365605921685279
   0.2203047474864895   0.1365662388724677   0.1365754727328232
   0.2203016258425654   0.1365683670020236   0.1365882746845105
   0.2202961843426044   0.1365680183874849   0.1365988686850423
   0.2202883686919151   0.1365650969958803   0.1366071266382227
   0.2202781318086842   0.1365595117138345   0.1366129222544435
   0.2202654345006260   0.1365511770211038   0.1366161316446374
   0.2202502461580954   0.1365400136879811   0.1366166339439341
   0.2202325454623399   0.1365259494957938   0.1366143119649162
   0.2202123211074202   0.1365089199795902   0.1366090528802831
   0.2201895725341695   0.1364888691919782   0.1366007489346330
   0.2201643106744005   0.1364657504869403   0.1365892981849687
   0.2201365587033920   0.1364395273222957   0.1365746052694184
   0.2201063527985164   0.1364101740793294   0.1365565822035401
   0.2200737429016740   0.1363776768979326   0.1365351492034477
   0.2200387934830100   0.1363420345254278   0.1365102355348522
   0.2200015843031882   0.1363032591770631   0.1364817803869590
   0.2199622111712853   0.1362613774059609   0.1364497337699938
   0.2199207866951567   0.1362164309801007   0.1364140574349532
   0.2198774410209018   0.1361684777636960   0.1363747258139795
   0.2198323225578324   0.1361175926000951   0.1363317269795547
   0.2197855986851192   0.1360638681930949   0.1362850636204812
   0.2197374564360535   0.1360074159833061   0.1362347540323812
   0.2196881031556309   0.1359483670159466   0.1361808331201874
   0.2196377671269267   0.1358868727961655   0.1361233534098247
   0.2195866981614976   0.1358231061277216   0.1360623860659894
   0.2195351681488153   0.1357572619305508   0.1359980219126274
   0.2194834715595104   0.1356895580324543   0.1359303724523765
   0.2194319258969882   0.1356202359298440   0.1358595708809027
   0.2193808720917726   0.1355495615121667   0.1357857730916860
   0.2193306748327346   0.1354778257443224   0.1357091586664404
   0.2192817228291941   0.1354053453010799   0.1356299318459500
   0.2192344289977176   0.1353324631471853   0.1355483224756973
   0.2191892305673072   0.1352595490565566   0.1354645869202331
   0.2191465890965712   0.1351870000636641   0.1353790089398064
   0.2191069903963873   0.1351152408399146   0.1352919005223323
   0.2190709443515421   0.1350447239875955   0.1352036026633281
   0.2190389846348293   0.1349759302436918   0.1351144860860077
   0.2190116683071416   0.1349093685856748   0.1350249518932768
   0.2189895752971930   0.1348455762311797   0.1349354321429481
   0.2189733077546676   0.1347851185233441   0.1348463903370730
   0.2189634892708078   0.1347285886934834   0.1347583218158973
   0.2189607639607388   0.1346766074927297   0.1346717540465807
   0.2189657954021863   0.1346298226842767   0.1345872467964957
   0.2189792654256662   0.1345889083879456   0.1345053921806378
   0.2190018727517420   0.1345545642689466   0.1344268145724548
   0.2190343314715336   0.1345275145629370   0.1343521703672436
   0.2190773693673398   0.1345085069298040   0.1342821475871756
   0.2191317260710016   0.1344983111290151   0.1342174653170194
   0.2191981510584929   0.1344977175099052   0.1341588729597282
   0.2192774014801678   0.1345075353108965   0.1341071493012718
   0.2193702398271296   0.1345285907624007   0.1340631013744289
   0.2194774314353111   0.1345617249890186   0.1340275631117214
   0.2195997418300643   0.1346077917076533   0.1340013937782872
   0.2197379339153420   0.1346676547192713   0.1339854761762549
   0.2198927650129165   0.1347421851933096   0.1339807146131205
   0.2200649837585021   0.1348322587451058   0.1339880326277332
   0.2202553268631315   0.1349387523082490   0.1340083704687879
   0.2204645157496495   0.1350625408053855   0.1340426823221996
   0.2206932530757423   0.1352044936227743   0.1340919332853992
   0.2209422191564747   0.1353654708957517   0.1341570960884485
   0.2212120683008624   0.1355463196142337   0.1342391475639151
   0.2215034250785320   0.1357478695594286   0.1343390648696707
   0.2218168805339921   0.1359709290850491   0.1344578214711741
   0.2221529883674502   0.1362162807584704   0.1345963828923516
   0.2225122611024107   0.1364846768794618   0.1347557022468811
   0.2228951662614740   0.1367768348962895   0.1349367155644899
   0.2233021225727925   0.1370934327411353   0.1351403369297776
   0.2237334962304960   0.1374351041088388   0.1353674534540209
   0.2241895972330592   0.1378024337049504   0.1356189201033920
   0.2246706758240105   0.1381959524909107   0.1358955544099654
   0.2251769190595667   0.1386161329558313   0.1361981310947660
   0.2257084475276825   0.1390633844457998   0.1365273766348686
   0.2262653122426235   0.1395380485828210   0.1368839638091441
   0.2268474917384860   0.1400403948064134   0.1372685062596047
   0.2274548893840778   0.1405706160714556   0.1376815531073696
   0.2280873309402554   0.1411288247360977   0.1381235836640055
   0.2287445623791520   0.1417150486733778   0.1385950022803213
   0.2294262479827747   0.1423292276395975   0.1390961333755724
   0.2301319687361608   0.1429712099314855   0.1396272166903988
   0.2308612210277284   0.1436407493626980   0.1401884028066363
   0.2316134156666211   0.1443375025882686   0.1407797489763612
   0.2323878772237900   0.1450610268032253   0.1414012153011318
   0.2331838437003018   0.1458107778387389   0.1420526613003340
   0.2340004665229599   0.1465861086758899   0.1427338429048323
   0.2348368108638283   0.1473862683934468   0.1434444099087536
   0.2356918562767160   0.1482104015619904   0.1441839039082125
   0.2365644976401592   0.1490575480923305   0.1449517567511403
   0.2374535463930220   0.1499266435415023   0.1457472895171582
   0.2383577320455607   0.1508165198747625   0.1465697120406709
   0.2392757039457605   0.1517259066769986   0.1474181229841410
   0.2402060332779982   0.1526534328018956   0.1482915104618998
   0.2411472152687092   0.1535976284421587   0.1491887532079573
   0.2420976715717703   0.1545569275991500   0.1501086222741946
   0.2430557528048494   0.1555296709255529   0.1510497832381695
   0.2440197412070446   0.1565141089102202   0.1520107988926592
   0.2449878533878008   0.1575084053702829   0.1529901323821283
   0.2459582431373908   0.1585106412119683   0.1539861507446783
   0.2469290042702011   0.1595188184185085   0.1549971288118228
   0.2478981734737017   0.1605308642210495   0.1560212534127807
   0.2488637331382989   0.1615446354067095   0.1570566278249989
   0.2498236141462843   0.1625579227169016   0.1581012764084193
   0.2507756986017693   0.1635684552888099   0.1591531493577034
   0.2517178224878203   0.1645739050935074   0.1602101275042994
   0.2526477782419413   0.1655718913256632   0.1612700270989744
   0.2535633172465444   0.1665599847021227   0.1623306045052867
   0.2544621522370359   0.1675357116298426   0.1633895607354867
   0.2553419596365779   0.1684965582077343   0.1644445457625543
   0.2562003818333673   0.1694399740318665   0.1654931625454867
   0.2570350294233406   0.1703633757791861   0.1665329707095671
   0.2578434834484630   0.1712641505513756   0.1675614898291224
   0.2586232976681192   0.1721396589676246   0.1685762022671961
   0.2593720009084749   0.1729872380028927   0.1695745555345482
   0.2600870995419576   0.1738042035765978   0.1705539641393895
   0.2607660801560854   0.1745878529055155   0.1715118109091793
   0.2614064124776863   0.1753354666439205   0.1724454477765612
   0.2620055526249988   0.1760443108435766   0.1733521960330007
   0.2625609467661282   0.1767116387759728   0.1742293460657836
   0.2630700352677993   0.1773346926691559   0.1750741566066676
   0.2635302574231808   0.1779107054214910   0.1758838535334820
   0.2639390568517291   0.1784369023646600   0.1766556282792890
   0.2642938876673985   0.1789105031580435   0.1773866359171898
   0.2645922215141808   0.1793287239062928   0.1780739930024161
   0.2648315555696731   0.1796887796012789   0.1787147752668587
   0.2650094216182033   0.1799878869986424   0.1793060152745872
   0.2651233962949218   0.1802232680478140   0.1798447001601044
   0.2651711126011369   0.1803921540025298   0.1803277695840034
   0.2651502727890090   0.1804917903465261   0.1807521140532963
   0.2650586627104657   0.1805194426761629   0.1811145737659192
   0.2648941677208171   0.1804724036881858   0.1814119381507762
   0.2646547902219730   0.1803480014266245   0.1816409462861617
   0.2643386689233426   0.1801436089478967   0.1817982883905045
   0.2639440998903186   0.1798566555675049   0.1818806085901602
   0.2634695594406460   0.1794846398551939   0.1818845091794728
   0.2629137289377762   0.1790251445480307   0.1818065565986164
   0.2622755215173916   0.1784758535524641   0.1816432893648784
   0.2615541107684007   0.1778345712069103   0.1813912282031385
   0.2607489613726454   0.1770992439756229   0.1810468886314156
   0.2598598616879838   0.1762679847423381   0.1806067962675457
   0.2588869582369804   0.1753390998681700   0.1800675051333598
   0.2578307920376867   0.1743111191721137   0.1794256192431191
   0.2566923366834594   0.1731828289838574   0.1786778177733594
   0.2554730380448123   0.1719533084068636   0.1778208841214861
   0.2541748554273136   0.1706219689141566   0.1768517391701477
   0.2528003039747632   0.1691885973791341   0.1757674790830788
   0.2513524980555122   0.1676534026179862   0.1745654179650462
   0.2498351953109768   0.1660170654877721   0.1732431357227702
   0.2482528409782369   0.1642807925434641   0.1717985314639149
   0.2466106120222249   0.1624463732067201   0.1702298827657490
   0.2449144605265346   0.1605162403369267   0.1685359111317213
   0.2431711556945692   0.1584935340191323   0.1667158539302812
   0.2413883237040222   0.1563821682915933   0.1647695430725346
   0.2395744845372439   0.1541869004253886   0.1626974906298159
   0.2377390847779688   0.1519134022374153   0.1605009815143544
   0.2358925252217968   0.1495683327635591   0.1581821732405394
   0.2340461819950452   0.1471594114386076   0.1557442026447880
   0.2322124197163603   0.1446954907214967   0.1531912992619529
   0.2304045950711442   0.1421866268673382   0.1505289048283698
   0.2286370490051225   0.1396441472807828   0.1477637980985210
   0.2269250855865865   0.1370807125893399   0.1449042238164909
   0.2252849354451856   0.1345103712527381   0.1419600242681057
   0.2237337015788792   0.1319486041798970   0.1389427713493931
   0.2222892852423206   0.1294123564661149   0.1358658965184856
   0.2209702896043957   0.1269200530005843   0.1327448153514190
   0.2197958989069939   0.1244915943433553   0.1295970427022581
   0.2187857309905312   0.1221483289510751   0.1264422936858020
   0.2179596612949486   0.1199129975670291   0.1233025648760493
   0.2173376168193016   0.1178096454133480   0.1202021892748944
   0.2169393390495745   0.1158634977670706   0.1171678577941020
   0.2167841155618729   0.1141007946070381   0.1142285992635777
   0.2168904808913992   0.1125485803286363   0.1114157103983612
   0.2172758883347082   0.1112344450828156   0.1087626268075021
   0.2179563556223109   0.1101862151475163   0.1063047261041391
   0.2189460888468450   0.1094315909208970   0.1040790545805956
   0.2202570906292966   0.1089977326633168   0.1021239698510769
   0.2218987602044020   0.1089107960192156   0.1004786934383157
   0.2238774948385007   0.1091954216086865   0.0991827695737329
   0.2261963036700169   0.1098741855506339   0.0982754295482466
   0.2288544465760904   0.1109670205897505   0.0977948648030809
   0.2318471118940517   0.1124906204349334   0.0977774165370802
   0.2351651476287921   0.1144578428250205   0.0982566948055063
   0.2387948610207114   0.1168771295305226   0.0992626456874222
   0.2427179009082394   0.1197519637602742   0.1008205908092474
   0.2469112360921473   0.1230803870365195   0.1029502689534192
   0.2513472408324194   0.1268545982995345   0.1056649142103959
   0.2559938956708868   0.1310606575959889   0.1089704086700674
   0.2608151080261383   0.1356783150350128   0.1128645495197653
   0.2657711525739311   0.1406809826769004   0.1173364701993050
   0.2708192265001927   0.1460358626612009   0.1223662526459205
   0.2759141095529862   0.1517042393033817   0.1279247624911268
   0.2810089137324575   0.1576419363275182   0.1339737313977806
   0.2860559027790910   0.1637999332001509   0.1404661008267828
   0.2910073576851938   0.1701251271194126   0.1473466299052598
   0.2958164615653642   0.1765612200813098   0.1545527574396873
   0.3004381756195951   0.1830497040927246   0.1620156953341230
   0.3048300777604586   0.1895309124957431   0.1696617186624528
   0.3089531368003008   0.1959451018974562   0.1774136073116326
   0.3127723978389982   0.2022335276303488   0.1851921862544538
   0.3162575584821484   0.2083394761194089   0.1929179067225845
   0.3193834204852243   0.2142092199612918   0.2005124091715141
   0.3221302070255054   0.2197928657312098   0.2079000110047170
   0.3244837416792343   0.2250450701942496   0.2150090673105193
   0.3264354909538578   0.2299256072811672   0.2217731608611720
   0.3279824775528749   0.2343997754119821   0.2281320876337425
   0.3291270761504155   0.2384386420243276   0.2340326153246754
   0.3298767071180806   0.2420191290347658   0.2394290039015242
   0.3302434462585824   0.2451239490503423   0.2442832883738275
   0.3302435701273681   0.2477414071728922   0.2485653339949640
   0.3298970570120206   0.2498650870290992   0.2522526825168282
   0.3292270632021754   0.2514934421551661   0.2553302145862418
   0.3282593929794013   0.2526293151071334   0.2577896577633025
   0.3270219789738792   0.2532794067803337   0.2596289719977840
   0.3255443873685995   0.2534537175886499   0.2608516449036118
   0.3238573600706355   0.2531649805974253   0.2614659281115763
   0.3219924035811762   0.2524281046586705   0.2614840437098934
   0.3199814320207547   0.2512596432943509   0.2609213866815823
   0.3178564697086977   0.2496773027241006   0.2597957456937977
   0.3156494169253573   0.2476995002188934   0.2581265609370607
   0.3133918810356743   0.2453449820277251   0.2559342342597166
   0.3111150740228877   0.2426325085781528   0.2532395038538201
   0.3088497766405411   0.2395806135642033   0.2500628934322084
   0.3066263687795203   0.2362074429414371   0.2464242443560546
   0.3044749251779814   0.2325306797492294   0.2423423386510145
   0.3024253751627057   0.2285675610409036   0.2378346213775513
   0.3005077245607058   0.2243349939530231   0.2329170324558539
   0.2987523370912108   0.2198497789736027   0.2276039608142537
   0.2971902712410156   0.2151289496104627   0.2219083376160495
   0.2958536666086485   0.2101902386830450   0.2158418902430755
   0.2947761707112365   0.2050526820431670   0.2094155844939689
   0.2939933929928603   0.1997373702386298   0.2026402887516221
   0.2935433669541887   0.1942683568937363   0.1955277001092343
   0.2934669936583421   0.1886737286518951   0.1880915776921979
   0.2938084301446480   0.1829868344859967   0.1803493312681111
   0.2946153744373756   0.1772476609396323   0.1723240116652308
   0.2959391850762412   0.1715043232092038   0.1640467407192932
   0.2978347580560165   0.1658146187237162   0.1555595987925445
   0.3003600690173724   0.1602475590997763   0.1469189529302644
   0.3035752756239772   0.1548847577837428   0.1381991535742820
   0.3075412675274498   0.1498215053341425   0.1294964479284463
   0.3123175536212639   0.1451673151633416   0.1209328508478069
   0.3179593940184793   0.1410456755722855   0.1126595808149881
   0.3245141236337832   0.1375927087021677   0.1048595175582983
   0.3320166813176838   0.1349544272663060   0.0977479880757045
   0.3404844569470580   0.1332823126848290   0.0915710716376023
   0.3499116978431628   0.1327270316830191   0.0866005782468877
   0.3602638669288283   0.1334302772649247   0.0831249556233744
   0.3714724996197711   0.1355149687895695   0.0814356725583844
   0.3834312350822278   0.1390743610404932   0.0818091464697086
   0.3959937621233987   0.1441609551570972   0.0844850192897237
   0.4089743808836426   0.1507764099739011   0.0896424576229166
   0.4221517086552136   0.1588638365255865   0.0973769994661362
   0.4352757449200819   0.1683038369263843   0.1076810670698935
   0.4480780850982158   0.1789153650696152   0.1204313800801965
   0.4602846002043633   0.1904619407197895   0.1353859715523482
   0.4716294741148496   0.2026630140573282   0.1521923199781929
   0.4818692100172216   0.2152094947370585   0.1704064467515722
   0.4907951570521906   0.2277818011978414   0.1895210441605843
   0.4982432916598629   0.2400684069356773   0.2089992193332391
   0.5041003801450761   0.2517828469069301   0.2283096236410352
   0.5083061635962181   0.2626774895709931   0.2469587579893890
   0.5108517336451821   0.2725529795987604   0.2645170397374366
   0.5117747060288264   0.2812629616281409   0.2806365272922162
   0.5111520810847860   0.2887143521905425   0.2950596704182957
   0.5090917843982514   0.2948639198919336   0.3076197588974260
   0.5057238265282532   0.2997122088909020   0.3182346606144596
   0.5011918545806671   0.3032959029123310   0.3268958949260207
   0.4956456457606380   0.3056796233515057   0.3336551222752214
   0.4892348634785176   0.3069479504535345   0.3386098637556672
   0.4821041953383266   0.3071982139071863   0.3418898335346080
   0.4743898382123739   0.3065343666435574   0.3436447945205986
   0.4662171933278072   0.3050620624442074   0.3440344186763272
   0.4576995789569586   0.3028849161775827   0.3432202936696486
   0.4489377499894142   0.3001018345806452   0.3413599804926799
   0.4400200210865260   0.2968052576621684   0.3386028842770758
   0.4310228129802609   0.2930801352715272   0.3350876339635802
   0.4220114716084322   0.2890034694339881   0.3309406539348159
   0.4130412414120425   0.2846442716322622   0.3262756322008243
   0.4041583036592189   0.2800638084886674   0.3211936293054299
   0.3954008162089536   0.2753160346441690   0.3157836184234321
   0.3867999119923419   0.2704481352446687   0.3101232928502938
   0.3783806297351930   0.2655011209049993   0.3042800181542574
   0.3701627625598924   0.2605104348304813   0.2983118408393864
   0.3621616187551339   0.2555065450089286   0.2922684930895356
   0.3543886948908693   0.2505155044242288   0.2861923544993364
   0.3468522652310175   0.2455594695968028   0.2801193475266218
   0.3395578936138737   0.2406571729562764   0.2740797547273185
   0.3325088750810880   0.2358243480857502   0.2680989536314882
   0.3257066148920527   0.2310741091637249   0.2621980702461795
   0.3191509524258153   0.2264172873102718   0.2563945553399393
   0.3128404370395372   0.2218627272861933   0.2507026894420019
   0.3067725623566030   0.2174175483011728   0.2451340233112758
   0.3009439647910067   0.2130873727096003   0.2396977608201772
   0.2953505914379291   0.2088765262190864   0.2344010909907074
   0.2899878418107100   0.2047882129823785   0.2292494754802927
   0.2848506873029618   0.2008246686400465   0.2242468972559412
   0.2799337717116398   0.1969872940627153   0.2193960755921354
   0.2752314956756783   0.1932767722290702   0.2146986519280298
   0.2707380874640570   0.1896931703817925   0.2101553505512861
   0.2664476621829970   0.1862360293345331   0.2057661175544984
   0.2623542711592526   0.1829044415616177   0.2015302410422819
   0.2584519429894341   0.1796971194885468   0.1974464551538764
   0.2547347175182789   0.1766124552141927   0.1935130301053669
   0.2511966738163973   0.1736485727327955   0.1897278501433979
   0.2478319530653044   0.1708033735829338   0.1860884810336677
   0.2446347771201318   0.1680745767290728   0.1825922284774718
   0.2415994634044162   0.1654597533765843   0.1792361886531431
   0.2387204366934767   0.1629563573310546   0.1760172919118231
   0.2359922382602416   0.1605617514351621   0.1729323405144031
   0.2334095327875467   0.1582732305496465   0.1699780411750502
   0.2309671133918649   0.1560880414873084   0.1671510330732492
   0.2286599050533826   0.1540034002592386   0.1644479119080219
   0.2264829667048966   0.1520165069493994   0.1618652504925522
   0.2244314921959233   0.1501245584963092   0.1593996163228817
   0.2225008103176994   0.1483247596280584   0.1570475864989413
   0.2206863840485404   0.1466143321685157   0.1548057603285500
   0.2189838091566206   0.1449905229077732   0.1526707699039412
   0.2173888122780414   0.1434506102081159   0.1506392889048845
   0.2158972485715729   0.1419919094976763   0.1487080398517042
   0.2145050990372755   0.1406117777870663   0.1468738000047714
   0.2132084675739806   0.1393076173293871   0.1451334060837571
   0.2120035778400501   0.1380768785308243   0.1434837579596001
   0.2108867699726873   0.1369170622073305   0.1419218214543352
   0.2098544972131385   0.1358257212724903   0.1404446303682963
   0.2089033224782351   0.1348004619323968   0.1390492878404684
   0.2080299149127202   0.1338389444550905   0.1377329671356316
   0.2072310464515704   0.1329388835747295   0.1364929119412423
   0.2065035884169507   0.1320980485840357   0.1353264362475112
   0.2058445081704397   0.1313142631626460   0.1342309238757333
   0.2052508658376591   0.1305854049836682   0.1332038277124564
   0.2047198111193651   0.1299094051359769   0.1322426687004250
   0.2042485802003657   0.1292842473954839   0.1313450346313147
   0.2038344927652534   0.1287079673747618   0.1305085787799787
   0.2034749491278627   0.1281786515769164   0.1297310184152029
   0.2031674274795275   0.1276944363764765   0.1290101332177302
   0.2029094812596073   0.1272535069472425   0.1283437636325238
   0.2026987366503341   0.1268540961544903   0.1277298091788331
   0.2025328901967933   0.1264944834266335   0.1271662267385719
   0.2024097065517674   0.1261729936193722   0.1266510288407675
   0.2023270163442164   0.1258879958834922   0.1261822819573691
   0.2022827141693512   0.1256379025457955   0.1257581048234806
   0.2022747566975329   0.1254211680111223   0.1253766667930746
   0.2023011608986197   0.1252362876920634   0.1250361862394442
   0.2023600023778519   0.1250817969717306   0.1247349290080216
   0.2024494138189230   0.1249562702038499   0.1244712069277285
   0.2025675835295104   0.1248583197534514   0.1242433763857064
   0.2027127540842340   0.1247865950805485   0.1240498369690922
   0.2028832210597717   0.1247397818684031   0.1238890301764366
   0.2030773318566662   0.1247166011972761   0.1237594382004149
   0.2032934846022277   0.1247158087639369   0.1236595827826240
   0.2035301271288460   0.1247361941466566   0.1235880241405000
   0.2037857560219793   0.1247765801149330   0.1235433599657191
   0.2040589157320845   0.1248358219827689   0.1235242244928428
   0.2043481977447806   0.1249128070039740   0.1235292876364494
   0.2046522398036059   0.1250064538076456   0.1235572541945370
   0.2049697251798221   0.1251157118717294   0.1236068631155827
   0.2052993819838422   0.1252395610323450   0.1236768868263139
   0.2056399825130071   0.1253770110263943   0.1237661306169595
   0.2059903426306090   0.1255271010648331   0.1238734320805152
   0.2063493211712475   0.1256888994338927   0.1239976606023741
   0.2067158193678186   0.1258615031214730   0.1241377168965273
   0.2070887802956573   0.1260440374658938   0.1242925325844359
   0.2074671883295990   0.1262356558241836   0.1244610698126121
   0.2078500686099711   0.1264355392571056   0.1246423209049145
   0.2082364865137896   0.1266428962281592   0.1248353080455637
   0.2086255471277028   0.1268569623138564   0.1250390829889138
   0.2090163947194968   0.1270769999226551   0.1252527267920766
   0.2094082122052573   0.1273022980200250   0.1254753495665721
   0.2098002206095583   0.1275321718572316   0.1257060902452901
   0.2101916785163335   0.1277659627015530   0.1259441163611678
   0.2105818815083599   0.1280030375657685   0.1261886238341353
   0.2109701615935614   0.1282427889349123   0.1264388367630393
   0.2113558866166133   0.1284846344884272   0.1266940072194305
   0.2117384596545899   0.1287280168160162   0.1269534150402835
   0.2121173183956651   0.1289724031256484   0.1272163676169181
   0.2124919345001154   0.1292172849423394   0.1274821996775924
   0.2128618129431293   0.1294621777964942   0.1277502730614511
   0.2132264913391467   0.1297066209007673   0.1280199764817271
   0.2135855392476831   0.1299501768145560   0.1282907252763155
   0.2139385574607952   0.1301924310954136   0.1285619611440572
   0.2142851772725425   0.1304329919368237   0.1288331518652915
   0.2146250597309858   0.1306714897919375   0.1291037910054567
   0.2149578948734290   0.1309075769830267   0.1293733976007313
   0.2152834009457679   0.1311409272965507   0.1296415158249241
   0.2156013236069525   0.1313712355638789   0.1299077146370239
   0.2159114351196956   0.1315982172278402   0.1301715874090246
   0.2162135335286721   0.1318216078953971   0.1304327515338278
   0.2165074418275556   0.1320411628768632   0.1306908480132172
   0.2167930071163185   0.1322566567121869   0.1309455410260661
   0.2170700997502966   0.1324678826849299   0.1311965174771107
   0.2173386124825726   0.1326746523246554   0.1314434865267724
   0.2175984596012799   0.1328767948985291   0.1316861791026584
   0.2178495760634532   0.1330741568930048   0.1319243473934998
   0.2180919166270773   0.1332666014865318   0.1321577643264094
   0.2183254549829855   0.1334540080142776   0.1323862230284468
   0.2185501828882603   0.1336362714259031   0.1326095362735774
   0.2187661093027667   0.1338133017374643   0.1328275359161930
   0.2189732595304312   0.1339850234785452   0.1330400723124397
   0.2191716743668377   0.1341513751357408   0.1332470137306501
   0.2193614092546747   0.1343123085936285   0.1334482457522349
   0.2195425334485150   0.1344677885743605   0.1336436706644212
   0.2197151291903509   0.1346177920770136   0.1338332068462510
   0.2198792908972487   0.1347623078178196   0.1340167881492731
   0.2200351243624127   0.1349013356723803   0.1341943632743632
   0.2201827459708807   0.1350348861209509   0.1343658951461066
   0.2203222819309904   0.1351629796978461   0.1345313602861634
   0.2204538675226816   0.1352856464459871   0.1346907481870167
   0.2205776463636121   0.1354029253775731   0.1348440606874747
   0.2206937696939839   0.1355148639418166   0.1349913113512620
   0.2208023956808890   0.1356215175006338   0.1351325248499939
   0.2209036887428982   0.1357229488131380   0.1352677363517797
   0.2209978188955316   0.1358192275297256   0.1353969909166455
   0.2210849611181622   0.1359104296964970   0.1355203428999163
   0.2211652947428229   0.1359966372706960   0.1356378553646261
   0.2212390028652994   0.1360779376477941   0.1357495995039695
   0.2213062717788169   0.1361544232007951   0.1358556540747383
   0.2213672904305424   0.1362261908322674   0.1359561048426126
   0.2214222499010571   0.1362933415395672   0.1360510440401171
   0.2214713429068719   0.1363559799936471   0.1361405698379695
   0.2215147633259949   0.1364142141317954   0.1362247858304869
   0.2215527057464910   0.1364681547645931   0.1363038005356374
   0.2215853650379090   0.1365179151973235   0.1363777269102590
   0.2216129359453964   0.1365636108660145   0.1364466818808942
   0.2216356127062618   0.1366053589882451   0.1365107858906215
   0.2216535886886959   0.1366432782287975   0.1365701624622004
   0.2216670560523121   0.1366774883801884   0.1366249377777769
   0.2216762054301244   0.1367081100580716   0.1366752402753389
   0.2216812256315419   0.1367352644114586   0.1367212002620483
   0.2216823033659170   0.1367590728476639   0.1367629495445182
   0.2216796229861582   0.1367796567718474   0.1368006210760505
   0.2216733662518844   0.1367971373409879   0.1368343486207973
   0.2216637121115744   0.1368116352320887   0.1368642664347586
   0.2216508365031427   0.1368232704243928   0.1368905089634859
   0.2216349121723524   0.1368321619953466   0.1369132105563150
   0.2216161085084639   0.1368384279300374   0.1369325051969167
   0.2215945913964999   0.1368421849437992   0.1369485262499106
   0.2215705230855051   0.1368435483176662   0.1369614062232620
   0.2215440620721642   0.1368426317463326   0.1369712765461450
   0.2215153629991436   0.1368395471982631   0.1369782673619300
   0.2214845765675164   0.1368344047875847   0.1369825073359312
   0.2214518494626344   0.1368273126573797   0.1369841234775247
   0.2214173242928086   0.1368183768739897   0.1369832409762324
   0.2213811395401701   0.1368077013319342   0.1369799830513470
   0.2213434295230828   0.1367953876690398   0.1369744708146663
   0.2213043243694942   0.1367815351913756   0.1369668231458840
   0.2212639500006149   0.1367662408075847   0.1369571565801866
   0.2212224281243308   0.1367495989722027   0.1369455852075897
   0.2211798762377621   0.1367317016375555   0.1369322205835492
   0.2211364076383992   0.1367126382138287   0.1369171716503765
   0.2210921314432568   0.1366924955369065   0.1369005446689865
   0.2210471526155037   0.1366713578435807   0.1368824431605108
   0.2210015719980404   0.1366493067537353   0.1368629678573052
   0.2209554863535147   0.1366264212591209   0.1368422166628912
   0.2209089884102803   0.1366027777183378   0.1368202846203707
   0.2208621669138195   0.1365784498576545   0.1367972638888617
   0.2208151066831723   0.1365535087773000   0.1367732437275115
   0.2207678886719266   0.1365280229628713   0.1367483104866482
   0.2207205900333472   0.1365020583015143   0.1367225476056442
   0.2206732841892327   0.1364756781025404   0.1366960356170749
   0.2206260409021137   0.1364489431221532   0.1366688521567620
   0.2205789263504170   0.1364219115919715   0.1366410719793085
   0.2205320032062441   0.1363946392510459   0.1366127669787393
   0.2204853307154240   0.1363671793810721   0.1365840062138742
   0.2204389647795190   0.1363395828445238   0.1365548559380743
   0.2203929580394833   0.1363118981254302   0.1365253796330114
   0.2203473599606824   0.1362841713725423   0.1364956380461286
   0.2203022169190044   0.1362564464446357   0.1364656892314663
   0.2202575722878070   0.1362287649577167   0.1364355885935468
   0.2202134665254589   0.1362011663339012   0.1364053889340188
   0.2201699372632509   0.1361736878517548   0.1363751405007796
   0.2201270193934642   0.1361463646978862   0.1363448910393030
   0.2200847451574005   0.1361192300196022   0.1363146858459156
   0.2200431442331877   0.1360923149784390   0.1362845678227751
   0.2200022438231938   0.1360656488043972   0.1362545775343177
   0.2199620687408873   0.1360392588507158   0.1362247532649527
   0.2199226414970003   0.1360131706490321   0.1361951310777955
   0.2198839823848608   0.1359874079647830   0.1361657448742425
   0.2198461095647680   0.1359619928527113   0.1361366264541987
   0.2198090391473004   0.1359369457123512   0.1361078055767854
   0.2197727852754549   0.1359122853433756   0.1360793100213630
   0.2197373602055216   0.1358880290006937   0.1360511656487138
   0.2197027743866140   0.1358641924491998   0.1360233964622427
   0.2196690365387785   0.1358407900180769   0.1359960246690606
   0.2196361537296166   0.1358178346545703   0.1359690707408255
   0.2196041314493643   0.1357953379771508   0.1359425534742279
   0.2195729736843749   0.1357733103279963   0.1359164900510119
   0.2195426829889636   0.1357517608247239   0.1358908960974343
   0.2195132605555771   0.1357306974113134   0.1358657857430718
   0.2194847062832566   0.1357101269081698   0.1358411716788948
   0.2194570188443712   0.1356900550612746   0.1358170652145304
   0.2194301957496010   0.1356704865903837   0.1357934763346496
   0.2194042334111577   0.1356514252362353   0.1357704137544155
   0.2193791272042330   0.1356328738067331   0.1357478849739387
   0.2193548715266702   0.1356148342220790   0.1357258963316912
   0.2193314598568595   0.1355973075588290   0.1357044530568368
   0.2193088848098606   0.1355802940928539   0.1356835593204378
   0.2192871381917595   0.1355637933411884   0.1356632182855106
   0.2192662110522705   0.1355478041027574   0.1356434321558980
   0.2192460937355966   0.1355323244979683   0.1356242022239398
   0.2192267759295675   0.1355173520071652   0.1356055289169202
   0.2192082467130699   0.1355028835079434   0.1355874118422805
   0.2191904946017945   0.1354889153113203   0.1355698498315844
   0.2191735075923240   0.1354754431967692   0.1355528409832309
   0.2191572732045846   0.1354624624461194   0.1355363827039110
   0.2191417785226907   0.1354499678763283   0.1355204717488061
   0.2191270102342103   0.1354379538711379   0.1355051042605344
   0.2191129546678810   0.1354264144116234   0.1354902758068467
   0.2190995978298091   0.1354153431056486   0.1354759814170806
   0.2190869254381816   0.1354047332162415   0.1354622156173851
   0.2190749229565264   0.1353945776889067   0.1354489724647239
   0.2190635756255526   0.1353848691778896   0.1354362455796749
   0.2190528684936063   0.1353756000714127   0.1354240281780387
   0.2190427864457765   0.1353667625159021   0.1354123131012758
   0.2190333142316854   0.1353583484392230   0.1354010928457893
   0.2190244364919988   0.1353503495729480   0.1353903595910742
   0.2190161377836926   0.1353427574736754   0.1353801052267534
   0.2190084026041094   0.1353355635434233   0.1353703213785236
   0.2190012154138422   0.1353287590491202   0.1353609994330330
   0.2189945606584786   0.1353223351412147   0.1353521305617146
   0.2189884227892431   0.1353162828714286   0.1353437057436004
   0.2189827862825694   0.1353105932096758   0.1353357157871402
   0.2189776356586385   0.1353052570601713   0.1353281513510504
   0.2189729554989173   0.1353002652767533   0.1353210029642187
   0.2189687304627305   0.1352956086774431   0.1353142610446917
   0.2189649453028978   0.1352912780582649   0.1353079159177685
   0.2189615848804717   0.1352872642063515   0.1353019578332295
   0.2189586341786049   0.1352835579123560   0.1352963769817249
