       0.21612476       0.12638997       0.12446824
       0.21653674       0.12632323       0.12412423
       0.21700571       0.12630685       0.12381561
       0.21753464       0.12634468       0.12354626
       0.21812653       0.12644064       0.12332020
       0.21878432       0.12659871       0.12314166
       0.21951089       0.12682292       0.12301500
       0.22030906       0.12711730       0.12294469
       0.22118154       0.12748590       0.12293534
       0.22213091       0.12793272       0.12299161
       0.22315963       0.12846171       0.12311823
       0.22426997       0.12907671       0.12331993
       0.22546402       0.12978146       0.12360146
       0.22674366       0.13057954       0.12396749
       0.22811053       0.13147437       0.12442263
       0.22956604       0.13246913       0.12497137
       0.23111131       0.13356678       0.12561803
       0.23274720       0.13476999       0.12636674
       0.23447426       0.13608114       0.12722139
       0.23629273       0.13750227       0.12818560
       0.23820255       0.13903507       0.12926265
       0.24020329       0.14068085       0.13045550
       0.24229425       0.14244050       0.13176669
       0.24447436       0.14431449       0.13319834
       0.24674224       0.14630285       0.13475210
       0.24909616       0.14840515       0.13642915
       0.25153412       0.15062050       0.13823012
       0.25405378       0.15294753       0.14015512
       0.25665253       0.15538439       0.14220371
       0.25932750       0.15792875       0.14437484
       0.26207554       0.16057784       0.14666692
       0.26489330       0.16332840       0.14907773
       0.26777725       0.16617675       0.15160451
       0.27072366       0.16911878       0.15424388
       0.27372870       0.17214999       0.15699192
       0.27678840       0.17526550       0.15984418
       0.27989878       0.17846010       0.16279566
       0.28305579       0.18172830       0.16584091
       0.28625540       0.18506432       0.16897402
       0.28949363       0.18846218       0.17218867
       0.29276660       0.19191575       0.17547821
       0.29607053       0.19541876       0.17883569
       0.29940180       0.19896487       0.18225391
       0.30275699       0.20254774       0.18572552
       0.30613286       0.20616104       0.18924305
       0.30952646       0.20979853       0.19279898
       0.31293507       0.21345412       0.19638586
       0.31635627       0.21712186       0.19999631
       0.31978791       0.22079607       0.20362312
       0.32322818       0.22447130       0.20725934
       0.32667554       0.22814241       0.21089832
       0.33012877       0.23180460       0.21453375
       0.33358694       0.23545343       0.21815976
       0.33704939       0.23908483       0.22177094
       0.34051573       0.24269514       0.22536242
       0.34398580       0.24628111       0.22892983
       0.34745962       0.24983987       0.23246942
       0.35093741       0.25336899       0.23597802
       0.35441948       0.25686642       0.23945306
       0.35790624       0.26033048       0.24289260
       0.36139812       0.26375986       0.24629528
       0.36489555       0.26715356       0.24966034
       0.36839886       0.27051087       0.25298757
       0.37190827       0.27383135       0.25627730
       0.37542381       0.27711475       0.25953033
       0.37894528       0.28036096       0.26274790
       0.38247217       0.28357001       0.26593163
       0.38600364       0.28674195       0.26908344
       0.38953844       0.28987683       0.27220550
       0.39307488       0.29297462       0.27530013
       0.39661077       0.29603516       0.27836975
       0.40014338       0.29905810       0.28141676
       0.40366943       0.30204283       0.28444348
       0.40718503       0.30498842       0.28745204
       0.41068567       0.30789357       0.29044431
       0.41416618       0.31075653       0.29342178
       0.41762076       0.31357507       0.29638551
       0.42104294       0.31634642       0.29933597
       0.42442562       0.31906723       0.30227305
       0.42776104       0.32173349       0.30519587
       0.43104084       0.32434057       0.30810281
       0.43425606       0.32688308       0.31099134
       0.43739720       0.32935496       0.31385801
       0.44045426       0.33174937       0.31669837
       0.44341680       0.33405872       0.31950692
       0.44627396       0.33627465       0.32227705
       0.44901461       0.33838802       0.32500102
       0.45162735       0.34038894       0.32766993
       0.45410063       0.34226676       0.33027368
       0.45642284       0.34401009       0.33280096
       0.45858241       0.34560682       0.33523924
       0.46056790       0.34704417       0.33757479
       0.46236812       0.34830869       0.33979262
       0.46397223       0.34938633       0.34187658
       0.46536991       0.35026246       0.34380928
       0.46655141       0.35092194       0.34557215
       0.46750778       0.35134915       0.34714545
       0.46823095       0.35152809       0.34850829
       0.46871390       0.35144241       0.34963860
       0.46895087       0.35107552       0.35051321
       0.46893747       0.35041067       0.35110783
       0.46867096       0.34943106       0.35139705
       0.46815043       0.34811998       0.35135442
       0.46737701       0.34646093       0.35095243
       0.46635421       0.34443783       0.35016258
       0.46508817       0.34203527       0.34895546
       0.46358800       0.33923873       0.34730081
       0.46186613       0.33603493       0.34516773
       0.45993875       0.33241227       0.34252486
       0.45782622       0.32836128       0.33934069
       0.45555355       0.32387527       0.33558401
       0.45315092       0.31895100       0.33122448
       0.45065420       0.31358962       0.32623343
       0.44810550       0.30779762       0.32058490
       0.44555367       0.30158809       0.31425703
       0.44305478       0.29498210       0.30723377
       0.44067249       0.28801023       0.29950711
       0.43847826       0.28071437       0.29107982
       0.43655130       0.27314953       0.28196875
       0.43497822       0.26538576       0.27220869
       0.43385216       0.25751006       0.26185692
       0.43327140       0.24962792       0.25099812
       0.43333715       0.24186460       0.23974958
       0.43415055       0.23436551       0.22826628
       0.43580866       0.22729558       0.21674529
       0.43839942       0.22083713       0.20542874
       0.44199561       0.21518583       0.19460440
       0.44664810       0.21054455       0.18460267
       0.45237858       0.20711465       0.17578900
       0.45917238       0.20508506       0.16855068
       0.46697221       0.20461933       0.16327764
       0.47567357       0.20584157       0.16033738
       0.48512278       0.20882262       0.16004564
       0.49511862       0.21356792       0.16263525
       0.50541785       0.22000903       0.16822676
       0.51574494       0.22800043       0.17680528
       0.52580545       0.23732269       0.18820762
       0.53530201       0.24769248       0.20212277
       0.54395131       0.25877870       0.21810716
       0.55150043       0.27022311       0.23561352
       0.55774063       0.28166312       0.25402986
       0.56251728       0.29275414       0.27272369
       0.56573523       0.30318887       0.29108559
       0.56735920       0.31271189       0.30856710
       0.56740997       0.32112847       0.32470907
       0.56595715       0.32830748       0.33915862
       0.56310974       0.33417921       0.35167485
       0.55900572       0.33872917       0.36212470
       0.55380173       0.34198933       0.37047153
       0.54766362       0.34402814       0.37675914
       0.54075841       0.34494042       0.38109386
       0.53324794       0.34483803       0.38362665
       0.52528414       0.34384177       0.38453683
       0.51700592       0.34207476       0.38401822
       0.50853731       0.33965740       0.38226801
       0.49998680       0.33670375       0.37947839
       0.49144740       0.33331910       0.37583072
       0.48299733       0.32959863       0.37149172
       0.47470105       0.32562676       0.36661143
       0.46661056       0.32147722       0.36132245
       0.45876679       0.31721338       0.35574009
       0.45120095       0.31288895       0.34996316
       0.44393586       0.30854875       0.34407516
       0.43698725       0.30422965       0.33814567
       0.43036482       0.29996141       0.33223182
       0.42407326       0.29576759       0.32637980
       0.41811320       0.29166633       0.32062622
       0.41248190       0.28767110       0.31499946
       0.40717399       0.28379143       0.30952081
       0.40218199       0.28003342       0.30420555
       0.39749683       0.27640036       0.29906386
       0.39310825       0.27289313       0.29410167
       0.38900514       0.26951066       0.28932131
       0.38517585       0.26625024       0.28472217
       0.38160843       0.26310786       0.28030119
       0.37829084       0.26007844       0.27605331
       0.37521111       0.25715613       0.27197184
       0.37235751       0.25433444       0.26804882
       0.36971866       0.25160646       0.26427529
       0.36728366       0.24896501       0.26064152
       0.36504214       0.24640279       0.25713723
       0.36298438       0.24391253       0.25375181
       0.36110134       0.24148706       0.25047444
       0.35938476       0.23911947       0.24729429
       0.35782719       0.23680320       0.24420064
       0.35642201       0.23453214       0.24118301
       0.35516351       0.23230073       0.23823135
       0.35404688       0.23010409       0.23533609
       0.35306828       0.22793808       0.23248833
       0.35222481       0.22579941       0.22967998
       0.35151453       0.22368574       0.22690387
       0.35093648       0.22159580       0.22415393
       0.35049065       0.21952945       0.22142533
       0.35017792       0.21748779       0.21871465
       0.35000011       0.21547326       0.21602005
       0.34995981       0.21348972       0.21334146
       0.35006038       0.21154251       0.21068073
       0.35030582       0.20963851       0.20804186
       0.35070062       0.20778621       0.20543113
       0.35124967       0.20599569       0.20285727
       0.35195798       0.20427862       0.20033165
       0.35283055       0.20264821       0.19786831
       0.35387205       0.20111913       0.19548409
       0.35508659       0.19970733       0.19319862
       0.35647737       0.19842988       0.19103425
       0.35804638       0.19730464       0.18901590
       0.35979399       0.19635003       0.18717082
       0.36171863       0.19558452       0.18552817
       0.36381643       0.19502623       0.18411855
       0.36608083       0.19469238       0.18297337
       0.36850228       0.19459874       0.18212400
       0.37106799       0.19475896       0.18160095
       0.37376170       0.19518400       0.18143277
       0.37656362       0.19588147       0.18164498
       0.37945035       0.19685506       0.18225893
       0.38239508       0.19810405       0.18329065
       0.38536776       0.19962287       0.18474975
       0.38833552       0.20140085       0.18663850
       0.39126321       0.20342209       0.18895109
       0.39411395       0.20566555       0.19167309
       0.39684996       0.20810526       0.19478127
       0.39943330       0.21071082       0.19824376
       0.40182678       0.21344799       0.20202053
       0.40399478       0.21627952       0.20606421
       0.40590413       0.21916601       0.21032125
       0.40752485       0.22206691       0.21473335
       0.40883084       0.22494157       0.21923904
       0.40980042       0.22775024       0.22377537
       0.41041669       0.23045500       0.22827969
       0.41066782       0.23302066       0.23269124
       0.41054711       0.23541541       0.23695271
       0.41005287       0.23761147       0.24101153
       0.40918826       0.23958539       0.24482093
       0.40796093       0.24131837       0.24834068
       0.40638255       0.24279626       0.25153762
       0.40446836       0.24400949       0.25438582
       0.40223659       0.24495289       0.25686656
       0.39970789       0.24562534       0.25896804
       0.39690475       0.24602939       0.26068492
       0.39385101       0.24617085       0.26201778
       0.39057128       0.24605830       0.26297240
       0.38709050       0.24570260       0.26355904
       0.38343355       0.24511646       0.26379170
       0.37962490       0.24431399       0.26368741
       0.37568826       0.24331027       0.26326548
       0.37164641       0.24212102       0.26254692
       0.36752099       0.24076223       0.26155381
       0.36333236       0.23924995       0.26030882
       0.35909950       0.23759998       0.25883475
       0.35483998       0.23582774       0.25715419
       0.35056995       0.23394809       0.25528921
       0.34630409       0.23197523       0.25326112
       0.34205569       0.22992259       0.25109027
       0.33783668       0.22780280       0.24879597
       0.33365769       0.22562764       0.24639636
       0.32952811       0.22340803       0.24390836
       0.32545614       0.22115403       0.24134767
       0.32144894       0.21887486       0.23872873
       0.31751263       0.21657890       0.23606479
       0.31365239       0.21427376       0.23336791
       0.30987257       0.21196627       0.23064902
       0.30617673       0.20966258       0.22791797
       0.30256771       0.20736811       0.22518357
       0.29904772       0.20508769       0.22245370
       0.29561839       0.20282556       0.21973531
       0.29228082       0.20058538       0.21703455
       0.28903566       0.19837035       0.21435677
       0.28588315       0.19618316       0.21170663
       0.28282315       0.19402613       0.20908812
       0.27985522       0.19190113       0.20650464
       0.27697862       0.18980973       0.20395904
       0.27419238       0.18775315       0.20145368
       0.27149531       0.18573233       0.19899047
       0.26888605       0.18374795       0.19657089
       0.26636310       0.18180046       0.19419609
       0.26392482       0.17989010       0.19186686
       0.26156947       0.17801693       0.18958370
       0.25929523       0.17618086       0.18734686
       0.25710024       0.17438163       0.18515635
       0.25498259       0.17261890       0.18301195
       0.25294034       0.17089221       0.18091330
       0.25097154       0.16920102       0.17885986
       0.24907426       0.16754472       0.17685094
       0.24724659       0.16592266       0.17488576
       0.24548664       0.16433415       0.17296344
       0.24379257       0.16277848       0.17108301
       0.24216260       0.16125491       0.16924346
       0.24059501       0.15976274       0.16744372
       0.23908815       0.15830127       0.16568269
       0.23764047       0.15686982       0.16395926
       0.23625049       0.15546777       0.16227233
       0.23491685       0.15409452       0.16062080
       0.23363828       0.15274957       0.15900360
       0.23241363       0.15143247       0.15741970
       0.23124186       0.15014284       0.15586812
       0.23012208       0.14888043       0.15434795
       0.22905351       0.14764504       0.15285835
       0.22803551       0.14643663       0.15139858
       0.22706758       0.14525523       0.14996797
       0.22614936       0.14410104       0.14856599
       0.22528064       0.14297436       0.14719222
       0.22446135       0.14187564       0.14584637
       0.22369158       0.14080550       0.14452830
       0.22297155       0.13976468       0.14323801
       0.22230166       0.13875409       0.14197568
       0.22168244       0.13777482       0.14074164
       0.22111455       0.13682810       0.13953642
       0.22059882       0.13591536       0.13836073
       0.22013621       0.13503817       0.13721547
       0.21972780       0.13419830       0.13610175
       0.21937481       0.13339767       0.13502088
       0.21907859       0.13263838       0.13397439
       0.21884058       0.13192271       0.13296402
       0.21866233       0.13125308       0.13199171
       0.21854547       0.13063207       0.13105963
       0.21849172       0.13006242       0.13017016
       0.21850287       0.12954701       0.12932587
       0.21858075       0.12908882       0.12852956
       0.21872723       0.12869098       0.12778419
       0.21894418       0.12835669       0.12709292
       0.21923352       0.12808925       0.12645907
       0.21959710       0.12789202       0.12588610
       0.22003678       0.12776839       0.12537762
       0.22055436       0.12772181       0.12493735
       0.22115157       0.12775568       0.12456908
       0.22183005       0.12787343       0.12427668
       0.22259135       0.12807839       0.12406406
       0.22343691       0.12837386       0.12393513
       0.22436801       0.12876302       0.12389377
       0.22538580       0.12924893       0.12394381
       0.22649127       0.12983450       0.12408901
       0.22768523       0.13052245       0.12433300
       0.22896831       0.13131533       0.12467925
       0.23034094       0.13221544       0.12513107
       0.23180336       0.13322485       0.12569154
       0.23335557       0.13434535       0.12636352
       0.23499741       0.13557844       0.12714958
       0.23672846       0.13692535       0.12805200
       0.23854810       0.13838695       0.12907277
       0.24045550       0.13996381       0.13021349
       0.24244961       0.14165614       0.13147546
       0.24452917       0.14346381       0.13285958
       0.24669271       0.14538632       0.13436637
       0.24893857       0.14742283       0.13599595
       0.25126490       0.14957213       0.13774807
       0.25366966       0.15183263       0.13962203
       0.25615062       0.15420241       0.14161675
       0.25870542       0.15667917       0.14373074
       0.26133152       0.15926028       0.14596209
       0.26402625       0.16194274       0.14830848
       0.26678680       0.16472325       0.15076720
       0.26961027       0.16759817       0.15333512
       0.27249366       0.17056356       0.15600874
       0.27543388       0.17361519       0.15878418
       0.27842779       0.17674857       0.16165715
       0.28147221       0.17995894       0.16462306
       0.28456396       0.18324133       0.16767694
       0.28769984       0.18659058       0.17081352
       0.29087671       0.19000133       0.17402721
       0.29409149       0.19346812       0.17731218
       0.29734116       0.19698535       0.18066235
       0.30062284       0.20054738       0.18407145
       0.30393377       0.20414854       0.18753303
       0.30727137       0.20778317       0.19104056
       0.31063324       0.21144566       0.19458743
       0.31401719       0.21513051       0.19816701
       0.31742127       0.21883235       0.20177276
       0.32084376       0.22254601       0.20539820
       0.32428324       0.22626653       0.20903707
       0.32773851       0.22998922       0.21268330
       0.33120867       0.23370970       0.21633114
       0.33469310       0.23742389       0.21997518
       0.33819142       0.24112809       0.22361042
       0.34170354       0.24481900       0.22723232
       0.34522956       0.24849367       0.23083683
       0.34876981       0.25214961       0.23442046
       0.35232482       0.25578471       0.23798030
       0.35589524       0.25939727       0.24151403
       0.35948182       0.26298603       0.24501994
       0.36308541       0.26655007       0.24849693
       0.36670682       0.27008887       0.25194456
       0.37034687       0.27360224       0.25536294
       0.37400625       0.27709028       0.25875279
       0.37768553       0.28055336       0.26211538
       0.38138505       0.28399209       0.26545245
       0.38510490       0.28740722       0.26876624
       0.38884486       0.29079963       0.27205936
       0.39260431       0.29417028       0.27533476
       0.39638222       0.29752010       0.27859564
       0.40017710       0.30084999       0.28184538
       0.40398690       0.30416072       0.28508748
       0.40780904       0.30745289       0.28832543
       0.41164033       0.31072687       0.29156266
       0.41547695       0.31398273       0.29480243
       0.41931445       0.31722018       0.29804775
       0.42314771       0.32043856       0.30130126
       0.42697092       0.32363673       0.30456521
       0.43077762       0.32681309       0.30784130
       0.43456069       0.32996548       0.31113068
       0.43831236       0.33309119       0.31443378
       0.44202423       0.33618695       0.31775035
       0.44568733       0.33924885       0.32107932
       0.44929215       0.34227240       0.32441880
       0.45282866       0.34525245       0.32776601
       0.45628641       0.34818328       0.33111727
       0.45965454       0.35105855       0.33446799
       0.46292191       0.35387132       0.33781264
       0.46607713       0.35661412       0.34114477
       0.46910861       0.35927893       0.34445701
       0.47200471       0.36185725       0.34774111
       0.47475375       0.36434013       0.35098799
       0.47734413       0.36671823       0.35418776
       0.47976441       0.36898186       0.35732977
       0.48200336       0.37112101       0.36040270
       0.48405006       0.37312545       0.36339459
       0.48589398       0.37498477       0.36629295
       0.48752503       0.37668841       0.36908479
       0.48893364       0.37822574       0.37175672
       0.49011083       0.37958612       0.37429504
       0.49104826       0.38075891       0.37668576
       0.49173828       0.38173357       0.37891471
       0.49217401       0.38249965       0.38096758
       0.49234933       0.38304686       0.38283002
       0.49225900       0.38336511       0.38448761
       0.49189862       0.38344451       0.38592600
       0.49126474       0.38327542       0.38713084
       0.49035484       0.38284846       0.38808791
       0.48916741       0.38215453       0.38878304
       0.48770196       0.38118485       0.38920218
       0.48595909       0.37993090       0.38933135
       0.48394051       0.37838453       0.38915666
       0.48164909       0.37653791       0.38866426
       0.47908896       0.37438355       0.38784035
       0.47626554       0.37191436       0.38667106
       0.47318566       0.36912363       0.38514252
       0.46985763       0.36600511       0.38324072
       0.46629137       0.36255306       0.38095154
       0.46249855       0.35876231       0.37826065
       0.45849278       0.35462837       0.37515357
       0.45428973       0.35014758       0.37161561
       0.44990744       0.34531725       0.36763189
       0.44536646       0.34013592       0.36318748
       0.44069022       0.33460358       0.35826744
       0.43590529       0.32872208       0.35285708
       0.43104170       0.32249550       0.34694219
       0.42613334       0.31593067       0.34050951
       0.42121831       0.30903778       0.33354725
       0.41633928       0.30183112       0.32604583
       0.41154389       0.29432988       0.31799886
       0.40688505       0.28655916       0.30940437
       0.40242119       0.27855101       0.30026632
       0.39821642       0.27034568       0.29059655
       0.39434047       0.26199282       0.28041697
       0.39086846       0.25355288       0.26976231
       0.38788030       0.24509831       0.25868307
       0.38545975       0.23671476       0.24724899
       0.38369291       0.22850189       0.23555251
       0.38266621       0.22057386       0.22371236
       0.38246369       0.21305901       0.21187675
       0.38316359       0.20609873       0.20022575
       0.38483424       0.19984514       0.18897239
       0.38752931       0.19445737       0.17836171
       0.39128265       0.19009626       0.16866704
       0.39610292       0.18691748       0.16018298
       0.40196852       0.18506307       0.15321439
       0.40882332       0.18465194       0.14806142
       0.41657376       0.18576984       0.14500095
       0.42508800       0.18845970       0.14426549
       0.43419753       0.19271352       0.14602146
       0.44370169       0.19846690       0.15034904
       0.45337503       0.20559726       0.15722671
       0.46297723       0.21392652       0.16652265
       0.47226478       0.22322833       0.17799535
       0.48100348       0.23323959       0.19130392
       0.48898063       0.24367509       0.20602776
       0.49601549       0.25424381       0.22169335
       0.50196741       0.26466528       0.23780512
       0.50674062       0.27468414       0.25387687
       0.51028569       0.28408172       0.26946006
       0.51259785       0.29268384       0.28416650
       0.51371253       0.30036445       0.29768356
       0.51369913       0.30704554       0.30978160
       0.51265353       0.31269379       0.32031421
       0.51069040       0.31731508       0.32921253
       0.50793572       0.32094752       0.33647548
       0.50452017       0.32365398       0.34215755
       0.50057349       0.32551485       0.34635575
       0.49622008       0.32662134       0.34919701
       0.49157580       0.32706979       0.35082677
       0.48674573       0.32695702       0.35139930
       0.48182301       0.32637674       0.35106990
       0.47688831       0.32541697       0.34998901
       0.47200996       0.32415834       0.34829798
       0.46724444       0.32267305       0.34612635
       0.46263720       0.32102447       0.34359026
       0.45822364       0.31926711       0.34079182
       0.45403020       0.31744693       0.33781915
       0.45007540       0.31560186       0.33474695
       0.44637093       0.31376239       0.33163731
       0.44292265       0.31195233       0.32854074
       0.43973154       0.31018948       0.32549736
       0.43679451       0.30848641       0.32253801
       0.43410516       0.30685106       0.31968539
       0.43165450       0.30528745       0.31695511
       0.42943147       0.30379624       0.31435673
       0.42742345       0.30237523       0.31189462
       0.42561676       0.30101989       0.30956878
       0.42399695       0.29972370       0.30737556
       0.42254915       0.29847858       0.30530829
       0.42125835       0.29727518       0.30335782
       0.42010958       0.29610313       0.30151297
       0.41908815       0.29495133       0.29976096
       0.41817974       0.29380807       0.29808771
       0.41737061       0.29266125       0.29647815
       0.41664763       0.29149854       0.29491638
       0.41599846       0.29030743       0.29338593
       0.41541158       0.28907542       0.29186983
       0.41487642       0.28779006       0.29035080
       0.41438340       0.28643905       0.28881125
       0.41392407       0.28501036       0.28723342
       0.41349115       0.28349229       0.28559944
       0.41307865       0.28187358       0.28389134
       0.41268198       0.28014351       0.28209115
       0.41229806       0.27829207       0.28018098
       0.41192546       0.27631008       0.27814306
       0.41156453       0.27418936       0.27595996
       0.41121756       0.27192298       0.27361465
       0.41088894       0.26950552       0.27109080
       0.41058532       0.26693331       0.26837299
       0.41031579       0.26420480       0.26544712
       0.41009204       0.26132099       0.26230082
       0.40992849       0.25828578       0.25892399
       0.40984241       0.25510652       0.25530947
       0.40985402       0.25179449       0.25145380
       0.40998647       0.24836549       0.24735817
       0.41026580       0.24484036       0.24302939
       0.41072071       0.24124557       0.23848114
       0.41138232       0.23761370       0.23373516
       0.41228363       0.23398394       0.22882262
       0.41345888       0.23040231       0.22378548
       0.41494261       0.22692181       0.21867771
       0.41676859       0.22360229       0.21356645
       0.41896838       0.22050989       0.20853273
       0.42156969       0.21771616       0.20367175
       0.42459455       0.21529664       0.19909249
       0.42805724       0.21332892       0.19491644
       0.43196223       0.21189012       0.19127518
       0.43630202       0.21105383       0.18830686
       0.44105532       0.21088659       0.18615131
       0.44618548       0.21144405       0.18494395
       0.45163951       0.21276703       0.18480859
       0.45734779       0.21487780       0.18584970
       0.46322476       0.21777680       0.18814431
       0.46917050       0.22144033       0.19173473
       0.47507337       0.22581934       0.19662231
       0.48081356       0.23083968       0.20276346
       0.48626742       0.23640395       0.21006827
       0.49131226       0.24239479       0.21840216
       0.49583129       0.24867964       0.22759075
       0.49971844       0.25511637       0.23742751
       0.50288246       0.26155961       0.24768367
       0.50525028       0.26786699       0.25811950
       0.50676926       0.27390508       0.26849589
       0.50740821       0.27955434       0.27858528
       0.50715734       0.28471298       0.28818113
       0.50602706       0.28929944       0.29710520
       0.50404600       0.29325351       0.30521242
       0.50125839       0.29653626       0.31239326
       0.49772104       0.29912882       0.31857375
       0.49350019       0.30103044       0.32371372
       0.48866850       0.30225600       0.32780341
       0.48330218       0.30283320       0.33085930
       0.47747848       0.30279973       0.33291940
       0.47127365       0.30220057       0.33403842
       0.46476119       0.30108551       0.33428321
       0.45801062       0.29950696       0.33372864
       0.45108660       0.29751814       0.33245398
       0.44404832       0.29517164       0.33053993
       0.43694928       0.29251827       0.32806625
       0.42983716       0.28960627       0.32510994
       0.42275397       0.28648069       0.32174396
       0.41573627       0.28318312       0.31803634
       0.40881552       0.27975145       0.31404964
       0.40201842       0.27621992       0.30984078
       0.39536735       0.27261909       0.30546096
       0.38888076       0.26897607       0.30095582
       0.38257359       0.26531469       0.29636570
       0.37645770       0.26165570       0.29172597
       0.37054216       0.25801703       0.28706738
       0.36483369       0.25441405       0.28241647
       0.35933688       0.25085976       0.27779594
       0.35405455       0.24736508       0.27322505
       0.34898796       0.24393906       0.26871995
       0.34413707       0.24058902       0.26429408
       0.33950068       0.23732083       0.25995841
       0.33507670       0.23413902       0.25572179
       0.33086221       0.23104696       0.25159117
       0.32685365       0.22804699       0.24757183
       0.32304695       0.22514055       0.24366763
       0.31943756       0.22232829       0.23988114
       0.31602064       0.21961017       0.23621384
       0.31279104       0.21698557       0.23266624
       0.30974343       0.21445333       0.22923804
       0.30687235       0.21201186       0.22592821
       0.30417223       0.20965918       0.22273508
       0.30163749       0.20739298       0.21965648
       0.29926250       0.20521070       0.21668975
       0.29704170       0.20310954       0.21383186
       0.29496957       0.20108650       0.21107943
       0.29304070       0.19913846       0.20842882
       0.29124979       0.19726219       0.20587615
       0.28959166       0.19545439       0.20341737
       0.28806132       0.19371170       0.20104826
       0.28665394       0.19203077       0.19876452
       0.28536491       0.19040828       0.19656176
       0.28418983       0.18884094       0.19443559
       0.28312452       0.18732555       0.19238158
       0.28216507       0.18585902       0.19039536
       0.28130782       0.18443840       0.18847261
       0.28054941       0.18306090       0.18660913
       0.27988675       0.18172392       0.18480085
       0.27931706       0.18042512       0.18304385
       0.27883787       0.17916237       0.18133446
       0.27844703       0.17793386       0.17966924
       0.27814271       0.17673808       0.17804505
       0.27792342       0.17557386       0.17645907
       0.27778800       0.17444043       0.17490887
       0.27773561       0.17333740       0.17339247
       0.27776572       0.17226484       0.17190832
       0.27787814       0.17122324       0.17045543
       0.27807294       0.17021363       0.16903337
       0.27835050       0.16923749       0.16764234
       0.27871141       0.16829686       0.16628322
       0.27915651       0.16739432       0.16495761
       0.27968678       0.16653296       0.16366786
       0.28030335       0.16571646       0.16241714
       0.28100740       0.16494899       0.16120946
       0.28180013       0.16423528       0.16004967
       0.28268266       0.16358052       0.15894352
       0.28365596       0.16299036       0.15789761
       0.28472079       0.16247085       0.15691938
       0.28587754       0.16202834       0.15601711
       0.28712619       0.16166946       0.15519982
       0.28846619       0.16140094       0.15447718
       0.28989635       0.16122955       0.15385944
       0.29141471       0.16116198       0.15335725
       0.29301849       0.16120462       0.15298151
       0.29470396       0.16136350       0.15274315
       0.29646636       0.16164405       0.15265292
       0.29829983       0.16205096       0.15272117
       0.30019738       0.16258801       0.15295748
       0.30215080       0.16325788       0.15337049
       0.30415075       0.16406202       0.15396751
       0.30618669       0.16500048       0.15475427
       0.30824699       0.16607179       0.15573464
       0.31031900       0.16727288       0.15691034
       0.31238919       0.16859899       0.15828075
       0.31444326       0.17004370       0.15984271
       0.31646637       0.17159885       0.16159038
       0.31844333       0.17325472       0.16351523
       0.32035880       0.17500005       0.16560601
       0.32219760       0.17682221       0.16784883
       0.32394491       0.17870740       0.17022740
       0.32558653       0.18064090       0.17272319
       0.32710915       0.18260726       0.17531576
       0.32850058       0.18459062       0.17798316
       0.32974994       0.18657499       0.18070230
       0.33084787       0.18854455       0.18344942
       0.33178664       0.19048388       0.18620054
       0.33256030       0.19237830       0.18893194
       0.33316475       0.19421406       0.19162056
       0.33359774       0.19597856       0.19424447
       0.33385888       0.19766055       0.19678321
       0.33394960       0.19925024       0.19921811
       0.33387306       0.20073941       0.20153256
       0.33363404       0.20212148       0.20371220
       0.33323879       0.20339149       0.20574505
       0.33269491       0.20454611       0.20762156
       0.33201113       0.20558360       0.20933467
       0.33119716       0.20650367       0.21087968
       0.33026352       0.20730743       0.21225423
       0.32922130       0.20799728       0.21345811
       0.32808206       0.20857669       0.21449310
       0.32685758       0.20905016       0.21536282
       0.32555977       0.20942301       0.21607246
       0.32420047       0.20970123       0.21662861
       0.32279136       0.20989137       0.21703901
       0.32134379       0.21000037       0.21731236
       0.31986875       0.21003546       0.21745811
       0.31837673       0.21000401       0.21748623
       0.31687765       0.20991342       0.21740708
       0.31538083       0.20977105       0.21723119
       0.31389493       0.20958411       0.21696917
       0.31242792       0.20935959       0.21663150
       0.31098707       0.20910419       0.21622849
       0.30957889       0.20882427       0.21577013
       0.30820919       0.20852582       0.21526604
       0.30688307       0.20821438       0.21472535
       0.30560488       0.20789507       0.21415671
       0.30437831       0.20757253       0.21356818
       0.30320634       0.20725093       0.21296726
       0.30209133       0.20693394       0.21236082
       0.30103500       0.20662475       0.21175509
       0.30003846       0.20632606       0.21115569
       0.29910229       0.20604010       0.21056758
       0.29822650       0.20576860       0.20999510
       0.29741061       0.20551287       0.20944196
       0.29665369       0.20527376       0.20891126
       0.29595435       0.20505168       0.20840551
       0.29531082       0.20484664       0.20792665
       0.29472095       0.20465827       0.20747605
       0.29418225       0.20448582       0.20705456
       0.29369195       0.20432819       0.20666252
       0.29324697       0.20418395       0.20629979
       0.29284403       0.20405135       0.20596577
       0.29247959       0.20392838       0.20565942
       0.29214998       0.20381274       0.20537930
       0.29185132       0.20370188       0.20512358
       0.29157963       0.20359305       0.20489007
       0.29133084       0.20348327       0.20467626
       0.29110076       0.20336937       0.20447930
       0.29088520       0.20324804       0.20429606
       0.29067989       0.20311578       0.20412315
       0.29048059       0.20296899       0.20395692
       0.29028307       0.20280393       0.20379348
       0.29008313       0.20261678       0.20362873
       0.28987667       0.20240363       0.20345838
       0.28965965       0.20216050       0.20327793
       0.28942814       0.20188336       0.20308274
       0.28917837       0.20156817       0.20286798
       0.28890672       0.20121083       0.20262872
       0.28860976       0.20080729       0.20235986
       0.28828429       0.20035347       0.20205619
       0.28792733       0.19984537       0.20171239
       0.28753620       0.19927901       0.20132306
       0.28710850       0.19865053       0.20088269
       0.28664220       0.19795614       0.20038571
       0.28613563       0.19719221       0.19982651
       0.28558754       0.19635524       0.19919942
       0.28499713       0.19544194       0.19849878
       0.28436411       0.19444927       0.19771892
       0.28368872       0.19337443       0.19685422
       0.28297180       0.19221496       0.19589912
       0.28221484       0.19096876       0.19484819
       0.28142001       0.18963417       0.19369616
       0.28059025       0.18821001       0.19243797
       0.27972927       0.18669567       0.19106886
       0.27884168       0.18509120       0.18958442
       0.27793298       0.18339735       0.18798070
       0.27700965       0.18161572       0.18625432
       0.27607917       0.17974881       0.18440258
       0.27515013       0.17780018       0.18242359
       0.27423217       0.17577452       0.18031644
       0.27333612       0.17367780       0.17808138
       0.27247391       0.17151739       0.17571999
       0.27165865       0.16930217       0.17323541
       0.27090461       0.16704268       0.17063258
       0.27022711       0.16475123       0.16791847
       0.26964254       0.16244200       0.16510235
       0.26916817       0.16013116       0.16219608
       0.26882212       0.15783692       0.15921433
       0.26862306       0.15557958       0.15617490
       0.26859006       0.15338152       0.15309891
       0.26874232       0.15126717       0.15001104
       0.26909879       0.14926289       0.14693967
       0.26967781       0.14739678       0.14391692
       0.27049673       0.14569843       0.14097867
       0.27157137       0.14419854       0.13816438
       0.27291553       0.14292851       0.13551679
       0.27454051       0.14191984       0.13308145
       0.27645450       0.14120353       0.13090606
       0.27866211       0.14080930       0.12903956
       0.28116384       0.14076478       0.12753112
       0.28395572       0.14109467       0.12642880
       0.28702896       0.14181985       0.12577815
       0.29036975       0.14295650       0.12562061
       0.29395924       0.14451533       0.12599194
       0.29777365       0.14650084       0.12692056
       0.30178464       0.14891088       0.12842611
       0.30595977       0.15173625       0.13051812
       0.31026326       0.15496071       0.13319507
       0.31465683       0.15856112       0.13644385
       0.31910074       0.16250794       0.14023961
       0.32355484       0.16676598       0.14454619
       0.32797978       0.17129542       0.14931709
       0.33233808       0.17605293       0.15449683
       0.33659522       0.18099307       0.16002280
       0.34072053       0.18606960       0.16582738
       0.34468798       0.19123692       0.17184031
       0.34847670       0.19645129       0.17799100
       0.35207132       0.20167205       0.18421087
       0.35546209       0.20686248       0.19043539
       0.35864469       0.21199058       0.19660582
       0.36161998       0.21702946       0.20267063
       0.36439350       0.22195761       0.20858637
       0.36697482       0.22675879       0.21431821
       0.36937691       0.23142187       0.21983998
       0.37161535       0.23594036       0.22513391
       0.37370762       0.24031188       0.23018998
       0.37567239       0.24453759       0.23500514
       0.37752885       0.24862146       0.23958223
       0.37929613       0.25256965       0.24392896
       0.38099285       0.25638985       0.24805674
       0.38263667       0.26009071       0.25197964
       0.38424408       0.26368132       0.25571339
       0.38583013       0.26717077       0.25927447
       0.38740835       0.27056784       0.26267941
       0.38899072       0.27388069       0.26594412
       0.39058771       0.27711676       0.26908350
       0.39220831       0.28028260       0.27211108
       0.39386020       0.28338388       0.27503886
       0.39554986       0.28642541       0.27787722
       0.39728274       0.28941117       0.28063493
       0.39906339       0.29234445       0.28331929
       0.40089566       0.29522793       0.28593626
       0.40278280       0.29806382       0.28849065
       0.40472758       0.30085397       0.29098636
       0.40673245       0.30360002       0.29342658
       0.40879954       0.30630346       0.29581405
       0.41093078       0.30896577       0.29815124
       0.41312792       0.31158845       0.30044056
       0.41539251       0.31417311       0.30268449
       0.41772593       0.31672147       0.30488574
       0.42012935       0.31923540       0.30704731
       0.42260369       0.32171687       0.30917259
       0.42514953       0.32416796       0.31126535
       0.42776712       0.32659079       0.31332977
       0.43045623       0.32898747       0.31537039
       0.43321612       0.33136003       0.31739203
       0.43604544       0.33371032       0.31939974
       0.43894218       0.33603995       0.32139872
       0.44190356       0.33835017       0.32339412
       0.44492599       0.34064176       0.32539099
       0.44800500       0.34291498       0.32739413
       0.45113519       0.34516942       0.32940788
       0.45431019       0.34740393       0.33143606
       0.45752260       0.34961653       0.33348174
       0.46076405       0.35180430       0.33554714
       0.46402508       0.35396333       0.33763346
       0.46729528       0.35608861       0.33974075
       0.47056318       0.35817400       0.34186776
       0.47381640       0.36021218       0.34401180
       0.47704164       0.36219456       0.34616869
       0.48022475       0.36411129       0.34833255
       0.48335085       0.36595121       0.35049579
       0.48640436       0.36770185       0.35264898
       0.48936918       0.36934943       0.35478081
       0.49222877       0.37087884       0.35687798
       0.49496630       0.37227370       0.35892520
       0.49756480       0.37351637       0.36090512
       0.50000732       0.37458798       0.36279830
       0.50227712       0.37546851       0.36458320
       0.50435788       0.37613682       0.36623617
       0.50623386       0.37657077       0.36773140
       0.50789021       0.37674727       0.36904096
       0.50931315       0.37664242       0.37013477
       0.51049030       0.37623162       0.37098062
       0.51141093       0.37548975       0.37154418
       0.51206637       0.37439134       0.37178900
       0.51245029       0.37291080       0.37167660
       0.51255918       0.37102270       0.37116645
       0.51239280       0.36870211       0.37021614
       0.51195463       0.36592503       0.36878150
       0.51125252       0.36266888       0.36681682
       0.51029924       0.35891312       0.36427521
       0.50911319       0.35464008       0.36110904
       0.50771915       0.34983585       0.35727063
       0.50614907       0.34449143       0.35271322
       0.50444283       0.33860412       0.34739219
       0.50264914       0.33217916       0.34126682
       0.50082628       0.32523159       0.33430248
       0.49904279       0.31778854       0.32647358
       0.49737796       0.30989164       0.31776724
       0.49592203       0.30159976       0.30818782
       0.49477592       0.29299191       0.29776248
       0.49405039       0.28417003       0.28654761
       0.49386428       0.27526167       0.27463617
       0.49434179       0.26642195       0.26216556
       0.49560841       0.25783450       0.24932543
       0.49778541       0.24971090       0.23636468
       0.50098280       0.24228774       0.22359635
       0.50529080       0.23582084       0.21139876
       0.51077007       0.23057604       0.20021113
       0.51744135       0.22681623       0.19052170
       0.52527538       0.22478477       0.18284696
       0.53418433       0.22468605       0.17770117
       0.54401618       0.22666477       0.17555718
       0.55455347       0.23078618       0.17680137
       0.56551769       0.23702005       0.18168750
       0.57657985       0.24523133       0.19029622
       0.58737698       0.25517987       0.20250728
       0.59753338       0.26653053       0.21799091
       0.60668435       0.27887329       0.23622161
       0.61449985       0.29175134       0.25651440
       0.62070505       0.30469356       0.27807889
       0.62509554       0.31724728       0.30008336
       0.62754574       0.32900713       0.32171965
       0.62801009       0.33963685       0.34226001
       0.62651770       0.34888238       0.36109942
       0.62316206       0.35657606       0.37778034
       0.61808760       0.36263304       0.39199989
       0.61147495       0.36704190       0.40360231
       0.60352666       0.36985171       0.41256075
       0.59445441       0.37115766       0.41895300
       0.58446855       0.37108685       0.42293512
       0.57377003       0.36978563       0.42471616
       0.56254489       0.36740897       0.42453588
       0.55096080       0.36411206       0.42264652
       0.53916550       0.36004433       0.41929892
       0.52728647       0.35534528       0.41473263
       0.51543167       0.35014209       0.40916945
       0.50369086       0.34454840       0.40280988
       0.49213734       0.33866414       0.39583153
       0.48082980       0.33257591       0.38838922
       0.46981424       0.32635784       0.38061592
       0.45912576       0.32007271       0.37262446
       0.44879025       0.31377306       0.36450946
       0.43882593       0.30750248       0.35634941
       0.42924467       0.30129669       0.34820875
       0.42005314       0.29518470       0.34013980
       0.41125381       0.28918971       0.33218452
       0.40284580       0.28333003       0.32437614
       0.39482555       0.27761982       0.31674055
       0.38718748       0.27206980       0.30929750
       0.37992437       0.26668774       0.30206164
       0.37302785       0.26147902       0.29504343
       0.36648866       0.25644702       0.28824989
       0.36029695       0.25159346       0.28168520
       0.35444245       0.24691871       0.27535125
       0.34891469       0.24242204       0.26924810
       0.34370310       0.23810181       0.26337429
       0.33879710       0.23395566       0.25772720
       0.33418623       0.22998066       0.25230325
       0.32986016       0.22617342       0.24709816
       0.32580878       0.22253022       0.24210706
       0.32202222       0.21904705       0.23732470
       0.31849087       0.21571972       0.23274551
       0.31520540       0.21254394       0.22836371
       0.31215678       0.20951529       0.22417342
       0.30933631       0.20662938       0.22016869
       0.30673554       0.20388179       0.21634358
       0.30434638       0.20126815       0.21269219
       0.30216102       0.19878417       0.20920871
       0.30017196       0.19642565       0.20588746
       0.29837198       0.19418851       0.20272290
       0.29675416       0.19206879       0.19970969
       0.29531184       0.19006272       0.19684266
       0.29403865       0.18816666       0.19411688
       0.29292847       0.18637718       0.19152767
       0.29197541       0.18469103       0.18907060
       0.29117382       0.18310518       0.18674149
       0.29051827       0.18161678       0.18453650
       0.29000352       0.18022324       0.18245203
       0.28962454       0.17892217       0.18048484
       0.28937642       0.17771140       0.17863199
       0.28925443       0.17658901       0.17689086
       0.28925397       0.17555329       0.17525918
       0.28937051       0.17460275       0.17373502
       0.28959962       0.17373613       0.17231679
       0.28993693       0.17295235       0.17100321
       0.29037807       0.17225055       0.16979336
       0.29091869       0.17163004       0.16868661
       0.29155440       0.17109025       0.16768267
       0.29228075       0.17063079       0.16678150
       0.29309319       0.17025135       0.16598333
       0.29398706       0.16995170       0.16528861
       0.29495755       0.16973164       0.16469798
       0.29599967       0.16959099       0.16421221
       0.29710819       0.16952951       0.16383219
       0.29827771       0.16954690       0.16355881
       0.29950251       0.16964270       0.16339295
       0.30077664       0.16981633       0.16333542
       0.30209386       0.17006693       0.16338682
       0.30344761       0.17039341       0.16354754
       0.30483106       0.17079436       0.16381765
       0.30623708       0.17126802       0.16419683
       0.30765826       0.17181223       0.16468429
       0.30908691       0.17242441       0.16527871
       0.31051512       0.17310153       0.16597816
       0.31193477       0.17384007       0.16678004
       0.31333759       0.17463607       0.16768107
       0.31471519       0.17548504       0.16867718
       0.31605911       0.17638203       0.16976357
       0.31736093       0.17732163       0.17093462
       0.31861227       0.17829799       0.17218396
       0.31980491       0.17930488       0.17350446
       0.32093084       0.18033569       0.17488826
       0.32198233       0.18138355       0.17632685
       0.32295202       0.18244133       0.17781114
       0.32383299       0.18350175       0.17933151
       0.32461879       0.18455744       0.18087796
       0.32530356       0.18560104       0.18244018
       0.32588204       0.18662521       0.18400765
       0.32634962       0.18762280       0.18556981
       0.32670240       0.18858687       0.18711616
       0.32693720       0.18951076       0.18863635
       0.32705161       0.19038817       0.19012033
       0.32704393       0.19121325       0.19155847
       0.32691324       0.19198059       0.19294162
       0.32665937       0.19268530       0.19426124
       0.32628284       0.19332307       0.19550945
       0.32578490       0.19389012       0.19667912
       0.32516743       0.19438330       0.19776389
       0.32443294       0.19480005       0.19875825
       0.32358450       0.19513838       0.19965749
       0.32262570       0.19539692       0.20045781
       0.32156059       0.19557485       0.20115620
       0.32039363       0.19567191       0.20175052
       0.31912963       0.19568834       0.20223942
       0.31777369       0.19562487       0.20262231
       0.31633113       0.19548267       0.20289932
       0.31480747       0.19526332       0.20307126
       0.31320835       0.19496877       0.20313956
       0.31153951       0.19460128       0.20310619
       0.30980668       0.19416341       0.20297365
       0.30801564       0.19365794       0.20274484
       0.30617208       0.19308785       0.20242306
       0.30428163       0.19245630       0.20201194
       0.30234981       0.19176655       0.20151537
       0.30038200       0.19102196       0.20093742
       0.29838344       0.19022597       0.20028237
       0.29635917       0.18938201       0.19955459
       0.29431404       0.18849355       0.19875851
       0.29225273       0.18756403       0.19789862
       0.29017967       0.18659683       0.19697938
       0.28809909       0.18559531       0.19600525
       0.28601500       0.18456274       0.19498060
       0.28393117       0.18350228       0.19390974
       0.28185117       0.18241704       0.19279687
       0.27977832       0.18130999       0.19164606
       0.27771576       0.18018400       0.19046127
       0.27566638       0.17904182       0.18924628
       0.27363288       0.17788607       0.18800476
       0.27161776       0.17671928       0.18674020
       0.26962332       0.17554382       0.18545593
       0.26765169       0.17436195       0.18415511
       0.26570479       0.17317581       0.18284074
       0.26378442       0.17198742       0.18151567
       0.26189217       0.17079867       0.18018257
       0.26002952       0.16961135       0.17884394
       0.25819778       0.16842713       0.17750217
       0.25639813       0.16724759       0.17615945
       0.25463165       0.16607418       0.17481785
       0.25289928       0.16490827       0.17347929
       0.25120186       0.16375114       0.17214556
       0.24954013       0.16260397       0.17081834
       0.24791473       0.16146788       0.16949915
       0.24632625       0.16034388       0.16818942
       0.24477516       0.15923295       0.16689048
       0.24326189       0.15813596       0.16560354
       0.24178680       0.15705374       0.16432972
       0.24035019       0.15598708       0.16307005
       0.23895232       0.15493669       0.16182550
       0.23759340       0.15390325       0.16059693
       0.23627360       0.15288738       0.15938515
       0.23499308       0.15188970       0.15819092
       0.23375194       0.15091077       0.15701492
       0.23255027       0.14995112       0.15585778
       0.23138815       0.14901126       0.15472011
       0.23026564       0.14809169       0.15360244
       0.22918280       0.14719290       0.15250532
       0.22813966       0.14631534       0.15142921
       0.22713627       0.14545947       0.15037459
       0.22617267       0.14462574       0.14934190
       0.22524890       0.14381461       0.14833157
       0.22436502       0.14302652       0.14734402
       0.22352109       0.14226194       0.14637966
       0.22271716       0.14152132       0.14543890
       0.22195332       0.14080513       0.14452215
       0.22122965       0.14011385       0.14362982
       0.22054627       0.13944798       0.14276234
       0.21990330       0.13880802       0.14192013
       0.21930086       0.13819449       0.14110365
       0.21873911       0.13760795       0.14031336
       0.21821822       0.13704893       0.13954973
       0.21773836       0.13651804       0.13881327
       0.21729973       0.13601585       0.13810451
       0.21690255       0.13554299       0.13742398
       0.21654703       0.13510009       0.13677227
       0.21623342       0.13468781       0.13614997
       0.21596195       0.13430682       0.13555771
       0.21573288       0.13395780       0.13499614
       0.21554648       0.13364147       0.13446596
       0.21540300       0.13335855       0.13396785
       0.21530271       0.13310977       0.13350257
       0.21524587       0.13289586       0.13307086
       0.21523273       0.13271758       0.13267352
       0.21526356       0.13257569       0.13231135
       0.21533857       0.13247093       0.13198517
       0.21545800       0.13240407       0.13169583
       0.21562204       0.13237585       0.13144418
       0.21583087       0.13238699       0.13123108
       0.21608465       0.13243824       0.13105742
       0.21638347       0.13253027       0.13092405
       0.21672744       0.13266378       0.13083186
       0.21711657       0.13283940       0.13078170
       0.21755087       0.13305775       0.13077442
       0.21803029       0.13331940       0.13081084
       0.21855470       0.13362486       0.13089178
       0.21912395       0.13397461       0.13101798
       0.21973780       0.13436905       0.13119020
       0.22039596       0.13480855       0.13140910
       0.22109807       0.13529336       0.13167531
       0.22184369       0.13582370       0.13198940
       0.22263232       0.13639968       0.13235188
       0.22346335       0.13702134       0.13276317
       0.22433614       0.13768862       0.13322360
       0.22524993       0.13840137       0.13373344
       0.22620389       0.13915933       0.13429284
       0.22719711       0.13996215       0.13490187
       0.22822860       0.14080935       0.13556046
       0.22929728       0.14170037       0.13626846
       0.23040198       0.14263451       0.13702558
       0.23154147       0.14361097       0.13783144
       0.23271442       0.14462883       0.13868549
       0.23391944       0.14568705       0.13958709
       0.23515505       0.14678449       0.14053545
       0.23641971       0.14791988       0.14152967
       0.23771179       0.14909183       0.14256869
       0.23902963       0.15029886       0.14365135
       0.24037146       0.15153936       0.14477635
       0.24173550       0.15281164       0.14594225
       0.24311989       0.15411388       0.14714752
       0.24452273       0.15544419       0.14839048
       0.24594206       0.15680057       0.14966937
       0.24737589       0.15818093       0.15098228
       0.24882221       0.15958313       0.15232723
       0.25027894       0.16100492       0.15370215
       0.25174401       0.16244401       0.15510487
       0.25321529       0.16389803       0.15653313
       0.25469066       0.16536457       0.15798462
       0.25616796       0.16684116       0.15945698
       0.25764502       0.16832530       0.16094775
       0.25911967       0.16981444       0.16245447
       0.26058969       0.17130602       0.16397462
       0.26205289       0.17279743       0.16550565
       0.26350706       0.17428608       0.16704502
       0.26494996       0.17576933       0.16859014
       0.26637937       0.17724455       0.17013842
       0.26779303       0.17870912       0.17168729
       0.26918869       0.18016039       0.17323417
       0.27056409       0.18159572       0.17477649
       0.27191693       0.18301249       0.17631170
       0.27324492       0.18440808       0.17783727
       0.27454574       0.18577986       0.17935067
       0.27581704       0.18712523       0.18084940
       0.27705648       0.18844157       0.18233101
       0.27826164       0.18972630       0.18379302
       0.27943011       0.19097682       0.18523299
       0.28055944       0.19219053       0.18664851
       0.28164715       0.19336485       0.18803716
       0.28269069       0.19449718       0.18939652
       0.28368752       0.19558491       0.19072419
       0.28463502       0.19662542       0.19201776
       0.28553057       0.19761610       0.19327479
       0.28637146       0.19855429       0.19449284
       0.28715500       0.19943731       0.19566941
       0.28787840       0.20026249       0.19680200
       0.28853890       0.20102707       0.19788804
       0.28913365       0.20172831       0.19892489
       0.28965982       0.20236341       0.19990987
       0.29011455       0.20292953       0.20084021
       0.29049496       0.20342378       0.20171305
       0.29079818       0.20384326       0.20252544
       0.29102135       0.20418499       0.20327433
       0.29116163       0.20444598       0.20395655
       0.29121624       0.20462319       0.20456884
       0.29118243       0.20471354       0.20510779
       0.29105754       0.20471393       0.20556987
       0.29083899       0.20462125       0.20595142
       0.29052435       0.20443235       0.20624867
       0.29011131       0.20414409       0.20645769
       0.28959771       0.20375337       0.20657445
       0.28898164       0.20325707       0.20659478
       0.28826138       0.20265216       0.20651441
       0.28743548       0.20193565       0.20632896
       0.28650279       0.20110465       0.20603395
       0.28546250       0.20015638       0.20562484
       0.28431417       0.19908821       0.20509704
       0.28305777       0.19789770       0.20444590
       0.28169375       0.19658260       0.20366679
       0.28022302       0.19514095       0.20275509
       0.27864709       0.19357105       0.20170627
       0.27696804       0.19187156       0.20051585
       0.27518860       0.19004156       0.19917956
       0.27331221       0.18808055       0.19769327
       0.27134305       0.18598856       0.19605314
       0.26928609       0.18376619       0.19425564
       0.26714718       0.18141470       0.19229764
       0.26493306       0.17893606       0.19017646
       0.26265142       0.17633302       0.18788999
       0.26031094       0.17360924       0.18543676
       0.25792137       0.17076932       0.18281607
       0.25549353       0.16781893       0.18002807
       0.25303934       0.16476488       0.17707392
       0.25057189       0.16161520       0.17395589
       0.24810542       0.15837928       0.17067754
       0.24565534       0.15506792       0.16724383
       0.24323821       0.15169345       0.16366135
       0.24087174       0.14826980       0.15993842
       0.23857473       0.14481257       0.15608531
       0.23636701       0.14133913       0.15211442
       0.23426937       0.13786865       0.14804044
       0.23230342       0.13442213       0.14388056
       0.23049146       0.13102244       0.13965463
       0.22885629       0.12769425       0.13538531
       0.22742102       0.12446405       0.13109819
       0.22620879       0.12135998       0.12682191
       0.22524248       0.11841172       0.12258822
       0.22454441       0.11565030       0.11843191
       0.22413595       0.11310785       0.11439085
       0.22403709       0.11081723       0.11050571
       0.22426606       0.10881170       0.10681981
       0.22483884       0.10712444       0.10337869
       0.22576870       0.10578801       0.10022968
       0.22706572       0.10483379       0.09742128
       0.22873630       0.10429130       0.09500243
       0.23078278       0.10418755       0.09302164
       0.23320298       0.10454629       0.09152607
       0.23598987       0.10538731       0.09056040
       0.23913134       0.10672569       0.09016576
       0.24260999       0.10857112       0.09037848
       0.24640307       0.11092730       0.09122895
       0.25048254       0.11379143       0.09274046
       0.25481527       0.11715372       0.09492812
       0.25936328       0.12099722       0.09779798
       0.26408427       0.12529761       0.10134623
       0.26893213       0.13002331       0.10555873
       0.27385758       0.13513571       0.11041067
       0.27880903       0.14058957       0.11586660
       0.28373330       0.14633358       0.12188069
       0.28857660       0.15231112       0.12839730
       0.29328541       0.15846116       0.13535172
       0.29780736       0.16471914       0.14267130
       0.30209217       0.17101814       0.15027662
       0.30609246       0.17728989       0.15808295
       0.30976451       0.18346593       0.16600170
       0.31306896       0.18947870       0.17394203
       0.31597136       0.19526256       0.18181243
       0.31844268       0.20075480       0.18952223
       0.32045960       0.20589647       0.19698312
       0.32200481       0.21063315       0.20411045
       0.32306706       0.21491557       0.21082442
       0.32364121       0.21870009       0.21705114
       0.32372808       0.22194898       0.22272335
       0.32333433       0.22463068       0.22778108
       0.32247212       0.22671979       0.23217203
       0.32115885       0.22819703       0.23585167
       0.31941680       0.22904906       0.23878328
       0.31727272       0.22926820       0.24093769
       0.31475746       0.22885208       0.24229295
       0.31190565       0.22780333       0.24283381
       0.30875529       0.22612916       0.24255117
       0.30534756       0.22384096       0.24144145
       0.30172648       0.22095403       0.23950595
       0.29793883       0.21748724       0.23675024
       0.29403401       0.21346288       0.23318364
       0.29006399       0.20890656       0.22881874
       0.28608341       0.20384726       0.22367119
       0.28214960       0.19831748       0.21775953
       0.27832278       0.19235362       0.21110542
       0.27466622       0.18599641       0.20373397
       0.27124636       0.17929166       0.19567457
       0.26813302       0.17229101       0.18696189
       0.26539942       0.16505295       0.17763748
       0.26312210       0.15764392       0.16775159
       0.26138067       0.15013943       0.15736556
       0.26025725       0.14262530       0.14655461
       0.25983554       0.13519865       0.13541084
       0.26019951       0.12796880       0.12404667
       0.26143144       0.12105763       0.11259808
       0.26360941       0.11459943       0.10122769
       0.26680414       0.10873983       0.09012712
       0.27107510       0.10363366       0.07951803
       0.27646609       0.09944149       0.06965132
       0.28300029       0.09632459       0.06080380
       0.29067526       0.09443846       0.05327154
       0.29945810       0.09392476       0.04735960
       0.30928129       0.09490218       0.04336787
       0.32003996       0.09745673       0.04157340
       0.33159086       0.10163235       0.04221015
       0.34375394       0.10742277       0.04544796
       0.35631646       0.11476591       0.05137279
       0.36903999       0.12354168       0.05997107
       0.38166994       0.13357399       0.07112054
       0.39394683       0.14463724       0.08458959
       0.40561860       0.15646702       0.10004609
       0.41645259       0.16877393       0.11707521
       0.42624629       0.18125938       0.13520460
       0.43483569       0.19363158       0.15393391
       0.44210065       0.20562015       0.17276541
       0.44796705       0.21698808       0.19123209
       0.45240579       0.22754004       0.20892085
       0.45542913       0.23712688       0.22548861
       0.45708501       0.24564635       0.24067109
       0.45745028       0.25304075       0.25428455
       0.45662330       0.25929216       0.26622158
       0.45471686       0.26441624       0.27644272
       0.45185168       0.26845537       0.28496546
       0.44815086       0.27147182       0.29185213
       0.44373547       0.27354138       0.29719806
       0.43872117       0.27474790       0.30112066
       0.43321589       0.27517868       0.30375012
       0.42731843       0.27492097       0.30522177
       0.42111768       0.27405928       0.30567025
       0.41469253       0.27267362       0.30522532
       0.40811209       0.27083830       0.30400894
       0.40143625       0.26862133       0.30213359
       0.39471637       0.26608424       0.29970139
       0.38799610       0.26328215       0.29680396
       0.38131221       0.26026404       0.29352263
       0.37469538       0.25707318       0.28992902
       0.36817102       0.25374757       0.28608579
       0.36175992       0.25032045       0.28204746
       0.35547894       0.24682081       0.27786126
       0.34934157       0.24327383       0.27356794
       0.34335840       0.23970137       0.26920258
       0.33753759       0.23612229       0.26479529
       0.33188524       0.23255288       0.26037185
       0.32640569       0.22900715       0.25595429
       0.32110180       0.22549712       0.25156138
       0.31597519       0.22203304       0.24720909
       0.31102644       0.21862364       0.24291095
       0.30625524       0.21527629       0.23867836
       0.30166053       0.21199718       0.23452091
       0.29724065       0.20879144       0.23044658
       0.29299340       0.20566330       0.22646199
       0.28891614       0.20261614       0.22257252
       0.28500587       0.19965262       0.21878250
       0.28125928       0.19677478       0.21509536
       0.27767282       0.19398404       0.21151366
       0.27424271       0.19128135       0.20803929
       0.27096502       0.18866719       0.20467349
       0.26783568       0.18614162       0.20141692
       0.26485050       0.18370436       0.19826979
       0.26200522       0.18135479       0.19523182
       0.25929552       0.17909202       0.19230237
       0.25671704       0.17691488       0.18948045
       0.25426537       0.17482200       0.18676477
       0.25193613       0.17281180       0.18415377
       0.24972490       0.17088251       0.18164563
       0.24762732       0.16903223       0.17923836
       0.24563901       0.16725891       0.17692974
       0.24375566       0.16556038       0.17471743
       0.24197298       0.16393438       0.17259893
       0.24028675       0.16237856       0.17057161
       0.23869278       0.16089051       0.16863276
       0.23718698       0.15946776       0.16677957
       0.23576530       0.15810778       0.16500915
       0.23442377       0.15680802       0.16331857
       0.23315853       0.15556591       0.16170483
       0.23196576       0.15437887       0.16016491
       0.23084176       0.15324431       0.15869577
       0.22978292       0.15215964       0.15729433
       0.22878573       0.15112231       0.15595755
       0.22784676       0.15012975       0.15468234
       0.22696272       0.14917946       0.15346566
       0.22613040       0.14826897       0.15230447
       0.22534671       0.14739582       0.15119578
       0.22460870       0.14655765       0.15013660
       0.22391350       0.14575212       0.14912402
       0.22325839       0.14497697       0.14815514
       0.22264076       0.14423001       0.14722713
       0.22205814       0.14350910       0.14633723
       0.22150819       0.14281222       0.14548273
       0.22098869       0.14213739       0.14466099
       0.22049758       0.14148277       0.14386946
       0.22003292       0.14084657       0.14310566
       0.21959292       0.14022714       0.14236719
       0.21917594       0.13962290       0.14165177
       0.21878049       0.13903241       0.14095719
       0.21840522       0.13845433       0.14028135
       0.21804894       0.13788745       0.13962226
       0.21771062       0.13733069       0.13897806
       0.21738939       0.13678309       0.13834699
       0.21708453       0.13624384       0.13772741
       0.21679549       0.13571225       0.13711783
       0.21652190       0.13518779       0.13651688
       0.21626353       0.13467010       0.13592334
       0.21602034       0.13415893       0.13533615
       0.21579246       0.13365424       0.13475438
       0.21558017       0.13315611       0.13417726
       0.21538395       0.13266483       0.13360423
       0.21520444       0.13218083       0.13303484
       0.21504245       0.13170474       0.13246888
       0.21489896       0.13123736       0.13190627
       0.21477512       0.13077967       0.13134717
       0.21467227       0.13033284       0.13079191
       0.21459189       0.12989824       0.13024103
       0.21453562       0.12947741       0.12969528
       0.21450528       0.12907210       0.12915563
       0.21450282       0.12868424       0.12862326
       0.21453036       0.12831596       0.12809959
       0.21459013       0.12796956       0.12758624
       0.21468452       0.12764756       0.12708509
       0.21481602       0.12735262       0.12659825
       0.21498725       0.12708762       0.12612803
       0.21520090       0.12685558       0.12567701
       0.21545978       0.12665970       0.12524799
       0.21576676       0.12650333       0.12484398
       0.21612476       0.12638997       0.12446824
