       0.27369700       0.16733327       0.14875235
       0.27744790       0.17123416       0.15233455
       0.28125843       0.17525941       0.15608266
       0.28512026       0.17939911       0.15998669
       0.28902515       0.18364274       0.16403563
       0.29296499       0.18797935       0.16821751
       0.29693192       0.19239763       0.17251953
       0.30091842       0.19688602       0.17692817
       0.30491744       0.20143284       0.18142933
       0.30892242       0.20602639       0.18600850
       0.31292741       0.21065513       0.19065087
       0.31692718       0.21530773       0.19534156
       0.32091720       0.21997322       0.20006570
       0.32489378       0.22464114       0.20480869
       0.32885405       0.22930158       0.20955632
       0.33279603       0.23394532       0.21429491
       0.33671865       0.23856394       0.21901152
       0.34062172       0.24314983       0.22369406
       0.34450596       0.24769634       0.22833142
       0.34837296       0.25219777       0.23291360
       0.35222515       0.25664942       0.23743183
       0.35606577       0.26104763       0.24187859
       0.35989877       0.26538978       0.24624774
       0.36372879       0.26967428       0.25053454
       0.36756105       0.27390055       0.25473567
       0.37140128       0.27806900       0.25884925
       0.37525563       0.28218098       0.26287481
       0.37913053       0.28623869       0.26681326
       0.38303265       0.29024517       0.27066687
       0.38696875       0.29420418       0.27443919
       0.39094557       0.29812014       0.27813493
       0.39496975       0.30199801       0.28175996
       0.39904766       0.30584323       0.28532112
       0.40318539       0.30966160       0.28882614
       0.40738855       0.31345917       0.29228355
       0.41166222       0.31724213       0.29570250
       0.41601084       0.32101675       0.29909265
       0.42043812       0.32478920       0.30246403
       0.42494696       0.32856550       0.30582690
       0.42953940       0.33235141       0.30919158
       0.43421651       0.33615229       0.31256836
       0.43897834       0.33997308       0.31596728
       0.44382393       0.34381814       0.31939805
       0.44875121       0.34769118       0.32286987
       0.45375700       0.35159523       0.32639134
       0.45883702       0.35553252       0.32997026
       0.46398587       0.35950445       0.33361357
       0.46919705       0.36351154       0.33732722
       0.47446298       0.36755336       0.34111606
       0.47977508       0.37162856       0.34498377
       0.48512374       0.37573483       0.34893277
       0.49049848       0.37986886       0.35296418
       0.49588795       0.38402642       0.35707774
       0.50128006       0.38820233       0.36127187
       0.50666203       0.39239051       0.36554355
       0.51202054       0.39658403       0.36988845
       0.51734180       0.40077516       0.37430088
       0.52261164       0.40495543       0.37877386
       0.52781568       0.40911572       0.38329921
       0.53293939       0.41324630       0.38786760
       0.53796822       0.41733698       0.39246867
       0.54288769       0.42137711       0.39709111
       0.54768354       0.42535574       0.40172279
       0.55234176       0.42926169       0.40635086
       0.55684873       0.43308363       0.41096191
       0.56119129       0.43681014       0.41554205
       0.56535680       0.44042985       0.42007707
       0.56933322       0.44393146       0.42455256
       0.57310918       0.44730385       0.42895398
       0.57667399       0.45053610       0.43326684
       0.58001770       0.45361757       0.43747672
       0.58313114       0.45653794       0.44156943
       0.58600590       0.45928726       0.44553106
       0.58863440       0.46185594       0.44934803
       0.59100982       0.46423482       0.45300716
       0.59312616       0.46641511       0.45649576
       0.59497821       0.46838850       0.45980156
       0.59656152       0.47014704       0.46291283
       0.59787240       0.47168320       0.46581834
       0.59890788       0.47298985       0.46850737
       0.59966570       0.47406020       0.47096969
       0.60014428       0.47488779       0.47319556
       0.60034266       0.47546648       0.47517566
       0.60026053       0.47579035       0.47690110
       0.59989814       0.47585372       0.47836332
       0.59925631       0.47565107       0.47955408
       0.59833638       0.47517699       0.48046536
       0.59714023       0.47442613       0.48108930
       0.59567021       0.47339317       0.48141813
       0.59392916       0.47207273       0.48144405
       0.59192042       0.47045933       0.48115919
       0.58964779       0.46854735       0.48055545
       0.58711560       0.46633097       0.47962442
       0.58432868       0.46380410       0.47835728
       0.58129248       0.46096039       0.47674464
       0.57801305       0.45779314       0.47477645
       0.57449716       0.45429533       0.47244187
       0.57075243       0.45045957       0.46972910
       0.56678739       0.44627814       0.46662532
       0.56261171       0.44174301       0.46311648
       0.55823635       0.43684590       0.45918726
       0.55367380       0.43157841       0.45482092
       0.54893839       0.42593216       0.44999926
       0.54404654       0.41989898       0.44470254
       0.53901723       0.41347122       0.43890953
       0.53387235       0.40664211       0.43259758
       0.52863724       0.39940625       0.42574282
       0.52334120       0.39176020       0.41832047
       0.51801815       0.38370327       0.41030532
       0.51270720       0.37523840       0.40167250
       0.50745342       0.36637337       0.39239846
       0.50230845       0.35712209       0.38246240
       0.49733124       0.34750624       0.37184806
       0.49258858       0.33755711       0.36054618
       0.48815559       0.32731771       0.34855750
       0.48411589       0.31684505       0.33589655
       0.48056145       0.30621262       0.32259625
       0.47759194       0.29551279       0.30871329
       0.47531336       0.28485918       0.29433420
       0.47383590       0.27438843       0.27958204
       0.47327061       0.26426131       0.26462310
       0.47372504       0.25466255       0.24967306
       0.47529743       0.24579886       0.23500170
       0.47806963       0.23789473       0.22093487
       0.48209900       0.23118540       0.20785221
       0.48740945       0.22590672       0.19617914
       0.49398258       0.22228187       0.18637161
       0.50174961       0.22050536       0.17889295
       0.51058545       0.22072541       0.17418279
       0.52030598       0.22302627       0.17262000
       0.53066984       0.22741275       0.17448279
       0.54138531       0.23379930       0.17991100
       0.55212255       0.24200602       0.18887650
       0.56253046       0.25176308       0.20116721
       0.57225686       0.26272400       0.21638925
       0.58096961       0.27448675       0.23398836
       0.58837659       0.28662051       0.25328904
       0.59424207       0.29869449       0.27354607
       0.59839780       0.31030553       0.29400138
       0.60074798       0.32110119       0.31393840
       0.60126814       0.33079600       0.33272726
       0.59999878       0.33918020       0.34985641
       0.59703522       0.34612097       0.36494892
       0.59251519       0.35155753       0.37776453
       0.58660587       0.35549180       0.38819003
       0.57949149       0.35797658       0.39622163
       0.57136249       0.35910286       0.40194307
       0.56240673       0.35898760       0.40550277
       0.55280280       0.35776297       0.40709213
       0.54271549       0.35556736       0.40692679
       0.53229306       0.35253849       0.40523140
       0.52166595       0.34880831       0.40222797
       0.51094668       0.34449969       0.39812773
       0.50023055       0.33972438       0.39312582
       0.48959684       0.33458218       0.38739837
       0.47911036       0.32916072       0.38110126
       0.46882311       0.32353598       0.37437029
       0.45877595       0.31777301       0.36732206
       0.44900018       0.31192692       0.36005550
       0.43951910       0.30604395       0.35265355
       0.43034927       0.30016253       0.34518509
       0.42150173       0.29431433       0.33770667
       0.41298304       0.28852520       0.33026430
       0.40479614       0.28281605       0.32289499
       0.39694109       0.27720362       0.31562817
       0.38941570       0.27170117       0.30848695
       0.38221606       0.26631904       0.30148921
       0.37533695       0.26106520       0.29464850
       0.36877218       0.25594566       0.28797485
       0.36251491       0.25096481       0.28147543
       0.35655783       0.24612577       0.27515515
       0.35089337       0.24143065       0.26901708
       0.34551380       0.23688072       0.26306286
       0.34041141       0.23247666       0.25729306
       0.33557851       0.22821863       0.25170740
       0.33100754       0.22410648       0.24630501
       0.32669111       0.22013978       0.24108458
       0.32262200       0.21631794       0.23604456
       0.31879322       0.21264027       0.23118321
       0.31519795       0.20910606       0.22649879
       0.31182959       0.20571455       0.22198957
       0.30868174       0.20246506       0.21765392
       0.30574816       0.19935691       0.21349035
       0.30302279       0.19638953       0.20949756
       0.30049967       0.19356239       0.20567445
       0.29817295       0.19087506       0.20202016
       0.29603686       0.18832715       0.19853403
       0.29408567       0.18591833       0.19521563
       0.29231364       0.18364833       0.19206475
       0.29071499       0.18151686       0.18908136
       0.28928390       0.17952364       0.18626558
       0.28801444       0.17766834       0.18361768
       0.28690054       0.17595054       0.18113798
       0.28593596       0.17436973       0.17882685
       0.28511429       0.17292521       0.17668463
       0.28442889       0.17161611       0.17471157
       0.28387288       0.17044131       0.17290779
       0.28343914       0.16939941       0.17127315
       0.28312028       0.16848868       0.16980727
       0.28290866       0.16770705       0.16850937
       0.28279634       0.16705203       0.16737826
       0.28277519       0.16652072       0.16641224
       0.28283679       0.16610976       0.16560906
       0.28297256       0.16581534       0.16496584
       0.28317372       0.16563314       0.16447906
       0.28343136       0.16555837       0.16414447
       0.28373649       0.16558578       0.16395710
       0.28408010       0.16570963       0.16391124
       0.28445318       0.16592377       0.16400044
       0.28484684       0.16622163       0.16421752
       0.28525232       0.16659628       0.16455462
       0.28566110       0.16704049       0.16500320
       0.28606494       0.16754678       0.16555417
       0.28645597       0.16810746       0.16619791
       0.28682673       0.16871475       0.16692435
       0.28717024       0.16936081       0.16772312
       0.28748008       0.17003785       0.16858362
       0.28775037       0.17073815       0.16949510
       0.28797590       0.17145419       0.17044685
       0.28815209       0.17217869       0.17142823
       0.28827504       0.17290470       0.17242884
       0.28834156       0.17362562       0.17343860
       0.28834915       0.17433529       0.17444784
       0.28829600       0.17502800       0.17544743
       0.28818099       0.17569859       0.17642881
       0.28800367       0.17634239       0.17738409
       0.28776421       0.17695532       0.17830610
       0.28746339       0.17753385       0.17918842
       0.28710252       0.17807503       0.18002543
       0.28668345       0.17857645       0.18081230
       0.28620849       0.17903629       0.18154501
       0.28568033       0.17945321       0.18222033
       0.28510206       0.17982642       0.18283582
       0.28447703       0.18015557       0.18338976
       0.28380886       0.18044077       0.18388118
       0.28310136       0.18068252       0.18430974
       0.28235846       0.18088169       0.18467572
       0.28158421       0.18103944       0.18498000
       0.28078267       0.18115726       0.18522392
       0.27995794       0.18123682       0.18540929
       0.27911404       0.18128003       0.18553831
       0.27825493       0.18128892       0.18561350
       0.27738445       0.18126565       0.18563768
       0.27650629       0.18121245       0.18561387
       0.27562399       0.18113160       0.18554525
       0.27474087       0.18102540       0.18543512
       0.27386007       0.18089612       0.18528688
       0.27298446       0.18074597       0.18510391
       0.27211671       0.18057713       0.18488961
       0.27125921       0.18039165       0.18464732
       0.27041410       0.18019149       0.18438030
       0.26958328       0.17997849       0.18409170
       0.26876834       0.17975432       0.18378454
       0.26797064       0.17952053       0.18346167
       0.26719126       0.17927848       0.18312578
       0.26643104       0.17902939       0.18277936
       0.26569053       0.17877428       0.18242469
       0.26497007       0.17851400       0.18206384
       0.26426974       0.17824922       0.18169866
       0.26358939       0.17798042       0.18133078
       0.26292864       0.17770790       0.18096157
       0.26228691       0.17743179       0.18059218
       0.26166343       0.17715203       0.18022353
       0.26105722       0.17686839       0.17985631
       0.26046714       0.17658047       0.17949095
       0.25989187       0.17628772       0.17912769
       0.25932995       0.17598941       0.17876651
       0.25877980       0.17568468       0.17840720
       0.25823970       0.17537253       0.17804934
       0.25770780       0.17505180       0.17769227
       0.25718221       0.17472123       0.17733517
       0.25666091       0.17437943       0.17697703
       0.25614184       0.17402492       0.17661662
       0.25562289       0.17365611       0.17625260
       0.25510189       0.17327133       0.17588342
       0.25457668       0.17286881       0.17550740
       0.25404509       0.17244676       0.17512270
       0.25350493       0.17200329       0.17472739
       0.25295407       0.17153650       0.17431937
       0.25239040       0.17104444       0.17389646
       0.25181189       0.17052515       0.17345636
       0.25121655       0.16997665       0.17299670
       0.25060251       0.16939699       0.17251503
       0.24996799       0.16878423       0.17200882
       0.24931134       0.16813645       0.17147550
       0.24863106       0.16745179       0.17091246
       0.24792579       0.16672846       0.17031705
       0.24719437       0.16596473       0.16968662
       0.24643582       0.16515900       0.16901851
       0.24564939       0.16430975       0.16831008
       0.24483456       0.16341560       0.16755872
       0.24399107       0.16247534       0.16676187
       0.24311893       0.16148791       0.16591706
       0.24221846       0.16045246       0.16502186
       0.24129030       0.15936836       0.16407400
       0.24033541       0.15823519       0.16307131
       0.23935515       0.15705284       0.16201180
       0.23835123       0.15582147       0.16089364
       0.23732578       0.15454156       0.15971526
       0.23628137       0.15321395       0.15847529
       0.23522100       0.15183986       0.15717267
       0.23414814       0.15042092       0.15580666
       0.23306674       0.14895922       0.15437688
       0.23198127       0.14745732       0.15288333
       0.23089670       0.14591828       0.15132651
       0.22981852       0.14434575       0.14970736
       0.22875278       0.14274393       0.14802741
       0.22770605       0.14111764       0.14628879
       0.22668544       0.13947238       0.14449428
       0.22569862       0.13781429       0.14264738
       0.22475375       0.13615026       0.14075237
       0.22385953       0.13448789       0.13881439
       0.22302513       0.13283554       0.13683944
       0.22226017       0.13120236       0.13483450
       0.22157468       0.12959825       0.13280755
       0.22097906       0.12803390       0.13076764
       0.22048400       0.12652079       0.12872491
       0.22010040       0.12507111       0.12669066
       0.21983933       0.12369781       0.12467733
       0.21971189       0.12241447       0.12269855
       0.21972912       0.12123530       0.12076910
       0.21990189       0.12017504       0.11890492
       0.22024074       0.11924884       0.11712305
       0.22075581       0.11847220       0.11544153
       0.22145660       0.11786078       0.11387935
       0.22235192       0.11743028       0.11245631
       0.22344963       0.11719626       0.11119282
       0.22475660       0.11717396       0.11010977
       0.22627843       0.11737810       0.10922829
       0.22801942       0.11782265       0.10856947
       0.22998234       0.11852062       0.10815413
       0.23216836       0.11948384       0.10800246
       0.23457690       0.12072273       0.10813377
       0.23720558       0.12224605       0.10856609
       0.24005014       0.12406073       0.10931585
       0.24310441       0.12617168       0.11039756
       0.24636027       0.12858156       0.11182346
       0.24980773       0.13129069       0.11360321
       0.25343497       0.13429694       0.11574364
       0.25722840       0.13759563       0.11824847
       0.26117285       0.14117949       0.12111819
       0.26525167       0.14503872       0.12434981
       0.26944691       0.14916098       0.12793692
       0.27373961       0.15353154       0.13186953
       0.27810990       0.15813338       0.13613423
       0.28253738       0.16294739       0.14071424
       0.28700128       0.16795258       0.14558959
       0.29148075       0.17312632       0.15073733
       0.29595517       0.17844461       0.15613185
       0.30040435       0.18388240       0.16174513
       0.30480882       0.18941387       0.16754717
       0.30915008       0.19501277       0.17350633
       0.31341081       0.20065273       0.17958975
       0.31757510       0.20630760       0.18576379
       0.32162861       0.21195176       0.19199446
       0.32555877       0.21756042       0.19824784
       0.32935491       0.22310990       0.20449053
       0.33300832       0.22857793       0.21069005
       0.33651239       0.23394385       0.21681523
       0.33986265       0.23918885       0.22283659
       0.34305672       0.24429613       0.22872667
       0.34609438       0.24925106       0.23446030
       0.34897747       0.25404126       0.24001492
       0.35170985       0.25865672       0.24537068
       0.35429727       0.26308978       0.25051073
       0.35674726       0.26733516       0.25542120
       0.35906900       0.27138992       0.26009137
       0.36127315       0.27525338       0.26451358
       0.36337167       0.27892705       0.26868329
       0.36537763       0.28241449       0.27259893
       0.36730503       0.28572116       0.27626183
       0.36916862       0.28885426       0.27967604
       0.37098366       0.29182259       0.28284817
       0.37276576       0.29463632       0.28578718
       0.37453067       0.29730684       0.28850416
       0.37629412       0.29984652       0.29101213
       0.37807161       0.30226856       0.29332576
       0.37987829       0.30458678       0.29546114
       0.38172876       0.30681544       0.29743557
       0.38363694       0.30896905       0.29926726
       0.38561595       0.31106222       0.30097518
       0.38767798       0.31310946       0.30257876
       0.38983419       0.31512507       0.30409771
       0.39209460       0.31712296       0.30555182
       0.39446803       0.31911654       0.30696073
       0.39696201       0.32111859       0.30834378
       0.39958273       0.32314114       0.30971980
       0.40233500       0.32519536       0.31110696
       0.40522222       0.32729150       0.31252261
       0.40824636       0.32943876       0.31398312
       0.41140797       0.33164526       0.31550376
       0.41470614       0.33391798       0.31709856
       0.41813861       0.33626266       0.31878018
       0.42170172       0.33868383       0.32055984
       0.42539052       0.34118476       0.32244720
       0.42919880       0.34376742       0.32445031
       0.43311919       0.34643254       0.32657553
       0.43714322       0.34917960       0.32882749
       0.44126145       0.35200684       0.33120910
       0.44546357       0.35491134       0.33372151
       0.44973850       0.35788906       0.33636417
       0.45407454       0.36093491       0.33913483
       0.45845948       0.36404286       0.34202966
       0.46288072       0.36720598       0.34504326
       0.46732544       0.37041658       0.34816886
       0.47178070       0.37366633       0.35139836
       0.47623356       0.37694631       0.35472251
       0.48067121       0.38024721       0.35813106
       0.48508109       0.38355939       0.36161290
       0.48945097       0.38687298       0.36515624
       0.49376906       0.39017806       0.36874881
       0.49802406       0.39346469       0.37237796
       0.50220527       0.39672305       0.37603088
       0.50630258       0.39994352       0.37969472
       0.51030657       0.40311672       0.38335675
       0.51420847       0.40623364       0.38700450
       0.51800023       0.40928563       0.39062584
       0.52167449       0.41226448       0.39420910
       0.52522458       0.41516241       0.39774314
       0.52864447       0.41797214       0.40121742
       0.53192878       0.42068683       0.40462203
       0.53507274       0.42330013       0.40794771
       0.53807210       0.42580612       0.41118590
       0.54092317       0.42819933       0.41432866
       0.54362268       0.43047465       0.41736871
       0.54616781       0.43262737       0.42029938
       0.54855606       0.43465306       0.42311457
       0.55078529       0.43654758       0.42580867
       0.55285361       0.43830701       0.42837656
       0.55475933       0.43992760       0.43081348
       0.55650096       0.44140571       0.43311503
       0.55807714       0.44273779       0.43527705
       0.55948662       0.44392030       0.43729557
       0.56072821       0.44494965       0.43916675
       0.56180077       0.44582219       0.44088679
       0.56270315       0.44653413       0.44245186
       0.56343424       0.44708151       0.44385806
       0.56399288       0.44746013       0.44510131
       0.56437788       0.44766553       0.44617732
       0.56458805       0.44769294       0.44708147
       0.56462213       0.44753726       0.44780881
       0.56447885       0.44719295       0.44835396
       0.56415693       0.44665408       0.44871103
       0.56365505       0.44591425       0.44887355
       0.56297197       0.44496655       0.44883445
       0.56210645       0.44380354       0.44858591
       0.56105738       0.44241722       0.44811935
       0.55982378       0.44079901       0.44742531
       0.55840489       0.43893972       0.44649338
       0.55680021       0.43682952       0.44531212
       0.55500964       0.43445799       0.44386897
       0.55303355       0.43181405       0.44215012
       0.55087293       0.42888602       0.44014048
       0.54852953       0.42566165       0.43782351
       0.54600605       0.42212817       0.43518119
       0.54330637       0.41827239       0.43219389
       0.54043577       0.41408077       0.42884034
       0.53740126       0.40953967       0.42509750
       0.53421187       0.40463549       0.42094064
       0.53087910       0.39935501       0.41634325
       0.52741731       0.39368572       0.41127724
       0.52384426       0.38761636       0.40571304
       0.52018166       0.38113747       0.39961992
       0.51645580       0.37424213       0.39296647
       0.51269821       0.36692694       0.38572128
       0.50894640       0.35919306       0.37785387
       0.50524457       0.35104762       0.36933603
       0.50164436       0.34250526       0.36014354
       0.49820550       0.33359000       0.35025848
       0.49499637       0.32433731       0.33967213
       0.49209429       0.31479650       0.32838862
       0.48958560       0.30503315       0.31642940
       0.48756510       0.29513173       0.30383855
       0.48613505       0.28519805       0.29068887
       0.48540317       0.27536135       0.27708860
       0.48547973       0.26577571       0.26318838
       0.48647342       0.25662036       0.24918794
       0.48848584       0.24809826       0.23534148
       0.49160471       0.24043253       0.22196077
       0.49589578       0.23386014       0.20941425
       0.50139393       0.22862239       0.19812065
       0.50809394       0.22495213       0.18853561
       0.51594188       0.22305808       0.18113015
       0.52482836       0.22310694       0.17636090
       0.53458464       0.22520506       0.17463341
       0.54498317       0.22938168       0.17626151
       0.55574315       0.23557621       0.18142751
       0.56654164       0.24363210       0.19014901
       0.57702966       0.25329899       0.20225857
       0.58685205       0.26424410       0.21740096
       0.59566898       0.27607206       0.23505039
       0.60317682       0.28835104       0.25454660
       0.60912576       0.30064218       0.27514520
       0.61333249       0.31252840       0.29607539
       0.61568659       0.32363923       0.31659680
       0.61615077       0.33366927       0.33604826
       0.61475531       0.34238874       0.35388342
       0.61158847       0.34964637       0.36969077
       0.60678413       0.35536568       0.38319856
       0.60050861       0.35953618       0.39426715
       0.59294785       0.36220179       0.40287234
       0.58429603       0.36344790       0.40908361
       0.57474621       0.36338886       0.41304074
       0.56448313       0.36215662       0.41493135
       0.55367825       0.35989128       0.41497117
       0.54248667       0.35673365       0.41338781
       0.53104555       0.35281978       0.41040834
       0.51947390       0.34827723       0.40625034
       0.50787311       0.34322286       0.40111612
       0.49632814       0.33776168       0.39518932
       0.48490897       0.33198658       0.38863343
       0.47367233       0.32597869       0.38159172
       0.46266334       0.31980804       0.37418803
       0.45191715       0.31353452       0.36652821
       0.44146043       0.30720893       0.35870179
       0.43131278       0.30087398       0.35078382
       0.42148789       0.29456535       0.34283668
       0.41199459       0.28831262       0.33491180
       0.40283779       0.28214016       0.32705126
       0.39401920       0.27606787       0.31928917
       0.38553799       0.27011188       0.31165299
       0.37739131       0.26428513       0.30416454
       0.36957473       0.25859787       0.29684098
       0.36208262       0.25305812       0.28969561
       0.35490842       0.24767200       0.28273852
       0.34804490       0.24244406       0.27597714
       0.34148433       0.23737754       0.26941678
       0.33521862       0.23247459       0.26306093
       0.32923951       0.22773644       0.25691167
       0.32353858       0.22316357       0.25096988
       0.31810737       0.21875584       0.24523548
       0.31293744       0.21451256       0.23970765
       0.30802039       0.21043263       0.23438491
       0.30334792       0.20651458       0.22926530
       0.29891183       0.20275662       0.22434646
       0.29470405       0.19915673       0.21962568
       0.29071663       0.19571266       0.21510004
       0.28694179       0.19242199       0.21076639
       0.28337187       0.18928214       0.20662141
       0.27999938       0.18629042       0.20266167
       0.27681695       0.18344400       0.19888362
       0.27381739       0.18073996       0.19528363
       0.27099361       0.17817532       0.19185799
       0.26833869       0.17574698       0.18860296
       0.26584583       0.17345179       0.18551470
       0.26350838       0.17128655       0.18258935
       0.26131980       0.16924798       0.17982299
       0.25927368       0.16733275       0.17721165
       0.25736375       0.16553748       0.17475133
       0.25558386       0.16385875       0.17243798
       0.25392798       0.16229308       0.17026747
       0.25239020       0.16083695       0.16823567
       0.25096477       0.15948682       0.16633837
       0.24964605       0.15823910       0.16457132
       0.24842852       0.15709017       0.16293023
       0.24730682       0.15603640       0.16141077
       0.24627574       0.15507414       0.16000855
       0.24533018       0.15419971       0.15871916
       0.24446522       0.15340945       0.15753817
       0.24367611       0.15269970       0.15646110
       0.24295823       0.15206679       0.15548347
       0.24230714       0.15150710       0.15460080
       0.24171859       0.15101701       0.15380860
       0.24118848       0.15059297       0.15310241
       0.24071292       0.15023145       0.15247779
       0.24028818       0.14992899       0.15193033
       0.23991074       0.14968219       0.15145569
       0.23957725       0.14948773       0.15104959
       0.23928458       0.14934237       0.15070783
       0.23902978       0.14924297       0.15042628
       0.23881007       0.14918648       0.15020095
       0.23862291       0.14916995       0.15002794
       0.23846590       0.14919056       0.14990349
       0.23833685       0.14924559       0.14982398
       0.23823375       0.14933246       0.14978592
       0.23815476       0.14944869       0.14978601
       0.23809820       0.14959194       0.14982107
       0.23806257       0.14976001       0.14988813
       0.23804649       0.14995080       0.14998437
       0.23804874       0.15016236       0.15010714
       0.23806824       0.15039286       0.15025400
       0.23810401       0.15064058       0.15042264
       0.23815519       0.15090392       0.15061096
       0.23822102       0.15118140       0.15081702
       0.23830081       0.15147165       0.15103905
       0.23839397       0.15177338       0.15127543
       0.23849993       0.15208540       0.15152471
       0.23861822       0.15240663       0.15178556
       0.23874836       0.15273603       0.15205682
       0.23888991       0.15307264       0.15233744
       0.23904247       0.15341557       0.15262646
       0.23920560       0.15376396       0.15292307
       0.23937888       0.15411702       0.15322652
       0.23956186       0.15447395       0.15353615
       0.23975406       0.15483401       0.15385136
       0.23995497       0.15519645       0.15417161
       0.24016404       0.15556054       0.15449641
       0.24038066       0.15592553       0.15482529
       0.24060416       0.15629068       0.15515779
       0.24083383       0.15665521       0.15549347
       0.24106886       0.15701832       0.15583188
       0.24130838       0.15737919       0.15617256
       0.24155147       0.15773695       0.15651500
       0.24179710       0.15809070       0.15685870
       0.24204418       0.15843947       0.15720307
       0.24229154       0.15878226       0.15754748
       0.24253795       0.15911801       0.15789127
       0.24278207       0.15944559       0.15823368
       0.24302252       0.15976385       0.15857389
       0.24325783       0.16007153       0.15891100
       0.24348648       0.16036735       0.15924404
       0.24370687       0.16064994       0.15957196
       0.24391736       0.16091791       0.15989360
       0.24411626       0.16116978       0.16020774
       0.24430181       0.16140403       0.16051306
       0.24447225       0.16161908       0.16080816
       0.24462575       0.16181331       0.16109154
       0.24476050       0.16198505       0.16136162
       0.24487464       0.16213260       0.16161675
       0.24496633       0.16225420       0.16185518
       0.24503372       0.16234810       0.16207510
       0.24507497       0.16241248       0.16227460
       0.24508829       0.16244555       0.16245172
       0.24507190       0.16244547       0.16260444
       0.24502408       0.16241041       0.16273065
       0.24494316       0.16233856       0.16282823
       0.24482755       0.16222811       0.16289497
       0.24467575       0.16207727       0.16292864
       0.24448632       0.16188429       0.16292697
       0.24425798       0.16164745       0.16288767
       0.24398954       0.16136510       0.16280841
       0.24367996       0.16103564       0.16268688
       0.24332835       0.16065755       0.16252075
       0.24293400       0.16022940       0.16230770
       0.24249636       0.15974987       0.16204544
       0.24201511       0.15921774       0.16173171
       0.24149013       0.15863194       0.16136430
       0.24092155       0.15799154       0.16094104
       0.24030975       0.15729577       0.16045986
       0.23965538       0.15654406       0.15991877
       0.23895937       0.15573603       0.15931590
       0.23822299       0.15487153       0.15864949
       0.23744782       0.15395067       0.15791795
       0.23663578       0.15297381       0.15711984
       0.23578918       0.15194160       0.15625395
       0.23491071       0.15085503       0.15531928
       0.23400345       0.14971542       0.15431507
       0.23307092       0.14852447       0.15324087
       0.23211708       0.14728428       0.15209653
       0.23114634       0.14599737       0.15088226
       0.23016358       0.14466672       0.14959869
       0.22917416       0.14329582       0.14824684
       0.22818393       0.14188865       0.14682824
       0.22719925       0.14044976       0.14534493
       0.22622696       0.13898428       0.14379953
       0.22527443       0.13749792       0.14219526
       0.22434950       0.13599705       0.14053603
       0.22346050       0.13448869       0.13882645
       0.22261625       0.13298051       0.13707191
       0.22182600       0.13148091       0.13527864
       0.22109941       0.12999897       0.13345371
       0.22044656       0.12854450       0.13160511
       0.21987781       0.12712798       0.12974182
       0.21940385       0.12576064       0.12787377
       0.21903556       0.12445436       0.12601197
       0.21878397       0.12322167       0.12416842
       0.21866016       0.12207572       0.12235624
       0.21867519       0.12103023       0.12058956
       0.21883996       0.12009938       0.11888357
       0.21916512       0.11929778       0.11725447
       0.21966093       0.11864034       0.11571940
       0.22033714       0.11814215       0.11429640
       0.22120285       0.11781839       0.11300425
       0.22226635       0.11768412       0.11186242
       0.22353498       0.11775416       0.11089083
       0.22501498       0.11804290       0.11010977
       0.22671134       0.11856411       0.10953960
       0.22862765       0.11933072       0.10920056
       0.23076600       0.12035462       0.10911251
       0.23312679       0.12164646       0.10929461
       0.23570868       0.12321539       0.10976507
       0.23850849       0.12506890       0.11054078
       0.24152111       0.12721256       0.11163700
       0.24473949       0.12964990       0.11306704
       0.24815461       0.13238217       0.11484193
       0.25175553       0.13540824       0.11697010
       0.25552941       0.13872446       0.11945710
       0.25946164       0.14232463       0.12230536
       0.26353593       0.14619989       0.12551395
       0.26773452       0.15033880       0.12907844
       0.27203833       0.15472734       0.13299078
       0.27642720       0.15934905       0.13723929
       0.28088015       0.16418514       0.14180861
       0.28537566       0.16921472       0.14667989
       0.28989195       0.17441500       0.15183089
       0.29440726       0.17976159       0.15723625
       0.29890021       0.18522882       0.16286776
       0.30335005       0.19079003       0.16869478
       0.30773699       0.19641800       0.17468460
       0.31204247       0.20208525       0.18080295
       0.31624942       0.20776447       0.18701444
       0.32034249       0.21342884       0.19328313
       0.32430825       0.21905244       0.19957305
       0.32813537       0.22461055       0.20584867
       0.33181473       0.23007998       0.21207547
       0.33533951       0.23543936       0.21822039
       0.33870527       0.24066934       0.22425226
       0.34190991       0.24575281       0.23014222
       0.34495366       0.25067508       0.23586405
       0.34783903       0.25542394       0.24139444
       0.35057069       0.25998974       0.24671325
       0.35315535       0.26436542       0.25180359
       0.35560157       0.26854646       0.25665199
       0.35791966       0.27253084       0.26124839
       0.36012141       0.27631892       0.26558611
       0.36221991       0.27991334       0.26966179
       0.36422936       0.28331881       0.27347526
       0.36616482       0.28654203       0.27702937
       0.36804201       0.28959138       0.28032978
       0.36987710       0.29247684       0.28338479
       0.37168646       0.29520969       0.28620503
       0.37348654       0.29780234       0.28880326
       0.37529359       0.30026814       0.29119407
       0.37712352       0.30262111       0.29339365
       0.37899176       0.30487582       0.29541952
       0.38091303       0.30704714       0.29729024
       0.38290127       0.30915005       0.29902519
       0.38496947       0.31119953       0.30064435
       0.38712957       0.31321031       0.30216800
       0.38939233       0.31519680       0.30361659
       0.39176727       0.31717286       0.30501044
       0.39426259       0.31915174       0.30636960
       0.39688509       0.32114594       0.30771365
       0.39964013       0.32316706       0.30906151
       0.40253159       0.32522574       0.31043127
       0.40556185       0.32733157       0.31184005
       0.40873179       0.32949298       0.31330385
       0.41204077       0.33171721       0.31483736
       0.41548666       0.33401024       0.31645394
       0.41906590       0.33637672       0.31816539
       0.42277350       0.33881999       0.31998192
       0.42660314       0.34134203       0.32191206
       0.43054724       0.34394348       0.32396257
       0.43459702       0.34662361       0.32613837
       0.43874262       0.34938039       0.32844259
       0.44297323       0.35221053       0.33087647
       0.44727718       0.35510951       0.33343943
       0.45164206       0.35807165       0.33612908
       0.45605490       0.36109021       0.33894130
       0.46050225       0.36415747       0.34187031
       0.46497035       0.36726484       0.34490876
       0.46944525       0.37040296       0.34804788
       0.47391295       0.37356181       0.35127762
       0.47835953       0.37673084       0.35458678
       0.48277124       0.37989909       0.35796319
       0.48713462       0.38305528       0.36139387
       0.49143662       0.38618795       0.36486523
       0.49566463       0.38928556       0.36836322
       0.49980657       0.39233656       0.37187349
       0.50385097       0.39532951       0.37538157
       0.50778695       0.39825312       0.37887302
       0.51160430       0.40109634       0.38233352
       0.51529345       0.40384838       0.38574901
       0.51884548       0.40649875       0.38910578
       0.52225211       0.40903729       0.39239054
       0.52550568       0.41145417       0.39559047
       0.52859909       0.41373984       0.39869322
       0.53152580       0.41588507       0.40168697
       0.53427976       0.41788089       0.40456036
       0.53685537       0.41971854       0.40730251
       0.53924744       0.42138943       0.40990292
       0.54145113       0.42288507       0.41235145
       0.54346191       0.42419704       0.41463821
       0.54527552       0.42531687       0.41675349
       0.54688795       0.42623602       0.41868763
       0.54829538       0.42694578       0.42043097
       0.54949418       0.42743723       0.42197367
       0.55048090       0.42770111       0.42330561
       0.55125227       0.42772783       0.42441627
       0.55180521       0.42750733       0.42529459
       0.55213686       0.42702909       0.42592885
       0.55224461       0.42628203       0.42630651
       0.55212621       0.42525450       0.42641407
       0.55177979       0.42393422       0.42623693
       0.55120402       0.42230830       0.42575929
       0.55039824       0.42036321       0.42496393
       0.54936259       0.41808481       0.42383215
       0.54809824       0.41545844       0.42234357
       0.54660763       0.41246894       0.42047609
       0.54489474       0.40910085       0.41820573
       0.54296542       0.40533852       0.41550655
       0.54082780       0.40116643       0.41235068
       0.53849270       0.39656949       0.40870828
       0.53597415       0.39153344       0.40454769
       0.53328997       0.38604543       0.39983558
       0.53046242       0.38009471       0.39453738
       0.52751887       0.37367345       0.38861777
       0.52449258       0.36677784       0.38204148
       0.52142354       0.35940933       0.37477447
       0.51835923       0.35157619       0.36678541
       0.51535546       0.34329529       0.35804774
       0.51247704       0.33459422       0.34854236
       0.50979842       0.32551365       0.33826104
       0.50740388       0.31610995       0.32721064
       0.50538751       0.30645797       0.31541831
       0.50385248       0.29665382       0.30293758
       0.50290962       0.28681750       0.28985529
       0.50267503       0.27709500       0.27629915
       0.50326641       0.26765947       0.26244536
       0.50479815       0.25871100       0.24852560
       0.50737480       0.25047428       0.23483225
       0.51108318       0.24319364       0.22172034
       0.51598319       0.23712489       0.20960457
       0.52209791       0.23252353       0.19894943
       0.52940377       0.22962940       0.19025105
       0.53782189       0.22864847       0.18400978
       0.54721195       0.22973288       0.18069411
       0.55737000       0.23296149       0.18069810
       0.56803148       0.23832332       0.18429667
       0.57888005       0.24570685       0.19160477
       0.58956236       0.25489756       0.20254721
       0.59970772       0.26558533       0.21684558
       0.60895070       0.27738167       0.23402634
       0.61695435       0.28984527       0.25345082
       0.62343104       0.30251273       0.27436371
       0.62815871       0.31493062       0.29595342
       0.63099078       0.32668466       0.31741536
       0.63185909       0.33742289       0.33800963
       0.63077029       0.34687071       0.35710609
       0.62779702       0.35483721       0.37421293
       0.62306550       0.36121364       0.38898821
       0.61674145       0.36596580       0.40123612
       0.60901600       0.36912224       0.41089190
       0.60009280       0.37076066       0.41799970
       0.59017717       0.37099398       0.42268734
       0.57946764       0.36995761       0.42514139
       0.56814983       0.36779858       0.42558462
       0.55639263       0.36466673       0.42425725
       0.54434606       0.36070831       0.42140223
       0.53214068       0.35606137       0.41725459
       0.51988801       0.35085299       0.41203425
       0.50768164       0.34519778       0.40594178
       0.49559877       0.33919735       0.39915632
       0.48370201       0.33294057       0.39183522
       0.47204114       0.32650422       0.38411469
       0.46065497       0.31995398       0.37611123
       0.44957288       0.31334548       0.36792340
       0.43881643       0.30672544       0.35963382
       0.42840060       0.30013283       0.35131107
       0.41833500       0.29359984       0.34301163
       0.40862488       0.28715284       0.33478158
       0.39927189       0.28081328       0.32665819
       0.39027490       0.27459836       0.31867125
       0.38163051       0.26852175       0.31084433
       0.37333357       0.26259411       0.30319576
       0.36537758       0.25682357       0.29573956
       0.35775504       0.25121616       0.28848612
       0.35045766       0.24577614       0.28144290
       0.34347665       0.24050629       0.27461488
       0.33680282       0.23540818       0.26800508
       0.33042680       0.23048234       0.26161485
       0.32433908       0.22572848       0.25544421
       0.31853013       0.22114559       0.24949211
       0.31299045       0.21673208       0.24375660
       0.30771066       0.21248592       0.23823506
       0.30268150       0.20840465       0.23292426
       0.29789388       0.20448552       0.22782058
       0.29333890       0.20072553       0.22292001
       0.28900786       0.19712146       0.21821829
       0.28489228       0.19366996       0.21371096
       0.28098390       0.19036752       0.20939341
       0.27727469       0.18721056       0.20526092
       0.27375684       0.18419543       0.20130870
       0.27042276       0.18131842       0.19753193
       0.26726511       0.17857581       0.19392578
       0.26427673       0.17596385       0.19048540
       0.26145071       0.17347880       0.18720599
       0.25878034       0.17111691       0.18408277
       0.25625912       0.16887448       0.18111099
       0.25388072       0.16674779       0.17828597
       0.25163906       0.16473319       0.17560307
       0.24952821       0.16282703       0.17305772
       0.24754244       0.16102573       0.17064540
       0.24567621       0.15932572       0.16836167
       0.24392413       0.15772351       0.16620215
       0.24228101       0.15621563       0.16416252
       0.24074181       0.15479866       0.16223855
       0.23930167       0.15346924       0.16042605
       0.23795587       0.15222407       0.15872092
       0.23669988       0.15105989       0.15711912
       0.23552928       0.14997349       0.15561670
       0.23443985       0.14896174       0.15420975
       0.23342748       0.14802155       0.15289444
       0.23248822       0.14714988       0.15166704
       0.23161828       0.14634377       0.15052384
       0.23081399       0.14560032       0.14946125
       0.23007183       0.14491669       0.14847573
       0.22938841       0.14429008       0.14756381
       0.22876049       0.14371780       0.14672212
       0.22818495       0.14319719       0.14594733
       0.22765880       0.14272567       0.14523624
       0.22717919       0.14230073       0.14458567
       0.22674338       0.14191993       0.14399257
       0.22634878       0.14158089       0.14345396
       0.22599290       0.14128131       0.14296692
       0.22567336       0.14101896       0.14252866
       0.22538792       0.14079169       0.14213643
       0.22513445       0.14059739       0.14178760
       0.22491089       0.14043407       0.14147963
       0.22471535       0.14029978       0.14121005
       0.22454598       0.14019264       0.14097649
       0.22440106       0.14011085       0.14077668
       0.22427895       0.14005268       0.14060842
       0.22417813       0.14001648       0.14046962
       0.22409712       0.14000064       0.14035827
       0.22403454       0.14000364       0.14027246
       0.22398910       0.14002401       0.14021035
       0.22395956       0.14006036       0.14017019
       0.22394476       0.14011133       0.14015032
       0.22394360       0.14017565       0.14014917
       0.22395502       0.14025209       0.14016524
       0.22397803       0.14033947       0.14019709
       0.22401170       0.14043666       0.14024338
       0.22405510       0.14054260       0.14030282
       0.22410738       0.14065623       0.14037421
       0.22416770       0.14077658       0.14045639
       0.22423527       0.14090267       0.14054826
       0.22430930       0.14103359       0.14064879
       0.22438903       0.14116845       0.14075699
       0.22447374       0.14130639       0.14087191
       0.22456268       0.14144656       0.14099267
       0.22465516       0.14158816       0.14111838
       0.22475047       0.14173038       0.14124823
       0.22484790       0.14187245       0.14138142
       0.22494677       0.14201360       0.14151716
       0.22504637       0.14215308       0.14165470
       0.22514600       0.14229014       0.14179331
       0.22524498       0.14242405       0.14193226
       0.22534260       0.14255407       0.14207082
       0.22543815       0.14267947       0.14220830
       0.22553094       0.14279953       0.14234399
       0.22562024       0.14291353       0.14247717
       0.22570534       0.14302073       0.14260713
       0.22578553       0.14312041       0.14273317
       0.22586009       0.14321185       0.14285455
       0.22592829       0.14329433       0.14297055
       0.22598943       0.14336711       0.14308042
       0.22604279       0.14342947       0.14318340
       0.22608767       0.14348068       0.14327875
       0.22612338       0.14352004       0.14336566
       0.22614923       0.14354682       0.14344337
       0.22616456       0.14356031       0.14351105
       0.22616872       0.14355981       0.14356791
       0.22616110       0.14354463       0.14361312
       0.22614111       0.14351410       0.14364584
       0.22610818       0.14346756       0.14366524
       0.22606181       0.14340438       0.14367047
       0.22600152       0.14332393       0.14366070
       0.22592688       0.14322565       0.14363508
       0.22583752       0.14310897       0.14359276
       0.22573314       0.14297339       0.14353293
       0.22561349       0.14281844       0.14345476
       0.22547840       0.14264370       0.14335746
       0.22532778       0.14244879       0.14324025
       0.22516163       0.14223342       0.14310237
       0.22498002       0.14199734       0.14294312
       0.22478315       0.14174039       0.14276181
       0.22457130       0.14146246       0.14255782
       0.22434487       0.14116357       0.14233056
       0.22410439       0.14084380       0.14207952
       0.22385050       0.14050333       0.14180424
       0.22358398       0.14014246       0.14150434
       0.22330573       0.13976162       0.14117954
       0.22301682       0.13936132       0.14082963
       0.22271845       0.13894225       0.14045452
       0.22241200       0.13850520       0.14005422
       0.22209898       0.13805114       0.13962886
       0.22178109       0.13758117       0.13917872
       0.22146019       0.13709657       0.13870419
       0.22113833       0.13659878       0.13820585
       0.22081771       0.13608944       0.13768442
       0.22050074       0.13557036       0.13714080
       0.22019001       0.13504356       0.13657609
       0.21988827       0.13451124       0.13599157
       0.21959849       0.13397584       0.13538875
       0.21932379       0.13343998       0.13476936
       0.21906750       0.13290654       0.13413535
       0.21883311       0.13237859       0.13348893
       0.21862429       0.13185944       0.13283256
       0.21844487       0.13135265       0.13216898
       0.21829886       0.13086197       0.13150118
       0.21819037       0.13039143       0.13083247
       0.21812371       0.12994524       0.13016643
       0.21810326       0.12952787       0.12950694
       0.21813353       0.12914400       0.12885819
       0.21821911       0.12879851       0.12822468
       0.21836468       0.12849648       0.12761119
       0.21857493       0.12824318       0.12702285
       0.21885459       0.12804407       0.12646505
       0.21920839       0.12790472       0.12594347
       0.21964101       0.12783085       0.12546410
       0.22015708       0.12782829       0.12503317
       0.22076112       0.12790294       0.12465714
       0.22145751       0.12806072       0.12434273
       0.22225047       0.12830759       0.12409681
       0.22314401       0.12864946       0.12392642
       0.22414190       0.12909217       0.12383874
       0.22524763       0.12964144       0.12384098
       0.22646435       0.13030285       0.12394042
       0.22779487       0.13108172       0.12414428
       0.22924159       0.13198314       0.12445971
       0.23080649       0.13301189       0.12489370
       0.23249109       0.13417236       0.12545305
       0.23429642       0.13546852       0.12614424
       0.23622297       0.13690387       0.12697341
       0.23827073       0.13848138       0.12794627
       0.24043910       0.14020345       0.12906802
       0.24272694       0.14207187       0.13034327
       0.24513253       0.14408775       0.13177598
       0.24765359       0.14625151       0.13336940
       0.25028727       0.14856286       0.13512597
       0.25303020       0.15102075       0.13704728
       0.25587847       0.15362336       0.13913405
       0.25882770       0.15636811       0.14138602
       0.26187306       0.15925166       0.14380198
       0.26500932       0.16226989       0.14637970
       0.26823089       0.16541799       0.14911594
       0.27153190       0.16869040       0.15200649
       0.27490625       0.17208094       0.15504611
       0.27834767       0.17558280       0.15822863
       0.28184982       0.17918862       0.16154696
       0.28540631       0.18289056       0.16499316
       0.28901085       0.18668038       0.16855852
       0.29265725       0.19054950       0.17223363
       0.29633953       0.19448910       0.17600848
       0.30005197       0.19849022       0.17987258
       0.30378922       0.20254381       0.18381506
       0.30754628       0.20664089       0.18782479
       0.31131865       0.21077256       0.19189053
       0.31510229       0.21493015       0.19600100
       0.31889370       0.21910528       0.20014506
       0.32268997       0.22328994       0.20431184
       0.32648875       0.22747657       0.20849080
       0.33028829       0.23165812       0.21267190
       0.33408745       0.23582809       0.21684567
       0.33788567       0.23998062       0.22100334
       0.34168296       0.24411047       0.22513689
       0.34547988       0.24821313       0.22923914
       0.34927750       0.25228474       0.23330383
       0.35307733       0.25632216       0.23732563
       0.35688133       0.26032296       0.24130018
       0.36069178       0.26428539       0.24522414
       0.36451126       0.26820836       0.24909515
       0.36834257       0.27209144       0.25291185
       0.37218864       0.27593476       0.25667388
       0.37605249       0.27973901       0.26038179
       0.37993711       0.28350537       0.26403702
       0.38384538       0.28723546       0.26764186
       0.38778005       0.29093124       0.27119938
       0.39174356       0.29459498       0.27471332
       0.39573805       0.29822916       0.27818805
       0.39976522       0.30183640       0.28162843
       0.40382631       0.30541939       0.28503978
       0.40792198       0.30898079       0.28842769
       0.41205228       0.31252315       0.29179799
       0.41621657       0.31604885       0.29515660
       0.42041348       0.31956001       0.29850942
       0.42464087       0.32305840       0.30186221
       0.42889578       0.32654540       0.30522049
       0.43317439       0.33002188       0.30858943
       0.43747205       0.33348820       0.31197372
       0.44178319       0.33694407       0.31537747
       0.44610140       0.34038857       0.31880411
       0.45041940       0.34382007       0.32225629
       0.45472906       0.34723619       0.32573580
       0.45902142       0.35063377       0.32924349
       0.46328675       0.35400887       0.33277916
       0.46751459       0.35735669       0.33634158
       0.47169382       0.36067166       0.33992835
       0.47581269       0.36394737       0.34353593
       0.47985892       0.36717660       0.34715960
       0.48381977       0.37035134       0.35079343
       0.48768214       0.37346283       0.35443030
       0.49143264       0.37650160       0.35806192
       0.49505769       0.37945746       0.36167883
       0.49854359       0.38231961       0.36527048
       0.50187667       0.38507666       0.36882524
       0.50504335       0.38771666       0.37233047
       0.50803022       0.39022722       0.37577259
       0.51082415       0.39259551       0.37913712
       0.51341242       0.39480832       0.38240881
       0.51578273       0.39685216       0.38557162
       0.51792333       0.39871326       0.38860890
       0.51982310       0.40037766       0.39150337
       0.52147162       0.40183124       0.39423721
       0.52285925       0.40305976       0.39679214
       0.52397719       0.40404889       0.39914944
       0.52481754       0.40478427       0.40129000
       0.52537339       0.40525153       0.40319436
       0.52563891       0.40543627       0.40484268
       0.52560937       0.40532417       0.40621481
       0.52528125       0.40490093       0.40729022
       0.52465232       0.40415233       0.40804801
       0.52372175       0.40306424       0.40846685
       0.52249019       0.40162268       0.40852499
       0.52095993       0.39981381       0.40820011
       0.51913502       0.39762402       0.40746937
       0.51702144       0.39503999       0.40630925
       0.51462735       0.39204881       0.40469557
       0.51196326       0.38863810       0.40260339
       0.50904235       0.38479620       0.40000701
       0.50588077       0.38051240       0.39688000
       0.50249800       0.37577727       0.39319525
       0.49891731       0.37058309       0.38892512
       0.49516616       0.36492428       0.38404170
       0.49127676       0.35879814       0.37851722
       0.48728662       0.35220557       0.37232460
       0.48323917       0.34515204       0.36543832
       0.47918433       0.33764880       0.35783557
       0.47517913       0.32971419       0.34949772
       0.47128829       0.32137528       0.34041238
       0.46758457       0.31266970       0.33057591
       0.46414913       0.30364764       0.31999664
       0.46107139       0.29437409       0.30869878
       0.45844865       0.28493104       0.29672705
       0.45638505       0.27541972       0.28415203
       0.45498989       0.26596245       0.27107613
       0.45437495       0.25670401       0.25763973
       0.45465091       0.24781197       0.24402724
       0.45592241       0.23947576       0.23047217
       0.45828207       0.23190376       0.21726025
       0.46180323       0.22531810       0.20472943
       0.46653189       0.21994668       0.19326528
       0.47247829       0.21601234       0.18329039
       0.47960872       0.21371919       0.17524681
       0.48783880       0.21323689       0.16957106
       0.49702904       0.21468400       0.16666247
       0.50698402       0.21811220       0.16684722
       0.51745600       0.22349339       0.17034151
       0.52815349       0.23071204       0.17721905
       0.53875450       0.23956453       0.18738813
       0.54892380       0.24976655       0.20058313
       0.55833241       0.26096848       0.21637334
       0.56667724       0.27277738       0.23418945
       0.57369885       0.28478294       0.25336467
       0.57919522       0.29658439       0.27318523
       0.58303027       0.30781504       0.29294313
       0.58513665       0.31816187       0.31198450
       0.58551299       0.32737849       0.32974789
       0.58421674       0.33529101       0.34578928
       0.58135387       0.34179728       0.35979313
       0.57706694       0.34686095       0.37157087
       0.57152297       0.35050185       0.38104945
       0.56490214       0.35278456       0.38825362
       0.55738803       0.35380652       0.39328501
       0.54915980       0.35368683       0.39630086
       0.54038646       0.35255651       0.39749437
       0.53122287       0.35055051       0.39707785
       0.52180757       0.34780155       0.39526918
       0.51226175       0.34443574       0.39228163
       0.50268932       0.34056966       0.38831669
       0.49317768       0.33630872       0.38355956
       0.48379894       0.33174640       0.37817667
       0.47461135       0.32696430       0.37231477
       0.46566094       0.32203258       0.36610115
       0.45698312       0.31701072       0.35964460
       0.44860413       0.31194850       0.35303684
       0.44054254       0.30688705       0.34635417
       0.43281048       0.30185980       0.33965924
       0.42541478       0.29689357       0.33300274
       0.41835796       0.29200943       0.32642506
       0.41163906       0.28722357       0.31995776
       0.40525442       0.28254806       0.31362495
       0.39919824       0.27799149       0.30744445
       0.39346312       0.27355958       0.30142885
       0.38804047       0.26925565       0.29558639
       0.38292091       0.26508109       0.28992178
       0.37809453       0.26103573       0.28443680
       0.37355112       0.25711815       0.27913090
       0.36928041       0.25332595       0.27400164
       0.36527220       0.24965599       0.26904515
       0.36151651       0.24610462       0.26425641
       0.35800367       0.24266780       0.25962957
       0.35472442       0.23934132       0.25515818
       0.35167000       0.23612087       0.25083543
       0.34883213       0.23300223       0.24665433
       0.34620314       0.22998129       0.24260784
       0.34377595       0.22705423       0.23868906
       0.34154410       0.22421753       0.23489133
       0.33950177       0.22146812       0.23120838
       0.33764377       0.21880340       0.22763442
       0.33596557       0.21622133       0.22416427
       0.33446322       0.21372049       0.22079344
       0.33313342       0.21130013       0.21751825
       0.33197340       0.20896021       0.21433591
       0.33098093       0.20670148       0.21124463
       0.33015428       0.20452545       0.20824370
       0.32949210       0.20243447       0.20533357
       0.32899340       0.20043172       0.20251591
       0.32865744       0.19852121       0.19979372
       0.32848365       0.19670776       0.19717132
       0.32847146       0.19499699       0.19465444
       0.32862025       0.19339523       0.19225017
       0.32892916       0.19190947       0.18996701
       0.32939695       0.19054727       0.18781477
       0.33002185       0.18931659       0.18580453
       0.33080140       0.18822572       0.18394847
       0.33173224       0.18728302       0.18225977
       0.33280998       0.18649676       0.18075230
       0.33402905       0.18587490       0.17944046
       0.33538248       0.18542482       0.17833875
       0.33686183       0.18515308       0.17746150
       0.33845706       0.18506511       0.17682241
       0.34015643       0.18516499       0.17643411
       0.34194647       0.18545512       0.17630767
       0.34381199       0.18593602       0.17645217
       0.34573613       0.18660609       0.17687417
       0.34770044       0.18746142       0.17757728
       0.34968507       0.18849565       0.17856177
       0.35166894       0.18969993       0.17982420
       0.35363003       0.19106289       0.18135718
       0.35554570       0.19257069       0.18314924
       0.35739300       0.19420719       0.18518479
       0.35914906       0.19595416       0.18744422
       0.36079148       0.19779156       0.18990415
       0.36229875       0.19969787       0.19253778
       0.36365057       0.20165050       0.19531536
       0.36482826       0.20362621       0.19820477
       0.36581509       0.20560156       0.20117221
       0.36659651       0.20755337       0.20418287
       0.36716040       0.20945914       0.20720168
       0.36749724       0.21129745       0.21019402
       0.36760016       0.21304836       0.21312646
       0.36746501       0.21469369       0.21596732
       0.36709033       0.21621727       0.21868730
       0.36647719       0.21760515       0.22125988
       0.36562913       0.21884570       0.22366172
       0.36455193       0.21992966       0.22587288
       0.36325337       0.22085015       0.22787695
       0.36174303       0.22160258       0.22966112
       0.36003199       0.22218458       0.23121610
       0.35813260       0.22259581       0.23253598
       0.35605818       0.22283780       0.23361804
       0.35382276       0.22291377       0.23446250
       0.35144088       0.22282839       0.23507220
       0.34892731       0.22258758       0.23545234
       0.34629689       0.22219831       0.23561008
       0.34356431       0.22166836       0.23555428
       0.34074399       0.22100614       0.23529517
       0.33784992       0.22022053       0.23484401
       0.33489554       0.21932069       0.23421287
       0.33189370       0.21831590       0.23341431
       0.32885654       0.21721549       0.23246124
       0.32579547       0.21602863       0.23136661
       0.32272114       0.21476436       0.23014336
       0.31964338       0.21343138       0.22880415
       0.31657127       0.21203811       0.22736135
       0.31351308       0.21059255       0.22582687
       0.31047630       0.20910228       0.22421211
       0.30746768       0.20757444       0.22252792
       0.30449325       0.20601571       0.22078450
       0.30155832       0.20443229       0.21899146
       0.29866756       0.20282989       0.21715774
       0.29582501       0.20121377       0.21529161
       0.29303413       0.19958871       0.21340072
       0.29029780       0.19795906       0.21149207
       0.28761841       0.19632871       0.20957201
       0.28499788       0.19470116       0.20764633
       0.28243767       0.19307947       0.20572022
       0.27993885       0.19146636       0.20379832
       0.27750212       0.18986417       0.20188474
       0.27512782       0.18827491       0.19998309
       0.27281601       0.18670025       0.19809653
       0.27056646       0.18514161       0.19622776
       0.26837870       0.18360008       0.19437908
       0.26625201       0.18207654       0.19255239
       0.26418551       0.18057160       0.19074925
       0.26217813       0.17908568       0.18897087
       0.26022864       0.17761898       0.18721816
       0.25833568       0.17617154       0.18549175
       0.25649781       0.17474322       0.18379200
       0.25471347       0.17333375       0.18211904
       0.25298103       0.17194271       0.18047276
       0.25129882       0.17056958       0.17885289
       0.24966514       0.16921374       0.17725893
       0.24807823       0.16787449       0.17569026
       0.24653636       0.16655106       0.17414610
       0.24503780       0.16524260       0.17262553
       0.24358084       0.16394826       0.17112753
       0.24216380       0.16266713       0.16965100
       0.24078507       0.16139830       0.16819473
       0.23944307       0.16014085       0.16675746
       0.23813633       0.15889388       0.16533788
       0.23686345       0.15765651       0.16393462
       0.23562314       0.15642790       0.16254633
       0.23441422       0.15520726       0.16117160
       0.23323562       0.15399386       0.15980908
       0.23208642       0.15278704       0.15845739
       0.23096585       0.15158625       0.15711520
       0.22987330       0.15039102       0.15578126
       0.22880831       0.14920100       0.15445433
       0.22777061       0.14801599       0.15313328
       0.22676013       0.14683590       0.15181707
       0.22577698       0.14566081       0.15050476
       0.22482149       0.14449097       0.14919554
       0.22389420       0.14332681       0.14788874
       0.22299588       0.14216896       0.14658384
       0.22212751       0.14101825       0.14528052
       0.22129035       0.13987573       0.14397862
       0.22048585       0.13874269       0.14267820
       0.21971575       0.13762066       0.14137956
       0.21898203       0.13651143       0.14008324
       0.21828689       0.13541707       0.13879003
       0.21763283       0.13433991       0.13750103
       0.21702257       0.13328258       0.13621762
       0.21645907       0.13224801       0.13494150
       0.21594556       0.13123942       0.13367472
       0.21548548       0.13026035       0.13241967
       0.21508249       0.12931465       0.13117911
       0.21474049       0.12840648       0.12995619
       0.21446354       0.12754032       0.12875444
       0.21425590       0.12672093       0.12757781
       0.21412198       0.12595341       0.12643066
       0.21406632       0.12524313       0.12531775
       0.21409358       0.12459574       0.12424429
       0.21420847       0.12401715       0.12321588
       0.21441576       0.12351350       0.12223854
       0.21472023       0.12309116       0.12131870
       0.21512662       0.12275667       0.12046314
       0.21563960       0.12251672       0.11967904
       0.21626373       0.12237811       0.11897388
       0.21700341       0.12234770       0.11835546
       0.21786280       0.12243238       0.11783182
       0.21884585       0.12263899       0.11741122
       0.21995616       0.12297427       0.11710205
       0.22119702       0.12344484       0.11691282
       0.22257126       0.12405708       0.11685204
       0.22408132       0.12481708       0.11692819
       0.22572910       0.12573061       0.11714960
       0.22751597       0.12680298       0.11752439
       0.22944275       0.12803905       0.11806037
       0.23150962       0.12944311       0.11876494
       0.23371614       0.13101882       0.11964504
       0.23606119       0.13276917       0.12070698
       0.23854300       0.13469637       0.12195642
       0.24115910       0.13680188       0.12339820
       0.24390633       0.13908626       0.12503634
       0.24678085       0.14154921       0.12687388
       0.24977818       0.14418949       0.12891285
       0.25289317       0.14700493       0.13115415
       0.25612009       0.14999239       0.13359756
       0.25945265       0.15314775       0.13624164
       0.26288405       0.15646596       0.13908372
       0.26640704       0.15994102       0.14211987
       0.27001400       0.16356604       0.14534490
       0.27369700       0.16733327       0.14875235
