-0.004336362099999999
0.01634520899999999
0.0368004
0.056164169
0.073600167
0.08831907100000001
0.09959403599999999
0.10677253
0.10928418
0.10664472
0.098456291
0.084405146
0.06425757199999999
0.037855512
0.005113221799999999
-0.033983578
-0.07937466599999999
-0.13091721
-0.18837161
-0.2513808599999999
-0.31944316
-0.39187875
-0.46779224
-0.5460331
-0.62515819
-0.7034014299999999
-0.77865717
-0.84848488
-0.91014332
-0.96066185
-0.99695485
-1.015981599999999
-1.0149486
-0.9915436500000001
-0.94418464
-0.8722560700000001
-0.77630314
-0.65815072
-0.52091924
-0.36891983
-0.20742671
-0.042342972
0.12020656
0.27430915
0.41467364
0.53696851
0.63805397
0.71609026
0.77052338
0.8019650499999999
0.81199467
0.80291573
0.77749811
0.73873249
0.68961558
0.6329771
0.5713525
0.50690004
0.44135736
0.37603105
0.3118122899999999
0.24921181
0.18840876
0.1293088199999999
0.071608189
0.01486087099999999
-0.04145262899999999
-0.09785654299999999
-0.15481217
-0.21265241
-0.2715196699999999
-0.33130878
-0.39161692
-0.45170335
-0.51046233
-0.56641377
-0.61771626
-0.66220787
-0.6974793
-0.72098269
-0.73017667
-0.72270395
-0.69659294
-0.65046842
-0.58375125
-0.4968228
-0.39112912
-0.26920291
-0.1345892499999999
0.008327526499999999
0.1545844
0.29896307
0.43634145
0.56203399
0.67208334
0.76347433
0.83425327
0.8835495399999999
0.91150922
0.9191598700000001
0.90823071
0.88095297
0.8398625300000001
0.78762169
0.72687109
0.66011659
0.58965177
0.51751234
0.44545756
0.37497202
0.30728166
0.24337838
0.18404827
0.12990003
0.08139078599999999
0.03884770399999999
0.002484619599999999
-0.027586493
-0.05134874199999999
-0.06887741899999999
-0.080339843
-0.085996661
-0.086203267
-0.081410067
-0.07216048099999999
-0.059085856
-0.04289679099999999
-0.024370762