  3.414576447565915E-002
  1.974996929258945E-002
  1.003248401089854E-002
  4.171307792303902E-003
  1.229855580710021E-003
  1.852505920884125E-004
 -4.132575207797097E-005
 -5.528021981216040E-004
 -2.443711133448488E-003
 -6.767919585913799E-003
 -1.450747297569790E-002
 -2.654325293158533E-002
 -4.362786872395922E-002
 -6.636086022255128E-002
 -9.516594997114725E-002
 -0.130269810443268     
 -0.171681676331733     
 -0.219173189748818     
 -0.272258163695946     
 -0.330172511654057     
 -0.391855417744127     
 -0.455933876756059     
 -0.520713935142307     
 -0.584183174694476     
 -0.644029996113883     
 -0.697685809538736     
 -0.742396002039107     
 -0.775324197540362     
 -0.793691586134750     
 -0.794948879092987     
 -0.776972932578683     
 -0.738273855767364     
 -0.678192480108933     
 -0.597063756545022     
 -0.496320407351970     
 -0.378514152990651     
 -0.247239516366048     
 -0.106956976815380     
  3.727364640006829E-002
  0.180124892027419     
  0.316363146644107     
  0.441199638217902     
  0.550592416315566     
  0.641468926164223     
  0.711851389553427     
  0.760881532302720     
  0.788754383914097     
  0.796580684460917     
  0.786202700474003     
  0.759988950402052     
  0.720630344089596     
  0.670954909659965     
  0.613772043754226     
  0.551751263205456     
  0.487335543714755     
  0.422685872089976     
  0.359651639435340     
  0.299760763867627     
  0.244223642116341     
  0.193945856894684     
  0.149545712762831     
  0.111373900442218     
  7.953372895695655E-002
  5.390130913545012E-002
  3.414576445027590E-002
  1.974996926669646E-002
  1.003248398483001E-002
  4.171307766416943E-003
  1.229855555369880E-003
  1.852505676523312E-004
 -4.132577527700425E-005
 -5.528022197899170E-004
 -2.443711153344409E-003
 -6.767919603857005E-003
 -1.450747299157482E-002
 -2.654325294535042E-002
 -4.362786873563226E-002
 -6.636086023221133E-002
 -9.516594997892402E-002
 -0.130269810449331     
 -0.171681676336283     
 -0.219173189752073     
 -0.272258163698132     
 -0.330172511655402     
 -0.391855417744851     
 -0.455933876756368     
 -0.520713935142390     
 -0.584183174694503     
 -0.644029996113998     
 -0.697685809539059     
 -0.742396002039732     
 -0.775324197541353     
 -0.793691586136146     
 -0.794948879094797     
 -0.776972932580891     
 -0.738273855769930     
 -0.678192480111794     
 -0.597063756548100     
 -0.496320407355170     
 -0.378514152993873     
 -0.247239516369187     
 -0.106956976818328     
  3.727364639741566E-002
  0.180124892025160     
  0.316363146642333     
  0.441199638216696     
  0.550592416315002     
  0.641468926164365     
  0.711851389554334     
  0.760881532304445     
  0.788754383916688     
  0.796580684464424     
  0.786202700478476     
  0.759988950407544     
  0.720630344096170     
  0.670954909667687     
  0.613772043763168     
  0.551751263215697     
  0.487335543726373     
  0.422685872103046     
  0.359651639449927     
  0.299760763883777     
  0.244223642134075     
  0.193945856913992     
  0.149545712783658     
  0.111373900464463     
  7.953372898046827E-002
  5.390130916002476E-002
