0.66606533
0.7111413899999999
0.73642518
0.74296577
0.73248241
0.70717806
0.66955406
0.6222413000000001
0.56785757
0.50889556
0.44764195
0.38612451
0.32608266
0.26895627
0.2158872699999999
0.1677297
0.12506475
0.08821808999999999
0.057278373
0.032116021
0.012402446
-0.0023699704
-0.012866609
-0.01988758599999999
-0.024342663
-0.02722408499999999
-0.029577624
-0.032472366
-0.03696996899999999
-0.04409417
-0.05480127399999999
-0.06995214299999999
-0.090285946
-0.1163956
-0.1487044999999999
-0.18744392
-0.23263036
-0.2840421599999999
-0.34119523
-0.4033180599999999
-0.46932748
-0.5378074999999999
-0.6069950300000001
-0.67477775
-0.73871034
-0.7960563600000001
-0.8438624400000001
-0.8790702299999999
-0.8986686999999999
-0.89988391
-0.88039792
-0.8385805400000001
-0.77371093
-0.68616127
-0.57751262
-0.4505770799999999
-0.30930922
-0.15860334
-0.0039899216
0.14873965
0.29393876
0.42649526
0.54216128
0.6377897
0.7114586
0.7624819600000001
0.7913197699999999
0.7994113
0.78896049
0.7627024200000001
0.7236755
0.67501759
0.6197968999999999
0.56088208
0.50085046
0.44193029
0.3859706099999999
0.33443249
0.28839542
0.24857399
0.21534135
0.18875694
0.16859716
0.15438851
0.14544273
0.14089402
0.13973804
0.14087217
0.14313622
0.14535254
0.14636435
0.14507096
0.14045889
0.1316282699999999
0.11781404
0.098402292
0.07294251599999999
0.041156654
0.0029465148
-0.041599101
-0.09219622299999999
-0.14835552
-0.20936973
-0.27429918
-0.34195674
-0.4108949
-0.47939856
-0.54548834
-0.6069399899999999
-0.66132572
-0.7060826
-0.73861194
-0.75641023
-0.7572287
-0.73925293
-0.70128873
-0.64293546
-0.5647244999999999
-0.46820034
-0.3559250099999999
-0.23139416
-0.09886375400000001
0.036901174
0.17093227
0.29838618
0.41485947
0.51665678
0.60098594