       0.45706609       0.34861888       0.33617202
       0.45948025       0.35077584       0.33910405
       0.46173379       0.35281668       0.34197502
       0.46381576       0.35473148       0.34477420
       0.46571541       0.35650996       0.34749009
       0.46742229       0.35814154       0.35011047
       0.46892631       0.35961533       0.35262246
       0.47021782       0.36092024       0.35501258
       0.47128768       0.36204500       0.35726677
       0.47212735       0.36297820       0.35937049
       0.47272895       0.36370835       0.36130874
       0.47308534       0.36422394       0.36306612
       0.47319020       0.36451343       0.36462688
       0.47303808       0.36456536       0.36597495
       0.47262449       0.36436833       0.36709400
       0.47194597       0.36391108       0.36796743
       0.47100016       0.36318252       0.36857843
       0.46978589       0.36217173       0.36890996
       0.46830326       0.36086809       0.36894478
       0.46655374       0.35926121       0.36866542
       0.46454027       0.35734108       0.36805421
       0.46226741       0.35509810       0.36709325
       0.45974141       0.35252312       0.36576439
       0.45697044       0.34960759       0.36404926
       0.45396469       0.34634362       0.36192923
       0.45073662       0.34272417       0.35938547
       0.44730118       0.33874321       0.35639895
       0.44367603       0.33439595       0.35295057
       0.43988185       0.32967910       0.34902125
       0.43594264       0.32459125       0.34459212
       0.43188607       0.31913326       0.33964485
       0.42774383       0.31330877       0.33416200
       0.42355203       0.30712484       0.32812758
       0.41935159       0.30059266       0.32152777
       0.41518862       0.29372836       0.31435189
       0.41111477       0.28655404       0.30659355
       0.40718752       0.27909886       0.29825222
       0.40347035       0.27140026       0.28933509
       0.40003279       0.26350527       0.27985937
       0.39695018       0.25547195       0.26985494
       0.39430319       0.24737069       0.25936748
       0.39217693       0.23928550       0.24846198
       0.39065950       0.23131503       0.23722637
       0.38984005       0.22357314       0.22577538
       0.38980614       0.21618884       0.21425398
       0.39064026       0.20930536       0.20284022
       0.39241576       0.20307796       0.19174675
       0.39519199       0.19767046       0.18122036
       0.39900892       0.19324996       0.17153885
       0.40388159       0.18997999       0.16300432
       0.40979464       0.18801191       0.15593251
       0.41669766       0.18747511       0.15063781
       0.42450180       0.18846640       0.14741431
       0.43307848       0.19103979       0.14651395
       0.44226059       0.19519749       0.14812343
       0.45184672       0.20088361       0.15234263
       0.46160842       0.20798161       0.15916718
       0.47130024       0.21631635       0.16847820
       0.48067173       0.22566097       0.18004140
       0.48948055       0.23574847       0.19351657
       0.49750525       0.24628668       0.20847712
       0.50455658       0.25697531       0.22443749
       0.51048623       0.26752318       0.24088542
       0.51519224       0.27766380       0.25731511
       0.51862088       0.28716790       0.27325753
       0.52076509       0.29585196       0.28830484
       0.52166007       0.30358247       0.30212716
       0.52137680       0.31027603       0.31448099
       0.52001431       0.31589615       0.32520990
       0.51769157       0.32044751       0.33423897
       0.51453967       0.32396879       0.34156462
       0.51069484       0.32652485       0.34724188
       0.50629251       0.32819905       0.35137075
       0.50146269       0.32908631       0.35408282
       0.49632651       0.32928704       0.35552936
       0.49099400       0.32890227       0.35587103
       0.48556273       0.32802990       0.35526972
       0.48011734       0.32676198       0.35388236
       0.47472960       0.32518289       0.35185647
       0.46945902       0.32336830       0.34932729
       0.46435359       0.32138472       0.34641619
       0.45945091       0.31928948       0.34322996
       0.45477920       0.31713106       0.33986091
       0.45035850       0.31494957       0.33638739
       0.44620171       0.31277748       0.33287472
       0.44231570       0.31064027       0.32937625
       0.43870219       0.30855723       0.32593451
       0.43535871       0.30654216       0.32258247
       0.43227929       0.30460411       0.31934461
       0.42945523       0.30274801       0.31623811
       0.42687564       0.30097525       0.31327381
       0.42452803       0.29928430       0.31045715
       0.42239868       0.29767110       0.30778902
       0.42047309       0.29612956       0.30526645
       0.41873628       0.29465192       0.30288332
       0.41717309       0.29322905       0.30063087
       0.41576837       0.29185078       0.29849820
       0.41450723       0.29050612       0.29647271
       0.41337517       0.28918347       0.29454041
       0.41235824       0.28787082       0.29268624
       0.41144316       0.28655591       0.29089431
       0.41061743       0.28522633       0.28914810
       0.40986942       0.28386969       0.28743065
       0.40918844       0.28247371       0.28572465
       0.40856486       0.28102630       0.28401261
       0.40799019       0.27951569       0.28227690
       0.40745712       0.27793052       0.28049988
       0.40695969       0.27625996       0.27866395
       0.40649328       0.27449379       0.27675167
       0.40605484       0.27262258       0.27474580
       0.40564289       0.27063780       0.27262944
       0.40525770       0.26853201       0.27038618
       0.40490141       0.26629909       0.26800024
       0.40457814       0.26393442       0.26545671
       0.40429417       0.26143520       0.26274181
       0.40405799       0.25880072       0.25984324
       0.40388052       0.25603272       0.25675055
       0.40377513       0.25313580       0.25345573
       0.40375777       0.25011776       0.24995371
       0.40384695       0.24699016       0.24624311
       0.40406375       0.24376867       0.24232704
       0.40443172       0.24047363       0.23821402
       0.40497661       0.23713043       0.23391893
       0.40572613       0.23376996       0.22946416
       0.40670939       0.23042892       0.22488065
       0.40795633       0.22714998       0.22020903
       0.40949683       0.22398183       0.21550058
       0.41135971       0.22097893       0.21081808
       0.41357146       0.21820098       0.20623628
       0.41615479       0.21571204       0.20184198
       0.41912706       0.21357920       0.19773348
       0.42249847       0.21187086       0.19401927
       0.42627030       0.21065445       0.19081582
       0.43043316       0.20999384       0.18824438
       0.43496547       0.20994626       0.18642669
       0.43983215       0.21055909       0.18547978
       0.44498392       0.21186653       0.18550989
       0.45035709       0.21388649       0.18660590
       0.45587424       0.21661794       0.18883276
       0.46144558       0.22003892       0.19222531
       0.46697122       0.22410565       0.19678328
       0.47234418       0.22875268       0.20246794
       0.47745406       0.23389444       0.20920094
       0.48219109       0.23942796       0.21686561
       0.48645036       0.24523679       0.22531086
       0.49013586       0.25119568       0.23435741
       0.49316410       0.25717587       0.24380586
       0.49546709       0.26305039       0.25344600
       0.49699433       0.26869911       0.26306653
       0.49771399       0.27401312       0.27246432
       0.49761297       0.27889816       0.28145264
       0.49669615       0.28327706       0.28986775
       0.49498487       0.28709097       0.29757343
       0.49251481       0.29029955       0.30446364
       0.48933353       0.29288025       0.31046308
       0.48549778       0.29482690       0.31552616
       0.48107092       0.29614768       0.31963464
       0.47612038       0.29686290       0.32279434
       0.47071538       0.29700255       0.32503131
       0.46492504       0.29660400       0.32638782
       0.45881677       0.29570978       0.32691838
       0.45245499       0.29436561       0.32668615
       0.44590023       0.29261870       0.32575961
       0.43920850       0.29051640       0.32420979
       0.43243091       0.28810503       0.32210806
       0.42561354       0.28542909       0.31952426
       0.41879739       0.28253061       0.31652541
       0.41201857       0.27944878       0.31317470
       0.40530851       0.27621969       0.30953094
       0.39869424       0.27287622       0.30564813
       0.39219875       0.26944807       0.30157537
       0.38584130       0.26596179       0.29735684
       0.37963782       0.26244097       0.29303200
       0.37360122       0.25890638       0.28863577
       0.36774176       0.25537613       0.28419881
       0.36206733       0.25186596       0.27974789
       0.35658376       0.24838934       0.27530613
       0.35129506       0.24495778       0.27089342
       0.34620370       0.24158095       0.26652666
       0.34131080       0.23826687       0.26222010
       0.33661632       0.23502213       0.25798565
       0.33211925       0.23185201       0.25383308
       0.32781774       0.22876065       0.24977032
       0.32370925       0.22575114       0.24580365
       0.31979066       0.22282570       0.24193790
       0.31605838       0.21998575       0.23817665
       0.31250842       0.21723200       0.23452233
       0.30913649       0.21456457       0.23097645
       0.30593806       0.21198305       0.22753962
       0.30290841       0.20948657       0.22421176
       0.30004270       0.20707385       0.22099212
       0.29733599       0.20474329       0.21787942
       0.29478331       0.20249300       0.21487189
       0.29237969       0.20032083       0.21196736
       0.29012015       0.19822444       0.20916330
       0.28799978       0.19620133       0.20645691
       0.28601375       0.19424888       0.20384511
       0.28415731       0.19236436       0.20132465
       0.28242585       0.19054497       0.19889209
       0.28081488       0.18878790       0.19654389
       0.27932007       0.18709032       0.19427640
       0.27793726       0.18544940       0.19208592
       0.27666248       0.18386239       0.18996871
       0.27549194       0.18232658       0.18792104
       0.27442209       0.18083936       0.18593922
       0.27344959       0.17939824       0.18401960
       0.27257134       0.17800088       0.18215864
       0.27178447       0.17664511       0.18035289
       0.27108640       0.17532892       0.17859908
       0.27047478       0.17405054       0.17689411
       0.26994754       0.17280845       0.17523508
       0.26950288       0.17160137       0.17361936
       0.26913929       0.17042832       0.17204458
       0.26885551       0.16928862       0.17050870
       0.26865057       0.16818193       0.16901002
       0.26852377       0.16710827       0.16754723
       0.26847466       0.16606803       0.16611948
       0.26850303       0.16506200       0.16472633
       0.26860893       0.16409135       0.16336789
       0.26879258       0.16315772       0.16204478
       0.26905442       0.16226312       0.16075822
       0.26939500       0.16141006       0.15951001
       0.26981501       0.16060142       0.15830258
       0.27031522       0.15984054       0.15713904
       0.27089639       0.15913118       0.15602316
       0.27155928       0.15847745       0.15495936
       0.27230454       0.15788385       0.15395277
       0.27313265       0.15735518       0.15300915
       0.27404390       0.15689649       0.15213489
       0.27503823       0.15651306       0.15133698
       0.27611522       0.15621028       0.15062291
       0.27727400       0.15599356       0.15000060
       0.27851314       0.15586830       0.14947833
       0.27983059       0.15583969       0.14906459
       0.28122363       0.15591269       0.14876791
       0.28268878       0.15609182       0.14859676
       0.28422174       0.15638110       0.14855934
       0.28581736       0.15678390       0.14866337
       0.28746960       0.15730280       0.14891589
       0.28917154       0.15793949       0.14932307
       0.29091535       0.15869464       0.14988996
       0.29269235       0.15956782       0.15062030
       0.29449308       0.16055737       0.15151632
       0.29630729       0.16166044       0.15257856
       0.29812416       0.16287282       0.15380571
       0.29993233       0.16418907       0.15519452
       0.30172007       0.16560244       0.15673969
       0.30347544       0.16710498       0.15843389
       0.30518649       0.16868761       0.16026774
       0.30684141       0.17034024       0.16222993
       0.30842872       0.17205192       0.16430732
       0.30993748       0.17381101       0.16648516
       0.31135746       0.17560536       0.16874729
       0.31267932       0.17742251       0.17107643
       0.31389476       0.17924995       0.17345449
       0.31499667       0.18107526       0.17586286
       0.31597920       0.18288639       0.17828279
       0.31683791       0.18467179       0.18069574
       0.31756978       0.18642067       0.18308363
       0.31817322       0.18812309       0.18542926
       0.31864813       0.18977015       0.18771650
       0.31899582       0.19135406       0.18993057
       0.31921897       0.19286823       0.19205827
       0.31932152       0.19430735       0.19408808
       0.31930863       0.19566736       0.19601033
       0.31918649       0.19694549       0.19781722
       0.31896225       0.19814018       0.19950288
       0.31864385       0.19925108       0.20106331
       0.31823989       0.20027892       0.20249635
       0.31775946       0.20122548       0.20380160
       0.31721203       0.20209342       0.20498024
       0.31660730       0.20288623       0.20603498
       0.31595505       0.20360809       0.20696984
       0.31526504       0.20426375       0.20779001
       0.31454688       0.20485842       0.20850168
       0.31380993       0.20539766       0.20911188
       0.31306324       0.20588724       0.20962827
       0.31231542       0.20633309       0.21005904
       0.31157459       0.20674116       0.21041269
       0.31084836       0.20711735       0.21069796
       0.31014372       0.20746744       0.21092362
       0.30946707       0.20779700       0.21109840
       0.30882417       0.20811134       0.21123088
       0.30822008       0.20841546       0.21132937
       0.30765925       0.20871400       0.21140185
       0.30714543       0.20901122       0.21145589
       0.30668171       0.20931095       0.21149860
       0.30627053       0.20961658       0.21153657
       0.30591373       0.20993104       0.21157587
       0.30561249       0.21025682       0.21162195
       0.30536744       0.21059593       0.21167972
       0.30517862       0.21094991       0.21175344
       0.30504556       0.21131985       0.21184680
       0.30496728       0.21170639       0.21196286
       0.30494233       0.21210975       0.21210410
       0.30496881       0.21252969       0.21227241
       0.30504444       0.21296560       0.21246912
       0.30516655       0.21341648       0.21269500
       0.30533212       0.21388096       0.21295031
       0.30553785       0.21435732       0.21323479
       0.30578013       0.21484353       0.21354774
       0.30605512       0.21533726       0.21388797
       0.30635877       0.21583588       0.21425389
       0.30668681       0.21633652       0.21464352
       0.30703484       0.21683608       0.21505452
       0.30739829       0.21733122       0.21548417
       0.30777249       0.21781841       0.21592949
       0.30815267       0.21829395       0.21638716
       0.30853400       0.21875396       0.21685361
       0.30891159       0.21919441       0.21732502
       0.30928051       0.21961114       0.21779732
       0.30963586       0.21999987       0.21826624
       0.30997270       0.22035621       0.21872729
       0.31028614       0.22067564       0.21917580
       0.31057133       0.22095359       0.21960689
       0.31082350       0.22118539       0.22001551
       0.31103796       0.22136630       0.22039646
       0.31121010       0.22149150       0.22074432
       0.31133548       0.22155613       0.22105354
       0.31140978       0.22155528       0.22131838
       0.31142888       0.22148400       0.22153292
       0.31138885       0.22133731       0.22169108
       0.31128602       0.22111022       0.22178659
       0.31111696       0.22079771       0.22181301
       0.31087858       0.22039482       0.22176371
       0.31056813       0.21989660       0.22163189
       0.31018324       0.21929815       0.22141057
       0.30972199       0.21859466       0.22109259
       0.30918297       0.21778145       0.22067064
       0.30856531       0.21685399       0.22013724
       0.30786878       0.21580793       0.21948481
       0.30709382       0.21463919       0.21870563
       0.30624164       0.21334402       0.21779192
       0.30531428       0.21191901       0.21673588
       0.30431474       0.21036125       0.21552973
       0.30324700       0.20866836       0.21416580
       0.30211617       0.20683865       0.21263658
       0.30092858       0.20487117       0.21093485
       0.29969184       0.20276590       0.20905381
       0.29841497       0.20052389       0.20698722
       0.29710853       0.19814739       0.20472957
       0.29578465       0.19564007       0.20227628
       0.29445715       0.19300719       0.19962399
       0.29314162       0.19025584       0.19677080
       0.29185549       0.18739514       0.19371659
       0.29061804       0.18443650       0.19046343
       0.28945040       0.18139385       0.18701595
       0.28837557       0.17828389       0.18338182
       0.28741829       0.17512634       0.17957223
       0.28660494       0.17194412       0.17560246
       0.28596331       0.16876360       0.17149238
       0.28552232       0.16561468       0.16726708
       0.28531168       0.16253090       0.16295735
       0.28536137       0.15954939       0.15860020
       0.28570112       0.15671076       0.15423928
       0.28635964       0.15405880       0.14992514
       0.28736392       0.15164005       0.14571529
       0.28873827       0.14950315       0.14167403
       0.29050337       0.14769802       0.13787197
       0.29267523       0.14627473       0.13438510
       0.29526418       0.14528230       0.13129347
       0.29827383       0.14476716       0.12867944
       0.30170015       0.14477150       0.12662532
       0.30553077       0.14533157       0.12521073
       0.30974440       0.14647589       0.12450941
       0.31431067       0.14822356       0.12458595
       0.31919022       0.15058282       0.12549234
       0.32433531       0.15354983       0.12726474
       0.32969072       0.15710800       0.12992062
       0.33519518       0.16122777       0.13345661
       0.34078314       0.16586702       0.13784722
       0.34638675       0.17097214       0.14304468
       0.35193814       0.17647960       0.14897991
       0.35737169       0.18231816       0.15556475
       0.36262626       0.18841139       0.16269524
       0.36764715       0.19468045       0.17025574
       0.37238782       0.20104695       0.17812374
       0.37681108       0.20743564       0.18617478
       0.38088990       0.21377683       0.19428739
       0.38460767       0.22000840       0.20234753
       0.38795798       0.22607725       0.21025235
       0.39094400       0.23194023       0.21791306
       0.39357747       0.23756450       0.22525683
       0.39587751       0.24292736       0.23222765
       0.39786916       0.24801570       0.23878636
       0.39958195       0.25282500       0.24490977
       0.40104841       0.25735821       0.25058927
       0.40230274       0.26162442       0.25582888
       0.40337955       0.26563747       0.26064310
       0.40431285       0.26941466       0.26505466
       0.40513513       0.27297550       0.26909226
       0.40587679       0.27634060       0.27278853
       0.40656560       0.27953074       0.27617808
       0.40722643       0.28256612       0.27929601
       0.40788118       0.28546577       0.28217651
       0.40854867       0.28824714       0.28485193
       0.40924487       0.29092584       0.28735202
       0.40998297       0.29351552       0.28970347
       0.41077373       0.29602783       0.29192968
       0.41162565       0.29847252       0.29405071
       0.41254535       0.30085755       0.29608336
       0.41353781       0.30318928       0.29804141
       0.41460667       0.30547270       0.29993592
       0.41575446       0.30771161       0.30177557
       0.41698286       0.30990885       0.30356703
       0.41829286       0.31206656       0.30531536
       0.41968496       0.31418627       0.30702436
       0.42115922       0.31626916       0.30869695
       0.42271544       0.31831614       0.31033540
       0.42435313       0.32032794       0.31194166
       0.42607159       0.32230524       0.31351753
       0.42786986       0.32424868       0.31506484
       0.42974677       0.32615888       0.31658558
       0.43170081       0.32803642       0.31808193
       0.43373014       0.32988184       0.31955634
       0.43583252       0.33169556       0.32101147
       0.43800520       0.33347784       0.32245018
       0.44024488       0.33522868       0.32387545
       0.44254764       0.33694774       0.32529027
       0.44490883       0.33863423       0.32669753
       0.44732307       0.34028684       0.32809988
       0.44978413       0.34190361       0.32949960
       0.45228494       0.34348184       0.33089840
       0.45481751       0.34501797       0.33229730
       0.45737292       0.34650752       0.33369645
       0.45994135       0.34794498       0.33509495
       0.46251204       0.34932369       0.33649071
       0.46507335       0.35063585       0.33788027
       0.46761278       0.35187237       0.33925866
       0.47011704       0.35302285       0.34061923
       0.47257216       0.35407557       0.34195354
       0.47496352       0.35501737       0.34325120
       0.47727606       0.35583375       0.34449976
       0.47949436       0.35650877       0.34568460
       0.48160280       0.35702510       0.34678885
       0.48358581       0.35736409       0.34779325
       0.48542804       0.35750577       0.34867612
       0.48711458       0.35742894       0.34941329
       0.48863129       0.35711130       0.34997803
       0.48996505       0.35652956       0.35034103
       0.49110414       0.35565960       0.35047040
       0.49203856       0.35447670       0.35033166
       0.49276051       0.35295581       0.34988782
       0.49326479       0.35107185       0.34909942
       0.49354936       0.34880013       0.34792472
       0.49361587       0.34611681       0.34631991
       0.49347030       0.34299953       0.34423939
       0.49312360       0.33942812       0.34163631
       0.49259246       0.33538546       0.33846311
       0.49190002       0.33085857       0.33467245
       0.49107673       0.32583983       0.33021835
       0.49016110       0.32032850       0.32505770
       0.48920050       0.31433243       0.31915227
       0.48825184       0.30787006       0.31247128
       0.48738215       0.30097270       0.30499463
       0.48666880       0.29368695       0.29671687
       0.48619952       0.28607739       0.28765204
       0.48607171       0.27822917       0.27783940
       0.48639118       0.27025054       0.26734984
       0.48726998       0.26227491       0.25629294
       0.48882305       0.25446209       0.24482417
       0.49116372       0.24699825       0.23315160
       0.49439769       0.24009406       0.22154101
       0.49861579       0.23398050       0.21031836
       0.50388534       0.22890158       0.19986774
       0.51024093       0.22510392       0.19062340
       0.51767490       0.22282290       0.18305414
       0.52612888       0.22226594       0.17763931
       0.53548731       0.22359393       0.17483648
       0.54557442       0.22690266       0.17504261
       0.55615583       0.23220636       0.17855218
       0.56694550       0.23942615       0.18551759
       0.57761829       0.24838565       0.19591791
       0.58782739       0.25881547       0.20954224
       0.59722503       0.27036705       0.22599189
       0.60548441       0.28263468       0.24470309
       0.61232014       0.29518334       0.26498804
       0.61750497       0.30757872       0.28608880
       0.62088096       0.31941574       0.30723656
       0.62236425       0.33034227       0.32770784
       0.62194351       0.34007570       0.34687079
       0.61967310       0.34841149       0.36421708
       0.61566228       0.35522409       0.37937785
       0.61006235       0.36046145       0.39212474
       0.60305320       0.36413517       0.40235909
       0.59483071       0.36630806       0.41009311
       0.58559571       0.36708102       0.41542697
       0.57554511       0.36658057       0.41852505
       0.56486534       0.36494782       0.41959377
       0.55372786       0.36232940       0.41886252
       0.54228655       0.35887052       0.41656829
       0.53067655       0.35470992       0.41294409
       0.51901434       0.34997658       0.40821088
       0.50739847       0.34478774       0.40257240
       0.49591091       0.33924810       0.39621236
       0.48461866       0.33344972       0.38929343
       0.47357544       0.32747245       0.38195741
       0.46282344       0.32138481       0.37432629
       0.45239494       0.31524491       0.36650375
       0.44231385       0.30910159       0.35857702
       0.43259702       0.30299545       0.35061869
       0.42325551       0.29695994       0.34268857
       0.41429556       0.29102228       0.33483544
       0.40571954       0.28520437       0.32709865
       0.39752670       0.27952358       0.31950950
       0.38971376       0.27399339       0.31209253
       0.38227553       0.26862406       0.30486661
       0.37520525       0.26342307       0.29784584
       0.36849505       0.25839565       0.29104042
       0.36213618       0.25354507       0.28445727
       0.35611927       0.24887304       0.27810064
       0.35043454       0.24437993       0.27197257
       0.34507196       0.24006502       0.26607330
       0.34002134       0.23592670       0.26040163
       0.33527248       0.23196262       0.25495517
       0.33081521       0.22816983       0.24973058
       0.32663947       0.22454491       0.24472377
       0.32273536       0.22108406       0.23993007
       0.31909315       0.21778315       0.23534433
       0.31570336       0.21463786       0.23096108
       0.31255672       0.21164366       0.22677456
       0.30964424       0.20879594       0.22277885
       0.30695717       0.20608997       0.21896790
       0.30448704       0.20352101       0.21533561
       0.30222566       0.20108430       0.21187583
       0.30016510       0.19877509       0.20858245
       0.29829771       0.19658870       0.20544941
       0.29661613       0.19452050       0.20247071
       0.29511326       0.19256594       0.19964045
       0.29378226       0.19072061       0.19695288
       0.29261658       0.18898020       0.19440237
       0.29160990       0.18734053       0.19198346
       0.29075619       0.18579762       0.18969088
       0.29004965       0.18434762       0.18751954
       0.28948472       0.18298689       0.18546460
       0.28905611       0.18171198       0.18352142
       0.28875873       0.18051966       0.18168564
       0.28858773       0.17940692       0.17995315
       0.28853847       0.17837098       0.17832014
       0.28860651       0.17740932       0.17678310
       0.28878760       0.17651967       0.17533885
       0.28907767       0.17570002       0.17398452
       0.28947280       0.17494863       0.17271763
       0.28996924       0.17426404       0.17153604
       0.29056333       0.17364505       0.17043801
       0.29125154       0.17309075       0.16942216
       0.29203038       0.17260049       0.16848753
       0.29289644       0.17217387       0.16763356
       0.29384633       0.17181075       0.16686008
       0.29487663       0.17151123       0.16616730
       0.29598389       0.17127561       0.16555585
       0.29716458       0.17110437       0.16502670
       0.29841505       0.17099816       0.16458116
       0.29973150       0.17095776       0.16422086
       0.30110993       0.17098402       0.16394769
       0.30254614       0.17107781       0.16376378
       0.30403563       0.17124002       0.16367138
       0.30557363       0.17147144       0.16367290
       0.30715503       0.17177278       0.16377072
       0.30877436       0.17214452       0.16396718
       0.31042578       0.17258692       0.16426449
       0.31210305       0.17309992       0.16466459
       0.31379953       0.17368311       0.16516908
       0.31550816       0.17433563       0.16577914
       0.31722151       0.17505616       0.16649539
       0.31893173       0.17584284       0.16731781
       0.32063066       0.17669323       0.16824563
       0.32230980       0.17760431       0.16927728
       0.32396040       0.17857242       0.17041030
       0.32557348       0.17959325       0.17164126
       0.32713994       0.18066187       0.17296574
       0.32865062       0.18177276       0.17437830
       0.33009636       0.18291977       0.17587251
       0.33146813       0.18409623       0.17744090
       0.33275709       0.18529498       0.17907507
       0.33395471       0.18650845       0.18076572
       0.33505284       0.18772872       0.18250275
       0.33604380       0.18894762       0.18427537
       0.33692052       0.19015686       0.18607222
       0.33767654       0.19134805       0.18788149
       0.33830613       0.19251289       0.18969111
       0.33880436       0.19364321       0.19148889
       0.33916710       0.19473109       0.19326265
       0.33939111       0.19576898       0.19500044
       0.33947402       0.19674973       0.19669062
       0.33941439       0.19766672       0.19832208
       0.33921165       0.19851389       0.19988431
       0.33886612       0.19928583       0.20136753
       0.33837898       0.19997779       0.20276284
       0.33775221       0.20058571       0.20406220
       0.33698857       0.20110629       0.20525861
       0.33609154       0.20153691       0.20634605
       0.33506522       0.20187569       0.20731956
       0.33391433       0.20212147       0.20817522
       0.33264408       0.20227374       0.20891014
       0.33126012       0.20233264       0.20952245
       0.32976849       0.20229891       0.21001123
       0.32817549       0.20217387       0.21037646
       0.32648769       0.20195932       0.21061898
       0.32471181       0.20165753       0.21074040
       0.32285464       0.20127117       0.21074305
       0.32092306       0.20080325       0.21062988
       0.31892391       0.20025711       0.21040437
       0.31686397       0.19963629       0.21007050
       0.31474992       0.19894456       0.20963264
       0.31258831       0.19818582       0.20909549
       0.31038552       0.19736410       0.20846400
       0.30814770       0.19648347       0.20774330
       0.30588082       0.19554804       0.20693868
       0.30359057       0.19456194       0.20605550
       0.30128240       0.19352924       0.20509914
       0.29896151       0.19245397       0.20407497
       0.29663280       0.19134007       0.20298831
       0.29430091       0.19019139       0.20184440
       0.29197019       0.18901167       0.20064835
       0.28964475       0.18780452       0.19940514
       0.28732838       0.18657342       0.19811960
       0.28502463       0.18532170       0.19679639
       0.28273679       0.18405254       0.19543995
       0.28046789       0.18276898       0.19405456
       0.27822073       0.18147390       0.19264429
       0.27599786       0.18017001       0.19121299
       0.27380162       0.17885990       0.18976433
       0.27163413       0.17754597       0.18830175
       0.26949732       0.17623051       0.18682849
       0.26739293       0.17491563       0.18534761
       0.26532251       0.17360333       0.18386196
       0.26328744       0.17229545       0.18237418
       0.26128897       0.17099372       0.18088676
       0.25932817       0.16969974       0.17940200
       0.25740602       0.16841499       0.17792203
       0.25552332       0.16714084       0.17644881
       0.25368080       0.16587856       0.17498415
       0.25187907       0.16462932       0.17352974
       0.25011864       0.16339419       0.17208710
       0.24839994       0.16217417       0.17065763
       0.24672331       0.16097016       0.16924263
       0.24508903       0.15978301       0.16784326
       0.24349732       0.15861348       0.16646059
       0.24194834       0.15746229       0.16509559
       0.24044219       0.15633009       0.16374915
       0.23897894       0.15521749       0.16242206
       0.23755862       0.15412505       0.16111506
       0.23618124       0.15305328       0.15982880
       0.23484676       0.15200269       0.15856388
       0.23355515       0.15097372       0.15732086
       0.23230634       0.14996681       0.15610022
       0.23110027       0.14898238       0.15490243
       0.22993686       0.14802081       0.15372790
       0.22881602       0.14708250       0.15257703
       0.22773769       0.14616783       0.15145018
       0.22670178       0.14527716       0.15034770
       0.22570822       0.14441088       0.14926991
       0.22475696       0.14356934       0.14821714
       0.22384796       0.14275294       0.14718970
       0.22298117       0.14196206       0.14618790
       0.22215659       0.14119709       0.14521205
       0.22137421       0.14045845       0.14426248
       0.22063405       0.13974657       0.14333951
       0.21993616       0.13906187       0.14244349
       0.21928060       0.13840484       0.14157477
       0.21866744       0.13777594       0.14073372
       0.21809680       0.13717568       0.13992075
       0.21756878       0.13660458       0.13913628
       0.21708354       0.13606320       0.13838074
       0.21664124       0.13555209       0.13765462
       0.21624207       0.13507186       0.13695841
       0.21588622       0.13462312       0.13629265
       0.21557391       0.13420651       0.13565789
       0.21530537       0.13382269       0.13505474
       0.21508085       0.13347235       0.13448382
       0.21490060       0.13315617       0.13394579
       0.21476488       0.13287489       0.13344134
       0.21467395       0.13262924       0.13297119
       0.21462808       0.13241996       0.13253608
       0.21462754       0.13224782       0.13213681
       0.21467257       0.13211356       0.13177417
       0.21476343       0.13201797       0.13144898
       0.21490035       0.13196181       0.13116211
       0.21508355       0.13194584       0.13091441
       0.21531321       0.13197082       0.13070676
       0.21558950       0.13203748       0.13054005
       0.21591255       0.13214655       0.13041517
       0.21628246       0.13229872       0.13033302
       0.21669928       0.13249467       0.13029449
       0.21716302       0.13273502       0.13030044
       0.21767365       0.13302036       0.13035173
       0.21823105       0.13335125       0.13044920
       0.21883507       0.13372816       0.13059364
       0.21948549       0.13415153       0.13078582
       0.22018203       0.13462173       0.13102645
       0.22092431       0.13513904       0.13131619
       0.22171190       0.13570367       0.13165563
       0.22254428       0.13631576       0.13204532
       0.22342086       0.13697535       0.13248569
       0.22434095       0.13768237       0.13297712
       0.22530379       0.13843667       0.13351989
       0.22630852       0.13923799       0.13411416
       0.22735420       0.14008596       0.13476000
       0.22843980       0.14098009       0.13545739
       0.22956420       0.14191977       0.13620614
       0.23072618       0.14290430       0.13700598
       0.23192447       0.14393282       0.13785651
       0.23315767       0.14500438       0.13875716
       0.23442434       0.14611788       0.13970726
       0.23572292       0.14727213       0.14070601
       0.23705179       0.14846578       0.14175244
       0.23840927       0.14969740       0.14284546
       0.23979360       0.15096541       0.14398384
       0.24120295       0.15226814       0.14516622
       0.24263542       0.15360379       0.14639109
       0.24408909       0.15497046       0.14765684
       0.24556194       0.15636616       0.14896170
       0.24705195       0.15778880       0.15030381
       0.24855703       0.15923618       0.15168117
       0.25007505       0.16070605       0.15309170
       0.25160387       0.16219606       0.15453320
       0.25314130       0.16370380       0.15600339
       0.25468514       0.16522679       0.15749991
       0.25623316       0.16676252       0.15902032
       0.25778313       0.16830840       0.16056212
       0.25933278       0.16986182       0.16212277
       0.26087985       0.17142013       0.16369966
       0.26242206       0.17298066       0.16529017
       0.26395713       0.17454071       0.16689163
       0.26548277       0.17609757       0.16850137
       0.26699667       0.17764852       0.17011671
       0.26849654       0.17919085       0.17173497
       0.26998005       0.18072183       0.17335346
       0.27144488       0.18223874       0.17496951
       0.27288871       0.18373888       0.17658049
       0.27430918       0.18521955       0.17818375
       0.27570393       0.18667804       0.17977669
       0.27707059       0.18811170       0.18135673
       0.27840674       0.18951784       0.18292133
       0.27970997       0.19089381       0.18446796
       0.28097781       0.19223697       0.18599411
       0.28220778       0.19354467       0.18749732
       0.28339735       0.19481428       0.18897512
       0.28454398       0.19604317       0.19042509
       0.28564506       0.19722869       0.19184479
       0.28669794       0.19836820       0.19323179
       0.28769994       0.19945904       0.19458367
       0.28864833       0.20049855       0.19589798
       0.28954033       0.20148403       0.19717226
       0.29037311       0.20241277       0.19840400
       0.29114381       0.20328201       0.19959068
       0.29184953       0.20408898       0.20072970
       0.29248732       0.20483085       0.20181841
       0.29305421       0.20550475       0.20285409
       0.29354719       0.20610778       0.20383393
       0.29396325       0.20663698       0.20475502
       0.29429938       0.20708933       0.20561436
       0.29455255       0.20746179       0.20640883
       0.29471978       0.20775124       0.20713519
       0.29479809       0.20795454       0.20779008
       0.29478459       0.20806848       0.20836998
       0.29467643       0.20808983       0.20887126
       0.29447086       0.20801533       0.20929014
       0.29416527       0.20784170       0.20962268
       0.29375717       0.20756564       0.20986481
       0.29324423       0.20718387       0.21001233
       0.29262435       0.20669311       0.21006087
       0.29189564       0.20609013       0.21000598
       0.29105649       0.20537177       0.20984306
       0.29010557       0.20453493       0.20956740
       0.28904192       0.20357665       0.20917424
       0.28786495       0.20249409       0.20865871
       0.28657449       0.20128459       0.20801594
       0.28517086       0.19994571       0.20724099
       0.28365486       0.19847527       0.20632900
       0.28202790       0.19687136       0.20527512
       0.28029198       0.19513246       0.20407460
       0.27844976       0.19325740       0.20272284
       0.27650463       0.19124552       0.20121544
       0.27446075       0.18909665       0.19954824
       0.27232312       0.18681121       0.19771740
       0.27009759       0.18439028       0.19571947
       0.26779097       0.18183567       0.19355148
       0.26541103       0.17915000       0.19121100
       0.26296659       0.17633681       0.18869628
       0.26046755       0.17340059       0.18600631
       0.25792493       0.17034693       0.18314098
       0.25535090       0.16718260       0.18010117
       0.25275883       0.16391562       0.17688893
       0.25016329       0.16055541       0.17350757
       0.24758008       0.15711283       0.16996189
       0.24502621       0.15360033       0.16625830
       0.24251987       0.15003201       0.16240502
       0.24008042       0.14642371       0.15841225
       0.23772831       0.14279310       0.15429239
       0.23548499       0.13915973       0.15006021
       0.23337282       0.13554505       0.14573307
       0.23141488       0.13197249       0.14133105
       0.22963483       0.12846736       0.13687719
       0.22805668       0.12505687       0.13239759
       0.22670452       0.12177003       0.12792153
       0.22560221       0.11863747       0.12348153
       0.22477309       0.11569128       0.11911340
       0.22423952       0.11296473       0.11485612
       0.22402252       0.11049197       0.11075175
       0.22414130       0.10830758       0.10684515
       0.22461275       0.10644613       0.10318361
       0.22545098       0.10494167       0.09981640
       0.22666679       0.10382701       0.09679412
       0.22826717       0.10313315       0.09416798
       0.23025485       0.10288848       0.09198884
       0.23262784       0.10311806       0.09030628
       0.23537908       0.10384280       0.08916740
       0.23849614       0.10507873       0.08861563
       0.24196100       0.10683623       0.08868949
       0.24575003       0.10911939       0.08942127
       0.24983397       0.11192541       0.09083583
       0.25417814       0.11524417       0.09294945
       0.25874280       0.11905790       0.09576877
       0.26348352       0.12334107       0.09929004
       0.26835188       0.12806041       0.10349849
       0.27329612       0.13317518       0.10836801
       0.27826195       0.13863757       0.11386114
       0.28319352       0.14439337       0.11992933
       0.28803428       0.15038269       0.12651355
       0.29272803       0.15654094       0.13354510
       0.29721987       0.16279985       0.14094678
       0.30145716       0.16908864       0.14863421
       0.30539043       0.17533516       0.15651731
       0.30897417       0.18146712       0.16450199
       0.31216761       0.18741327       0.17249178
       0.31493529       0.19310446       0.18038955
       0.31724759       0.19847477       0.18809921
       0.31908110       0.20346237       0.19552722
       0.32041883       0.20801032       0.20258404
       0.32125039       0.21206725       0.20918539
       0.32157193       0.21558785       0.21525333
       0.32138606       0.21853319       0.22071704
       0.32070168       0.22087093       0.22551348
       0.31953368       0.22257539       0.22958773
       0.31790263       0.22362743       0.23289316
       0.31583442       0.22401430       0.23539134
       0.31335990       0.22372938       0.23705182
       0.31051449       0.22277185       0.23785176
       0.30733789       0.22114635       0.23777536
       0.30387370       0.21886264       0.23681335
       0.30016924       0.21593529       0.23496238
       0.29627534       0.21238342       0.23222440
       0.29224620       0.20823055       0.22860619
       0.28813937       0.20350457       0.22411897
       0.28401575       0.19823780       0.21877818
       0.27993966       0.19246723       0.21260349
       0.27597895       0.18623498       0.20561910
       0.27220509       0.17958884       0.19785434
       0.26869332       0.17258306       0.18934465
       0.26552261       0.16527930       0.18013304
       0.26277562       0.15774768       0.17027189
       0.26053833       0.15006794       0.15982534
       0.25889953       0.14233063       0.14887206
       0.25794984       0.13463818       0.13750840
       0.25778030       0.12710580       0.12585185
       0.25848040       0.11986188       0.11404452
       0.26013547       0.11304785       0.10225636
       0.26282336       0.10681708       0.09068768
       0.26661036       0.10133273       0.07957038
       0.27154659       0.09676407       0.06916719
       0.27766085       0.09328137       0.05976829
       0.28495525       0.09104899       0.05168447
       0.29340011       0.09021702       0.04523638
       0.30292965       0.09091163       0.04073966
       0.31343891       0.09322487       0.03848637
       0.32478281       0.09720474       0.03872363
       0.33677764       0.10284672       0.04163136
       0.34920550       0.11008777       0.04730151
       0.36182162       0.11880420       0.05572155
       0.37436439       0.12881386       0.06676496
       0.38656729       0.13988313       0.08019086
       0.39817171       0.15173829       0.09565362
       0.40893963       0.16408026       0.11272206
       0.41866463       0.17660123       0.13090628
       0.42718056       0.18900143       0.14968896
       0.43436694       0.20100437       0.16855753
       0.44015095       0.21236906       0.18703352
       0.44450613       0.22289848       0.20469632
       0.44744833       0.23244390       0.22119959
       0.44902966       0.24090524       0.23627960
       0.44933120       0.24822828       0.24975641
       0.44845536       0.25439942       0.26152876
       0.44651850       0.25943903       0.27156484
       0.44364423       0.26339417       0.27989043
       0.43995780       0.26633149       0.28657614
       0.43558163       0.26833061       0.29172496
       0.43063201       0.26947857       0.29546106
       0.42521683       0.26986515       0.29792021
       0.41943423       0.26957936       0.29924212
       0.41337205       0.26870684       0.29956463
       0.40710768       0.26732809       0.29901955
       0.40070854       0.26551746       0.29772993
       0.39423261       0.26334256       0.29580849
       0.38772928       0.26086422       0.29335694
       0.38124018       0.25813658       0.29046591
       0.37480009       0.25520750       0.28721536
       0.36843779       0.25211897       0.28367526
       0.36217683       0.24890772       0.27990644
       0.35603631       0.24560566       0.27596147
       0.35003151       0.24224047       0.27188562
       0.34417444       0.23883609       0.26771771
       0.33847439       0.23541315       0.26349094
       0.33293835       0.23198940       0.25923361
       0.32757136       0.22858009       0.25496985
       0.32237682       0.22519825       0.25072011
       0.31735679       0.22185504       0.24650176
       0.31251218       0.21855991       0.24232947
       0.30784295       0.21532089       0.23821559
       0.30334826       0.21214472       0.23417049
       0.29902661       0.20903702       0.23020285
       0.29487595       0.20600244       0.22631982
       0.29089375       0.20304475       0.22252731
       0.28707711       0.20016697       0.21883008
       0.28342279       0.19737143       0.21523193
       0.27992732       0.19465986       0.21173579
       0.27658696       0.19203345       0.20834386
       0.27339782       0.18949291       0.20505766
       0.27035587       0.18703853       0.20187812
       0.26745694       0.18467020       0.19880566
       0.26469679       0.18238748       0.19584025
       0.26207109       0.18018962       0.19298143
       0.25957547       0.17807559       0.19022837
       0.25720553       0.17604414       0.18757994
       0.25495685       0.17409377       0.18503470
       0.25282501       0.17222281       0.18259097
       0.25080558       0.17042940       0.18024680
       0.24889418       0.16871154       0.17800009
       0.24708644       0.16706710       0.17584853
       0.24537803       0.16549385       0.17378965
       0.24376467       0.16398943       0.17182085
       0.24224215       0.16255143       0.16993941
       0.24080630       0.16117736       0.16814250
       0.23945304       0.15986468       0.16642722
       0.23817835       0.15861081       0.16479059
       0.23697832       0.15741313       0.16322955
       0.23584910       0.15626902       0.16174104
       0.23478694       0.15517585       0.16032192
       0.23378821       0.15413098       0.15896905
       0.23284937       0.15313181       0.15767930
       0.23196698       0.15217573       0.15644950
       0.23113772       0.15126019       0.15527652
       0.23035841       0.15038266       0.15415723
       0.22962597       0.14954068       0.15308855
       0.22893743       0.14873182       0.15206741
       0.22828999       0.14795372       0.15109081
       0.22768095       0.14720412       0.15015580
       0.22710776       0.14648079       0.14925946
       0.22656801       0.14578161       0.14839899
       0.22605943       0.14510457       0.14757161
       0.22557990       0.14444771       0.14677468
       0.22512743       0.14380921       0.14600559
       0.22470021       0.14318734       0.14526187
       0.22429657       0.14258051       0.14454114
       0.22391498       0.14198721       0.14384112
       0.22355411       0.14140608       0.14315966
       0.22321274       0.14083590       0.14249471
       0.22288985       0.14027558       0.14184436
       0.22258456       0.13972415       0.14120684
       0.22229618       0.13918082       0.14058052
       0.22202417       0.13864493       0.13996390
       0.22176815       0.13811598       0.13935565
       0.22152793       0.13759365       0.13875458
       0.22130348       0.13707775       0.13815969
       0.22109494       0.13656828       0.13757013
       0.22090260       0.13606543       0.13698523
       0.22072694       0.13556953       0.13640451
       0.22056861       0.13508112       0.13582767
       0.22042840       0.13460091       0.13525462
       0.22030728       0.13412979       0.13468544
       0.22020637       0.13366886       0.13412045
       0.22012694       0.13321937       0.13356017
       0.22007042       0.13278279       0.13300531
       0.22003838       0.13236077       0.13245682
       0.22003252       0.13195514       0.13191588
       0.22005467       0.13156791       0.13138386
       0.22010680       0.13120129       0.13086240
       0.22019096       0.13085764       0.13035332
       0.22030933       0.13053952       0.12985869
       0.22046417       0.13024962       0.12938079
       0.22065781       0.12999082       0.12892213
       0.22089265       0.12976611       0.12848543
       0.22117115       0.12957865       0.12807360
       0.22149580       0.12943168       0.12768977
       0.22186910       0.12932858       0.12733724
       0.22229358       0.12927281       0.12701948
       0.22277173       0.12926789       0.12674013
       0.22330604       0.12931742       0.12650296
       0.22389892       0.12942502       0.12631186
       0.22455275       0.12959430       0.12617083
       0.22526980       0.12982890       0.12608395
       0.22605226       0.13013241       0.12605532
       0.22690220       0.13050836       0.12608911
       0.22782157       0.13096018       0.12618944
       0.22881214       0.13149123       0.12636042
       0.22987556       0.13210472       0.12660611
       0.23101327       0.13280369       0.12693044
       0.23222657       0.13359101       0.12733725
       0.23351652       0.13446935       0.12783020
       0.23488399       0.13544114       0.12841277
       0.23632965       0.13650858       0.12908823
       0.23785394       0.13767359       0.12985959
       0.23945708       0.13893779       0.13072960
       0.24113907       0.14030252       0.13170073
       0.24289967       0.14176880       0.13277511
       0.24473843       0.14333730       0.13395454
       0.24665468       0.14500839       0.13524048
       0.24864753       0.14678206       0.13663399
       0.25071586       0.14865796       0.13813580
       0.25285837       0.15063539       0.13974620
       0.25507354       0.15271331       0.14146511
       0.25735968       0.15489029       0.14329205
       0.25971489       0.15716457       0.14522614
       0.26213713       0.15953407       0.14726610
       0.26462420       0.16199634       0.14941023
       0.26717373       0.16454861       0.15165647
       0.26978324       0.16718780       0.15400234
       0.27245014       0.16991053       0.15644502
       0.27517171       0.17271313       0.15898129
       0.27794518       0.17559165       0.16160758
       0.28076769       0.17854192       0.16432000
       0.28363635       0.18155950       0.16711431
       0.28654822       0.18463977       0.16998598
       0.28950037       0.18777792       0.17293020
       0.29248987       0.19096899       0.17594188
       0.29551384       0.19420788       0.17901572
       0.29856943       0.19748941       0.18214621
       0.30165388       0.20080833       0.18532769
       0.30476451       0.20415934       0.18855434
       0.30789878       0.20753719       0.19182029
       0.31105425       0.21093661       0.19511958
       0.31422865       0.21435244       0.19844629
       0.31741985       0.21777961       0.20179451
       0.32062591       0.22121319       0.20515845
       0.32384505       0.22464841       0.20853244
       0.32707568       0.22808071       0.21191100
       0.33031638       0.23150575       0.21528891
       0.33356593       0.23491943       0.21866120
       0.33682326       0.23831792       0.22202323
       0.34008745       0.24169767       0.22537072
       0.34335774       0.24505541       0.22869978
       0.34663344       0.24838817       0.23200692
       0.34991400       0.25169327       0.23528912
       0.35319889       0.25496833       0.23854378
       0.35648761       0.25821121       0.24176877
       0.35977964       0.26142007       0.24496240
       0.36307442       0.26459326       0.24812344
       0.36637128       0.26772936       0.25125107
       0.36966939       0.27082712       0.25434488
       0.37296775       0.27388541       0.25740482
       0.37626511       0.27690320       0.26043116
       0.37955994       0.27987951       0.26342443
       0.38285039       0.28281332       0.26638540
       0.38613422       0.28570360       0.26931497
       0.38940879       0.28854916       0.27221413
       0.39267100       0.29134867       0.27508386
       0.39591729       0.29410056       0.27792510
       0.39914356       0.29680296       0.28073862
       0.40234519       0.29945370       0.28352495
       0.40551699       0.30205016       0.28628428
       0.40865324       0.30458931       0.28901642
       0.41174760       0.30706758       0.29172065
       0.41479321       0.30948086       0.29439567
       0.41778263       0.31182444       0.29703951
       0.42070789       0.31409296       0.29964942
       0.42356050       0.31628039       0.30222184
       0.42633151       0.31837998       0.30475227
       0.42901153       0.32038425       0.30723523
       0.43159083       0.32228493       0.30966420
       0.43405932       0.32407301       0.31203152
       0.43640670       0.32573868       0.31432837
       0.43862252       0.32727134       0.31654472
       0.44069625       0.32865961       0.31866926
       0.44261740       0.32989136       0.32068939
       0.44437565       0.33095368       0.32259116
       0.44596094       0.33183297       0.32435927
       0.44736360       0.33251494       0.32597705
       0.44857453       0.33298465       0.32742642
       0.44958534       0.33322659       0.32868790
       0.45038853       0.33322477       0.32974060
       0.45097766       0.33296275       0.33056222
       0.45134758       0.33242379       0.33112906
       0.45149466       0.33159096       0.33141605
       0.45141699       0.33044728       0.33139676
       0.45111475       0.32897593       0.33104347
       0.45059040       0.32716043       0.33032724
       0.44984912       0.32498495       0.32921800
       0.44889907       0.32243460       0.32768473
       0.44775189       0.31949583       0.32569569
       0.44642307       0.31615693       0.32321865
       0.44493244       0.31240854       0.32022137
       0.44330467       0.30824438       0.31667212
       0.44156977       0.30366204       0.31254041
       0.43976366       0.29866395       0.30779792
       0.43792864       0.29325844       0.30241981
       0.43611391       0.28746113       0.29638619
       0.43437593       0.28129625       0.28968420
       0.43277870       0.27479837       0.28231041
       0.43139379       0.26801409       0.27427379
       0.43030016       0.26100382       0.26559927
       0.42958345       0.25384367       0.25633176
       0.42933489       0.24662697       0.24654070
       0.42964945       0.23946566       0.23632494
       0.43062331       0.23249089       0.22581753
       0.43235039       0.22585285       0.21519017
       0.43491793       0.21971928       0.20465650
       0.43840116       0.21427235       0.19447355
       0.44285713       0.20970362       0.18494023
       0.44831796       0.20620678       0.17639190
       0.45478405       0.20396810       0.16919007
       0.46221769       0.20315499       0.16370657
       0.47053799       0.20390304       0.16030217
       0.47961798       0.20630279       0.15930050
       0.48928460       0.21038743       0.16095927
       0.49932232       0.21612323       0.16544162
       0.50948057       0.22340420       0.17279154
       0.51948493       0.23205227       0.18291711
       0.52905116       0.24182387       0.19558518
       0.53790098       0.25242252       0.21042936
       0.54577789       0.26351646       0.22697132
       0.55246147       0.27475934       0.24465327
       0.55777861       0.28581172       0.26287766
       0.56161072       0.29636079       0.28104878
       0.56389640       0.30613654       0.29861145
       0.56462982       0.31492277       0.31508237
       0.56385541       0.32256272       0.33007161
       0.56165997       0.32895944       0.34329340
       0.55816320       0.33407182       0.35456695
       0.55350783       0.33790760       0.36380913
       0.54785018       0.34051443       0.37102162
       0.54135185       0.34197038       0.37627488
       0.53417272       0.34237468       0.37969116
       0.52646571       0.34183938       0.38142831
       0.51837287       0.34048234       0.38166535
       0.51002305       0.33842155       0.38059056
       0.50153056       0.33577100       0.37839203
       0.49299481       0.33263765       0.37525079
       0.48450067       0.32911963       0.37133613
       0.47611920       0.32530514       0.36680261
       0.46790877       0.32127221       0.36178869
       0.45991631       0.31708875       0.35641629
       0.45217856       0.31281304       0.35079115
       0.44472343       0.30849440       0.34500374
       0.43757120       0.30417401       0.33913044
       0.43073562       0.29988566       0.33323485
       0.42422501       0.29565668       0.32736922
       0.41804312       0.29150867       0.32157576
       0.41218996       0.28745827       0.31588799
       0.40666251       0.28351784       0.31033187
       0.40145531       0.27969607       0.30492692
       0.39656097       0.27599854       0.29968713
       0.39197062       0.27242818       0.29462184
       0.38767431       0.26898572       0.28973646
       0.38366127       0.26567004       0.28503311
       0.37992024       0.26247849       0.28051116
       0.37643963       0.25940719       0.27616769
       0.37320777       0.25645126       0.27199794
       0.37021304       0.25360503       0.26799559
       0.36744399       0.25086224       0.26415314
       0.36488951       0.24821620       0.26046209
       0.36253888       0.24565994       0.25691320
       0.36038188       0.24318633       0.25349671
       0.35840883       0.24078822       0.25020245
       0.35661073       0.23845856       0.24702007
       0.35497921       0.23619046       0.24393914
       0.35350669       0.23397735       0.24094928
       0.35218634       0.23181303       0.23804031
       0.35101214       0.22969180       0.23520236
       0.34997893       0.22760851       0.23242600
       0.34908242       0.22555870       0.22970235
       0.34831921       0.22353865       0.22702323
       0.34768679       0.22154551       0.22438126
       0.34718357       0.21957738       0.22177001
       0.34680884       0.21763335       0.21918417
       0.34656279       0.21571370       0.21661966
       0.34644645       0.21381987       0.21407378
       0.34646163       0.21195462       0.21154544
       0.34661091       0.21012208       0.20903526
       0.34689751       0.20832780       0.20654576
       0.34732521       0.20657881       0.20408154
       0.34789820       0.20488367       0.20164942
       0.34862092       0.20325241       0.19925860
       0.34949790       0.20169659       0.19692076
       0.35053353       0.20022917       0.19465018
       0.35173180       0.19886443       0.19246373
       0.35309603       0.19761780       0.19038091
       0.35462860       0.19650566       0.18842370
       0.35633059       0.19554509       0.18661643
       0.35820144       0.19475348       0.18498547
       0.36023865       0.19414817       0.18355885
       0.36243741       0.19374602       0.18236571
       0.36479028       0.19356282       0.18143572
       0.36728693       0.19361285       0.18079824
       0.36991389       0.19390818       0.18048147
       0.37265441       0.19445818       0.18051149
       0.37548837       0.19526890       0.18091118
       0.37839230       0.19634256       0.18169917
       0.38133958       0.19767711       0.18288879
       0.38430061       0.19926585       0.18448709
       0.38724329       0.20109723       0.18649401
       0.39013350       0.20315481       0.18890177
       0.39293569       0.20541732       0.19169440
       0.39561362       0.20785898       0.19484772
       0.39813115       0.21044994       0.19832949
       0.40045300       0.21315690       0.20209995
       0.40254559       0.21594387       0.20611270
       0.40437779       0.21877305       0.21031579
       0.40592167       0.22160576       0.21465308
       0.40715306       0.22440337       0.21906576
       0.40805203       0.22712827       0.22349394
       0.40860329       0.22974472       0.22787826
       0.40879633       0.23221965       0.23216139
       0.40862551       0.23452331       0.23628944
       0.40808993       0.23662976       0.24021315
       0.40719324       0.23851721       0.24388880
       0.40594330       0.24016825       0.24727892
       0.40435176       0.24156988       0.25035272
       0.40243358       0.24271341       0.25308622
       0.40020652       0.24359427       0.25546223
       0.39769058       0.24421169       0.25747003
       0.39490752       0.24456836       0.25910498
       0.39188028       0.24467001       0.26036797
       0.38863257       0.24452498       0.26126475
       0.38518840       0.24414375       0.26180528
       0.38157167       0.24353854       0.26200304
       0.37780592       0.24272287       0.26187433
       0.37391398       0.24171122       0.26143762
       0.36991777       0.24051863       0.26071297
       0.36583815       0.23916046       0.25972148
       0.36169475       0.23765208       0.25848480
       0.35750593       0.23600866       0.25702472
       0.35328870       0.23424504       0.25536287
       0.34905869       0.23237550       0.25352037
       0.34483018       0.23041372       0.25151766
       0.34061611       0.22837267       0.24937429
       0.33642812       0.22626457       0.24710883
       0.33227663       0.22410082       0.24473876
       0.32817083       0.22189202       0.24228041
       0.32411885       0.21964797       0.23974895
       0.32012775       0.21737764       0.23715840
       0.31620363       0.21508926       0.23452161
       0.31235169       0.21279027       0.23185033
       0.30857631       0.21048741       0.22915522
       0.30488112       0.20818672       0.22644592
       0.30126907       0.20589362       0.22373109
       0.29774248       0.20361290       0.22101848
       0.29430311       0.20134881       0.21831497
       0.29095223       0.19910506       0.21562668
       0.28769065       0.19688488       0.21295893
       0.28451877       0.19469105       0.21031641
       0.28143666       0.19252595       0.20770316
       0.27844406       0.19039158       0.20512264
       0.27554044       0.18828961       0.20257779
       0.27272502       0.18622139       0.20007107
       0.26999684       0.18418800       0.19760452
       0.26735473       0.18219025       0.19517976
       0.26479741       0.18022875       0.19279807
       0.26232345       0.17830390       0.19046042
       0.25993132       0.17641593       0.18816747
       0.25761941       0.17456489       0.18591966
       0.25538607       0.17275073       0.18371715
       0.25322959       0.17097327       0.18155997
       0.25114822       0.16923221       0.17944790
       0.24914023       0.16752721       0.17738063
       0.24720386       0.16585783       0.17535769
       0.24533739       0.16422360       0.17337849
       0.24353910       0.16262399       0.17144236
       0.24180733       0.16105848       0.16954856
       0.24014045       0.15952650       0.16769628
       0.23853689       0.15802751       0.16588467
       0.23699516       0.15656097       0.16411284
       0.23551382       0.15512636       0.16237990
       0.23409151       0.15372319       0.16068494
       0.23272699       0.15235104       0.15902707
       0.23141907       0.15100950       0.15740542
       0.23016670       0.14969824       0.15581915
       0.22896889       0.14841702       0.15426746
       0.22782480       0.14716566       0.15274962
       0.22673368       0.14594405       0.15126494
       0.22569492       0.14475219       0.14981283
       0.22470801       0.14359020       0.14839276
       0.22377259       0.14245828       0.14700432
       0.22288839       0.14135674       0.14564718
       0.22205531       0.14028604       0.14432113
       0.22127335       0.13924674       0.14302609
       0.22054267       0.13823954       0.14176211
       0.21986353       0.13726528       0.14052935
       0.21923635       0.13632492       0.13932815
       0.21866165       0.13541958       0.13815897
       0.21814011       0.13455051       0.13702245
       0.21767250       0.13371911       0.13591938
       0.21725973       0.13292694       0.13485072
       0.21690282       0.13217568       0.13381761
       0.21660289       0.13146716       0.13282135
       0.21636117       0.13080336       0.13186341
       0.21617900       0.13018639       0.13094547
       0.21605777       0.12961849       0.13006936
       0.21599898       0.12910204       0.12923709
       0.21600417       0.12863951       0.12845083
       0.21607496       0.12823350       0.12771295
       0.21621299       0.12788671       0.12702594
       0.21641995       0.12760192       0.12639248
       0.21669755       0.12738199       0.12581535
       0.21704747       0.12722983       0.12529751
       0.21747142       0.12714843       0.12484200
       0.21797106       0.12714075       0.12445197
       0.21854803       0.12720982       0.12413068
       0.21920389       0.12735863       0.12388143
       0.21994014       0.12759015       0.12370758
       0.22075821       0.12790730       0.12361252
       0.22165942       0.12831295       0.12359964
       0.22264496       0.12880985       0.12367232
       0.22371591       0.12940068       0.12383388
       0.22487321       0.13008794       0.12408759
       0.22611763       0.13087401       0.12443662
       0.22744979       0.13176109       0.12488403
       0.22887013       0.13275118       0.12543270
       0.23037890       0.13384605       0.12608539
       0.23197615       0.13504725       0.12684462
       0.23366174       0.13635607       0.12771272
       0.23543532       0.13777354       0.12869176
       0.23729632       0.13930039       0.12978355
       0.23924395       0.14093703       0.13098959
       0.24127723       0.14268360       0.13231109
       0.24339491       0.14453986       0.13374894
       0.24559558       0.14650528       0.13530366
       0.24787758       0.14857895       0.13697541
       0.25023905       0.15075963       0.13876399
       0.25267791       0.15304572       0.14066879
       0.25519193       0.15543526       0.14268880
       0.25777864       0.15792595       0.14482262
       0.26043543       0.16051512       0.14706840
       0.26315953       0.16319977       0.14942392
       0.26594802       0.16597656       0.15188648
       0.26879785       0.16884183       0.15445301
       0.27170588       0.17179161       0.15712001
       0.27466887       0.17482164       0.15988357
       0.27768354       0.17792740       0.16273940
       0.28074656       0.18110411       0.16568283
       0.28385460       0.18434680       0.16870884
       0.28700436       0.18765029       0.17181211
       0.29019256       0.19100927       0.17498700
       0.29341604       0.19441830       0.17822762
       0.29667169       0.19787188       0.18152789
       0.29995658       0.20136446       0.18488153
       0.30326790       0.20489050       0.18828217
       0.30660305       0.20844451       0.19172335
       0.30995960       0.21202110       0.19519864
       0.31333538       0.21561498       0.19870161
       0.31672840       0.21922107       0.20222598
       0.32013697       0.22283447       0.20576562
       0.32355960       0.22645054       0.20931464
       0.32699509       0.23006492       0.21286742
       0.33044246       0.23367356       0.21641869
       0.33390099       0.23727272       0.21996357
       0.33737016       0.24085902       0.22349762
       0.34084967       0.24442946       0.22701686
       0.34433938       0.24798139       0.23051783
       0.34783933       0.25151252       0.23399759
       0.35134964       0.25502096       0.23745377
       0.35487051       0.25850514       0.24088454
       0.35840220       0.26196387       0.24428865
       0.36194493       0.26539624       0.24766539
       0.36549885       0.26880165       0.25101458
       0.36906403       0.27217975       0.25433655
       0.37264035       0.27553040       0.25763213
       0.37622748       0.27885364       0.26090256
       0.37982483       0.28214965       0.26414946
       0.38343150       0.28541867       0.26737480
       0.38704620       0.28866097       0.27058080
       0.39066725       0.29187681       0.27376987
       0.39429250       0.29506635       0.27694455
       0.39791932       0.29822962       0.28010744
       0.40154454       0.30136645       0.28326108
       0.40516443       0.30447644       0.28640792
       0.40877470       0.30755888       0.28955018
       0.41237044       0.31061270       0.29268984
       0.41594614       0.31363645       0.29582847
       0.41949569       0.31662823       0.29896724
       0.42301236       0.31958567       0.30210678
       0.42648882       0.32250587       0.30524713
       0.42991718       0.32538541       0.30838767
       0.43328899       0.32822030       0.31152709
       0.43659530       0.33100595       0.31466327
       0.43982666       0.33373719       0.31779331
       0.44297322       0.33640828       0.32091345
       0.44602473       0.33901285       0.32401905
       0.44897065       0.34154397       0.32710459
       0.45180019       0.34399413       0.33016363
       0.45450236       0.34635529       0.33318885
       0.45706609       0.34861888       0.33617202
