       0.22670903       0.13064331       0.12781573
       0.22731238       0.13063535       0.12743222
       0.22799137       0.13071036       0.12712692
       0.22874689       0.13087149       0.12690373
       0.22957967       0.13112178       0.12676647
       0.23049026       0.13146409       0.12671886
       0.23147905       0.13190111       0.12676448
       0.23254624       0.13243532       0.12690674
       0.23369185       0.13306895       0.12714881
       0.23491572       0.13380400       0.12749360
       0.23621748       0.13464215       0.12794374
       0.23759659       0.13558483       0.12850153
       0.23905236       0.13663313       0.12916891
       0.24058389       0.13778782       0.12994745
       0.24219017       0.13904937       0.13083834
       0.24387003       0.14041789       0.13184236
       0.24562217       0.14189320       0.13295989
       0.24744520       0.14347477       0.13419091
       0.24933764       0.14516178       0.13553499
       0.25129791       0.14695309       0.13699135
       0.25332441       0.14884731       0.13855881
       0.25541546       0.15084274       0.14023588
       0.25756939       0.15293746       0.14202073
       0.25978447       0.15512931       0.14391126
       0.26205900       0.15741589       0.14590510
       0.26439127       0.15979462       0.14799964
       0.26677957       0.16226274       0.15019208
       0.26922219       0.16481732       0.15247943
       0.27171745       0.16745526       0.15485854
       0.27426369       0.17017334       0.15732613
       0.27685922       0.17296820       0.15987879
       0.27950241       0.17583633       0.16251300
       0.28219158       0.17877415       0.16522513
       0.28492511       0.18177794       0.16801146
       0.28770133       0.18484389       0.17086817
       0.29051862       0.18796807       0.17379132
       0.29337531       0.19114650       0.17677690
       0.29626980       0.19437509       0.17982079
       0.29920044       0.19764969       0.18291875
       0.30216563       0.20096610       0.18606647
       0.30516381       0.20432006       0.18925952
       0.30819343       0.20770729       0.19249340
       0.31125302       0.21112353       0.19576352
       0.31434115       0.21456450       0.19906526
       0.31745650       0.21802600       0.20239396
       0.32059783       0.22150387       0.20574496
       0.32376401       0.22499407       0.20911364
       0.32695402       0.22849269       0.21249543
       0.33016701       0.23199596       0.21588591
       0.33340222       0.23550033       0.21928081
       0.33665908       0.23900245       0.22267604
       0.33993713       0.24249920       0.22606780
       0.34323605       0.24598775       0.22945257
       0.34655568       0.24946554       0.23282717
       0.34989595       0.25293032       0.23618882
       0.35325689       0.25638013       0.23953513
       0.35663861       0.25981333       0.24286417
       0.36004125       0.26322860       0.24617447
       0.36346497       0.26662492       0.24946506
       0.36690992       0.27000155       0.25273542
       0.37037615       0.27335803       0.25598555
       0.37386361       0.27669413       0.25921589
       0.37737211       0.28000986       0.26242734
       0.38090123       0.28330539       0.26562124
       0.38445032       0.28658102       0.26879926
       0.38801840       0.28983718       0.27196347
       0.39160416       0.29307431       0.27511615
       0.39520589       0.29629286       0.27825985
       0.39882146       0.29949323       0.28139725
       0.40244823       0.30267570       0.28453111
       0.40608307       0.30584041       0.28766418
       0.40972231       0.30898725       0.29079916
       0.41336170       0.31211589       0.29393858
       0.41699642       0.31522564       0.29708472
       0.42062104       0.31831549       0.30023956
       0.42422954       0.32138400       0.30340468
       0.42781529       0.32442930       0.30658118
       0.43137107       0.32744904       0.30976962
       0.43488910       0.33044039       0.31296997
       0.43836105       0.33339997       0.31618150
       0.44177806       0.33632390       0.31940281
       0.44513081       0.33920773       0.32263170
       0.44840956       0.34204647       0.32586521
       0.45160419       0.34483462       0.32909955
       0.45470424       0.34756614       0.33233012
       0.45769903       0.35023449       0.33555149
       0.46057767       0.35283266       0.33875741
       0.46332917       0.35535320       0.34194085
       0.46594247       0.35778828       0.34509400
       0.46840655       0.36012969       0.34820834
       0.47071051       0.36236893       0.35127467
       0.47284361       0.36449723       0.35428317
       0.47479534       0.36650564       0.35722348
       0.47655553       0.36838506       0.36008474
       0.47811439       0.37012629       0.36285569
       0.47946258       0.37172012       0.36552475
       0.48059123       0.37315737       0.36808007
       0.48149207       0.37442892       0.37050963
       0.48215741       0.37552581       0.37280134
       0.48258022       0.37643925       0.37494306
       0.48275415       0.37716069       0.37692273
       0.48267356       0.37768183       0.37872841
       0.48233356       0.37799472       0.38034835
       0.48173005       0.37809173       0.38177105
       0.48085968       0.37796560       0.38298529
       0.47971992       0.37760948       0.38398020
       0.47830903       0.37701693       0.38474530
       0.47662610       0.37618194       0.38527050
       0.47467103       0.37509895       0.38554614
       0.47244455       0.37376284       0.38556298
       0.46994820       0.37216895       0.38531223
       0.46718436       0.37031307       0.38478555
       0.46415623       0.36819146       0.38397500
       0.46086788       0.36580082       0.38287308
       0.45732419       0.36313830       0.38147264
       0.45353094       0.36020151       0.37976693
       0.44949478       0.35698852       0.37774949
       0.44522328       0.35349786       0.37541420
       0.44072496       0.34972851       0.37275516
       0.43600936       0.34567996       0.36976672
       0.43108706       0.34135221       0.36644344
       0.42596977       0.33674582       0.36278001
       0.42067043       0.33186195       0.35877132
       0.41520328       0.32670243       0.35441238
       0.40958397       0.32126987       0.34969836
       0.40382972       0.31556774       0.34462461
       0.39795947       0.30960052       0.33918673
       0.39199398       0.30337389       0.33338064
       0.38595609       0.29689488       0.32720272
       0.37987085       0.29017219       0.32065000
       0.37376575       0.28321640       0.31372038
       0.36767094       0.27604037       0.30641297
       0.36161940       0.26865958       0.29872849
       0.35564719       0.26109261       0.29066977
       0.34979359       0.25336159       0.28224239
       0.34410125       0.24549281       0.27345548
       0.33861631       0.23751723       0.26432257
       0.33338838       0.22947119       0.25486272
       0.32847045       0.22139698       0.24510177
       0.32391868       0.21334350       0.23507369
       0.31979197       0.20536683       0.22482219
       0.31615135       0.19753067       0.21440231
       0.31305910       0.18990669       0.20388211
       0.31057758       0.18257453       0.19334427
       0.30876775       0.17562154       0.18288746
       0.30768732       0.16914206       0.17262736
       0.30738860       0.16323618       0.16269698
       0.30791602       0.15800778       0.15324619
       0.30930344       0.15356205       0.14444004
       0.31157128       0.15000208       0.13645568
       0.31472382       0.14742492       0.12947769
       0.31874656       0.14591697       0.12369165
       0.32360429       0.14554907       0.11927614
       0.32923970       0.14637149       0.11639329
       0.33557314       0.14840926       0.11517860
       0.34250353       0.15165835       0.11573063
       0.34991063       0.15608306       0.11810164
       0.35765859       0.16161509       0.12229021
       0.36560075       0.16815466       0.12823681
       0.37358541       0.17557354       0.13582319
       0.38146203       0.18372022       0.14487593
       0.38908760       0.19242659       0.15517412
       0.39633249       0.20151568       0.16646057
       0.40308542       0.21080988       0.17845558
       0.40925714       0.22013879       0.19087184
       0.41478264       0.22934620       0.20342916
       0.41962180       0.23829558       0.21586759
       0.42375854       0.24687382       0.22795804
       0.42719879       0.25499320       0.23950961
       0.42996752       0.26259150       0.25037363
       0.43210513       0.26963075       0.26044433
       0.43366369       0.27609478       0.26965691
       0.43470314       0.28198594       0.27798340
       0.43528782       0.28732160       0.28542715
       0.43548343       0.29213040       0.29201671
       0.43535455       0.29644885       0.29779949
       0.43496272       0.30031820       0.30283584
       0.43436505       0.30378185       0.30719374
       0.43361338       0.30688321       0.31094434
       0.43275387       0.30966416       0.31415848
       0.43182688       0.31216395       0.31690398
       0.43086718       0.31441846       0.31924383
       0.42990436       0.31645995       0.32123511
       0.42896327       0.31831691       0.32292843
       0.42806465       0.32001424       0.32436789
       0.42722569       0.32157350       0.32559131
       0.42646059       0.32301329       0.32663080
       0.42578112       0.32434963       0.32751336
       0.42519706       0.32559637       0.32826162
       0.42471666       0.32676560       0.32889459
       0.42434689       0.32786798       0.32942830
       0.42409382       0.32891307       0.32987653
       0.42396274       0.32990959       0.33025132
       0.42395835       0.33086561       0.33056349
       0.42408482       0.33178873       0.33082299
       0.42434591       0.33268619       0.33103927
       0.42474489       0.33356492       0.33122149
       0.42528461       0.33443158       0.33137867
       0.42596740       0.33529255       0.33151978
       0.42679506       0.33615392       0.33165382
       0.42776876       0.33702144       0.33178977
       0.42888900       0.33790043       0.33193658
       0.43015550       0.33879574       0.33210309
       0.43156716       0.33971163       0.33229792
       0.43312196       0.34065170       0.33252939
       0.43481692       0.34161881       0.33280536
       0.43664800       0.34261495       0.33313312
       0.43861011       0.34364118       0.33351924
       0.44069703       0.34469754       0.33396943
       0.44290138       0.34578297       0.33448841
       0.44521464       0.34689520       0.33507974
       0.44762710       0.34803073       0.33574574
       0.45012792       0.34918475       0.33648731
       0.45270509       0.35035105       0.33730382
       0.45534556       0.35152203       0.33819300
       0.45803519       0.35268865       0.33915084
       0.46075890       0.35384037       0.34017149
       0.46350072       0.35496518       0.34124714
       0.46624386       0.35604956       0.34236798
       0.46897087       0.35707853       0.34352211
       0.47166374       0.35803561       0.34469549
       0.47430405       0.35890289       0.34587190
       0.47687312       0.35966107       0.34703286
       0.47935221       0.36028947       0.34815763
       0.48172267       0.36076616       0.34922318
       0.48396619       0.36106800       0.35020418
       0.48606501       0.36117072       0.35107295
       0.48800221       0.36104908       0.35179949
       0.48976193       0.36067697       0.35235148
       0.49132974       0.36002761       0.35269427
       0.49269296       0.35907369       0.35279090
       0.49384102       0.35778766       0.35260216
       0.49476592       0.35614200       0.35208665
       0.49546268       0.35410956       0.35120086
       0.49592985       0.35166399       0.34989936
       0.49617012       0.34878026       0.34813501
       0.49619090       0.34543531       0.34585930
       0.49600507       0.34160881       0.34302284
       0.49563172       0.33728410       0.33957607
       0.49509691       0.33244937       0.33547013
       0.49443455       0.32709895       0.33065820
       0.49368718       0.32123499       0.32509713
       0.49290681       0.31486934       0.31874970
       0.49215560       0.30802569       0.31158747
       0.49150634       0.30074203       0.30359437
       0.49104270       0.29307332       0.29477116
       0.49085900       0.28509427       0.28514086
       0.49105939       0.27690217       0.27475502
       0.49175617       0.26861939       0.26370084
       0.49306718       0.26039538       0.25210882
       0.49511189       0.25240758       0.24016036
       0.49800605       0.24486082       0.22809456
       0.50185488       0.23798457       0.21621293
       0.50674486       0.23202735       0.20488058
       0.51273421       0.22724780       0.19452203
       0.51984290       0.22390220       0.18560989
       0.52804285       0.22222843       0.17864488
       0.53724949       0.22242718       0.17412659
       0.54731627       0.22464186       0.17251584
       0.55803323       0.22893933       0.17419116
       0.56913099       0.23529418       0.17940419
       0.58029073       0.24357931       0.18824011
       0.59115992       0.25356523       0.20059023
       0.60137265       0.26492926       0.21614255
       0.61057257       0.27727453       0.23439399
       0.61843581       0.29015676       0.25468424
       0.62469114       0.30311557       0.27624714
       0.62913505       0.31570626       0.29827218
       0.63164041       0.32752816       0.31996743
       0.63215803       0.33824632       0.34061521
       0.63071201       0.34760490       0.35961424
       0.62739009       0.35543198       0.37650495
       0.62233075       0.36163669       0.39097780
       0.61570910       0.36620067       0.40286716
       0.60772288       0.36916577       0.41213453
       0.59857999       0.37062027       0.41884557
       0.58848802       0.37068515       0.42314468
       0.57764632       0.36950159       0.42523046
       0.56624026       0.36722052       0.42533384
       0.55443782       0.36399424       0.42370000
       0.54238772       0.35997037       0.42057455
       0.53021909       0.35528757       0.41619349
       0.51804197       0.35007303       0.41077661
       0.50594859       0.34444114       0.40452370
       0.49401490       0.33849314       0.39761280
       0.48230241       0.33231741       0.39019999
       0.47085996       0.32599020       0.38242025
       0.45972553       0.31957663       0.37438890
       0.44892782       0.31313177       0.36620343
       0.43848775       0.30670177       0.35794549
       0.42841977       0.30032500       0.34968275
       0.41873301       0.29403302       0.34147087
       0.40943224       0.28785157       0.33335513
       0.40051870       0.28180139       0.32537199
       0.39199082       0.27589897       0.31755048
       0.38384481       0.27015717       0.30991333
       0.37607510       0.26458585       0.30247804
       0.36867481       0.25919227       0.29525774
       0.36163602       0.25398157       0.28826190
       0.35495007       0.24895705       0.28149702
       0.34860777       0.24412056       0.27496709
       0.34259958       0.23947265       0.26867411
       0.33691573       0.23501287       0.26261837
       0.33154636       0.23073990       0.25679882
       0.32648157       0.22665169       0.25121333
       0.32171156       0.22274564       0.24585888
       0.31722659       0.21901865       0.24073171
       0.31301709       0.21546725       0.23582755
       0.30907366       0.21208766       0.23114167
       0.30538711       0.20887584       0.22666899
       0.30194846       0.20582758       0.22240419
       0.29874894       0.20293850       0.21834178
       0.29578002       0.20020410       0.21447610
       0.29303340       0.19761983       0.21080146
       0.29050101       0.19518106       0.20731206
       0.28817501       0.19288314       0.20400213
       0.28604778       0.19072138       0.20086588
       0.28411191       0.18869111       0.19789757
       0.28236022       0.18678768       0.19509147
       0.28078574       0.18500644       0.19244193
       0.27938168       0.18334279       0.18994334
       0.27814147       0.18179217       0.18759019
       0.27705871       0.18035005       0.18537700
       0.27612719       0.17901197       0.18329842
       0.27534089       0.17777353       0.18134914
       0.27469396       0.17663040       0.17952397
       0.27418072       0.17557830       0.17781780
       0.27379566       0.17461306       0.17622561
       0.27353342       0.17373057       0.17474247
       0.27338884       0.17292681       0.17336356
       0.27335687       0.17219788       0.17208418
       0.27343267       0.17153995       0.17089971
       0.27361151       0.17094932       0.16980567
       0.27388886       0.17042242       0.16879769
       0.27426032       0.16995577       0.16787153
       0.27472165       0.16954606       0.16702310
       0.27526877       0.16919009       0.16624843
       0.27589775       0.16888485       0.16554374
       0.27660481       0.16862746       0.16490539
       0.27738632       0.16841523       0.16432995
       0.27823881       0.16824563       0.16381416
       0.27915894       0.16811633       0.16335497
       0.28014352       0.16802521       0.16294954
       0.28118950       0.16797033       0.16259530
       0.28229395       0.16794997       0.16228987
       0.28345407       0.16796265       0.16203119
       0.28466718       0.16800709       0.16181743
       0.28593068       0.16808224       0.16164706
       0.28724209       0.16818730       0.16151884
       0.28859898       0.16832168       0.16143187
       0.28999901       0.16848503       0.16138551
       0.29143986       0.16867721       0.16137947
       0.29291923       0.16889833       0.16141378
       0.29443484       0.16914866       0.16148879
       0.29598438       0.16942869       0.16160514
       0.29756549       0.16973909       0.16176380
       0.29917574       0.17008067       0.16196602
       0.30081259       0.17045435       0.16221330
       0.30247338       0.17086120       0.16250740
       0.30415530       0.17130231       0.16285028
       0.30585535       0.17177882       0.16324406
       0.30757031       0.17229186       0.16369100
       0.30929673       0.17284250       0.16419340
       0.31103091       0.17343174       0.16475361
       0.31276885       0.17406041       0.16537390
       0.31450628       0.17472914       0.16605642
       0.31623861       0.17543835       0.16680313
       0.31796092       0.17618816       0.16761572
       0.31966801       0.17697834       0.16849552
       0.32135435       0.17780830       0.16944346
       0.32301413       0.17867704       0.17045994
       0.32464125       0.17958310       0.17154480
       0.32622938       0.18052456       0.17269725
       0.32777198       0.18149898       0.17391579
       0.32926235       0.18250346       0.17519821
       0.33069368       0.18353456       0.17654149
       0.33205909       0.18458836       0.17794184
       0.33335172       0.18566048       0.17939466
       0.33456478       0.18674608       0.18089458
       0.33569164       0.18783991       0.18243544
       0.33672586       0.18893639       0.18401039
       0.33766131       0.19002963       0.18561191
       0.33849221       0.19111350       0.18723192
       0.33921321       0.19218173       0.18886183
       0.33981947       0.19322795       0.19049267
       0.34030666       0.19424578       0.19211519
       0.34067109       0.19522891       0.19371998
       0.34090968       0.19617120       0.19529761
       0.34102003       0.19706670       0.19683869
       0.34100044       0.19790977       0.19833406
       0.34084994       0.19869513       0.19977487
       0.34056824       0.19941789       0.20115268
       0.34015577       0.20007364       0.20245958
       0.33961367       0.20065848       0.20368825
       0.33894371       0.20116902       0.20483206
       0.33814834       0.20160243       0.20588509
       0.33723056       0.20195646       0.20684222
       0.33619396       0.20222940       0.20769911
       0.33504260       0.20242012       0.20845226
       0.33378102       0.20252805       0.20909898
       0.33241412       0.20255313       0.20963740
       0.33094716       0.20249581       0.21006641
       0.32938569       0.20235701       0.21038570
       0.32773544       0.20213810       0.21059563
       0.32600235       0.20184082       0.21069725
       0.32419247       0.20146732       0.21069222
       0.32231191       0.20102001       0.21058277
       0.32036680       0.20050161       0.21037160
       0.31836324       0.19991508       0.21006188
       0.31630730       0.19926355       0.20965715
       0.31420493       0.19855034       0.20916125
       0.31206195       0.19777887       0.20857832
       0.30988406       0.19695263       0.20791268
       0.30767674       0.19607520       0.20716883
       0.30544531       0.19515015       0.20635136
       0.30319485       0.19418108       0.20546494
       0.30093026       0.19317153       0.20451427
       0.29865616       0.19212502       0.20350403
       0.29637697       0.19104498       0.20243887
       0.29409684       0.18993478       0.20132337
       0.29181968       0.18879768       0.20016199
       0.28954919       0.18763684       0.19895913
       0.28728878       0.18645529       0.19771900
       0.28504165       0.18525596       0.19644570
       0.28281077       0.18404163       0.19514318
       0.28059887       0.18281496       0.19381518
       0.27840847       0.18157847       0.19246533
       0.27624188       0.18033454       0.19109702
       0.27410121       0.17908543       0.18971352
       0.27198835       0.17783325       0.18831787
       0.26990503       0.17657998       0.18691297
       0.26785281       0.17532748       0.18550153
       0.26583306       0.17407747       0.18408607
       0.26384701       0.17283155       0.18266898
       0.26189573       0.17159122       0.18125244
       0.25998017       0.17035784       0.17983849
       0.25810113       0.16913268       0.17842903
       0.25625929       0.16791689       0.17702580
       0.25445525       0.16671154       0.17563039
       0.25268945       0.16551760       0.17424427
       0.25096230       0.16433593       0.17286876
       0.24927407       0.16316735       0.17150509
       0.24762497       0.16201257       0.17015436
       0.24601516       0.16087223       0.16881755
       0.24444468       0.15974693       0.16749556
       0.24291358       0.15863717       0.16618917
       0.24142179       0.15754343       0.16489911
       0.23996925       0.15646611       0.16362598
       0.23855583       0.15540559       0.16237035
       0.23718138       0.15436218       0.16113269
       0.23584571       0.15333618       0.15991342
       0.23454860       0.15232785       0.15871290
       0.23328985       0.15133741       0.15753144
       0.23206921       0.15036507       0.15636930
       0.23088643       0.14941102       0.15522669
       0.22974126       0.14847543       0.15410380
       0.22863345       0.14755847       0.15300078
       0.22756275       0.14666028       0.15191777
       0.22652893       0.14578103       0.15085485
       0.22553175       0.14492086       0.14981213
       0.22457101       0.14407994       0.14878967
       0.22364650       0.14325843       0.14778755
       0.22275805       0.14245651       0.14680583
       0.22190552       0.14167437       0.14584458
       0.22108878       0.14091222       0.14490387
       0.22030773       0.14017030       0.14398377
       0.21956232       0.13944886       0.14308438
       0.21885251       0.13874818       0.14220581
       0.21817831       0.13806857       0.14134820
       0.21753977       0.13741038       0.14051168
       0.21693696       0.13677399       0.13969645
       0.21637001       0.13615980       0.13890272
       0.21583909       0.13556827       0.13813073
       0.21534439       0.13499990       0.13738077
       0.21488616       0.13445521       0.13665316
       0.21446469       0.13393479       0.13594827
       0.21408031       0.13343925       0.13526651
       0.21373339       0.13296927       0.13460835
       0.21342435       0.13252556       0.13397430
       0.21315363       0.13210887       0.13336492
       0.21292173       0.13172002       0.13278083
       0.21272917       0.13135985       0.13222271
       0.21257652       0.13102927       0.13169128
       0.21246436       0.13072921       0.13118735
       0.21239333       0.13046067       0.13071175
       0.21236405       0.13022466       0.13026540
       0.21237722       0.13002225       0.12984925
       0.21243350       0.12985455       0.12946434
       0.21253362       0.12972269       0.12911173
       0.21267826       0.12962783       0.12879257
       0.21286816       0.12957117       0.12850802
       0.21310401       0.12955391       0.12825934
       0.21338654       0.12957727       0.12804779
       0.21371642       0.12964251       0.12787469
       0.21409433       0.12975084       0.12774140
       0.21452092       0.12990352       0.12764930
       0.21499680       0.13010178       0.12759980
       0.21552254       0.13034681       0.12759433
       0.21609867       0.13063981       0.12763432
       0.21672567       0.13098193       0.12772121
       0.21740394       0.13137428       0.12785645
       0.21813383       0.13181792       0.12804143
       0.21891561       0.13231385       0.12827755
       0.21974947       0.13286301       0.12856616
       0.22063550       0.13346624       0.12890857
       0.22157373       0.13412431       0.12930601
       0.22256405       0.13483790       0.12975968
       0.22360628       0.13560755       0.13027066
       0.22470011       0.13643373       0.13083995
       0.22584513       0.13731676       0.13146844
       0.22704080       0.13825682       0.13215691
       0.22828649       0.13925399       0.13290601
       0.22958142       0.14030815       0.13371625
       0.23092470       0.14141908       0.13458799
       0.23231533       0.14258638       0.13552143
       0.23375217       0.14380947       0.13651661
       0.23523399       0.14508765       0.13757339
       0.23675942       0.14642002       0.13869144
       0.23832699       0.14780551       0.13987025
       0.23993512       0.14924290       0.14110913
       0.24158212       0.15073080       0.14240718
       0.24326620       0.15226764       0.14376331
       0.24498550       0.15385171       0.14517625
       0.24673806       0.15548112       0.14664452
       0.24852184       0.15715384       0.14816646
       0.25033473       0.15886771       0.14974022
       0.25217458       0.16062041       0.15136379
       0.25403914       0.16240951       0.15303498
       0.25592617       0.16423244       0.15475144
       0.25783334       0.16608655       0.15651069
       0.25975833       0.16796907       0.15831008
       0.26169877       0.16987716       0.16014689
       0.26365229       0.17180789       0.16201825
       0.26561650       0.17375828       0.16392121
       0.26758900       0.17572528       0.16585274
       0.26956741       0.17770583       0.16780977
       0.27154933       0.17969682       0.16978915
       0.27353239       0.18169512       0.17178772
       0.27551421       0.18369760       0.17380230
       0.27749242       0.18570113       0.17582971
       0.27946469       0.18770260       0.17786677
       0.28142866       0.18969889       0.17991035
       0.28338201       0.19168694       0.18195732
       0.28532239       0.19366369       0.18400463
       0.28724749       0.19562612       0.18604927
       0.28915497       0.19757127       0.18808830
       0.29104249       0.19949618       0.19011883
       0.29290769       0.20139796       0.19213807
       0.29474818       0.20327375       0.19414329
       0.29656156       0.20512071       0.19613182
       0.29834536       0.20693604       0.19810109
       0.30009711       0.20871698       0.20004856
       0.30181424       0.21046078       0.20197179
       0.30349413       0.21216468       0.20386837
       0.30513411       0.21382597       0.20573593
       0.30673142       0.21544190       0.20757214
       0.30828319       0.21700971       0.20937468
       0.30978650       0.21852663       0.21114126
       0.31123831       0.21998984       0.21286952
       0.31263549       0.22139648       0.21455713
       0.31397480       0.22274362       0.21620165
       0.31525291       0.22402826       0.21780062
       0.31646637       0.22524733       0.21935145
       0.31761164       0.22639765       0.22085146
       0.31868509       0.22747594       0.22229782
       0.31968300       0.22847881       0.22368754
       0.32060158       0.22940274       0.22501748
       0.32143695       0.23024408       0.22628425
       0.32218522       0.23099906       0.22748429
       0.32284244       0.23166374       0.22861377
       0.32340466       0.23223406       0.22966862
       0.32386794       0.23270581       0.23064447
       0.32422839       0.23307464       0.23153669
       0.32448220       0.23333606       0.23234032
       0.32462566       0.23348546       0.23305012
       0.32465520       0.23351813       0.23366049
       0.32456749       0.23342922       0.23416554
       0.32435937       0.23321384       0.23455902
       0.32402804       0.23286701       0.23483438
       0.32357101       0.23238376       0.23498474
       0.32298619       0.23175907       0.23500290
       0.32227201       0.23098802       0.23488138
       0.32142740       0.23006574       0.23461241
       0.32045192       0.22898751       0.23418800
       0.31934584       0.22774879       0.23359990
       0.31811021       0.22634535       0.23283972
       0.31674695       0.22477324       0.23189893
       0.31525894       0.22302897       0.23076895
       0.31365016       0.22110956       0.22944119
       0.31192574       0.21901267       0.22790715
       0.31009211       0.21673668       0.22615855
       0.30815706       0.21428087       0.22418739
       0.30612995       0.21164556       0.22198613
       0.30402172       0.20883224       0.21954786
       0.30184508       0.20584380       0.21686646
       0.29961457       0.20268470       0.21393685
       0.29734673       0.19936119       0.21075525
       0.29506012       0.19588155       0.20731946
       0.29277544       0.19225637       0.20362923
       0.29051559       0.18849874       0.19968661
       0.28830569       0.18462460       0.19549647
       0.28617306       0.18065298       0.19106689
       0.28414716       0.17660627       0.18640979
       0.28225950       0.17251052       0.18154146
       0.28054341       0.16839560       0.17648320
       0.27903380       0.16429545       0.17126199
       0.27776678       0.16024816       0.16591104
       0.27677914       0.15629602       0.16047048
       0.27610780       0.15248538       0.15498784
       0.27578908       0.14886648       0.14951846
       0.27585780       0.14549294       0.14412566
       0.27634634       0.14242121       0.13888074
       0.27728356       0.13970963       0.13386256
       0.27869361       0.13741734       0.12915674
       0.28059472       0.13560294       0.12485436
       0.28299807       0.13432281       0.12105019
       0.28590657       0.13362931       0.11784027
       0.28931395       0.13356885       0.11531900
       0.29320403       0.13417979       0.11357576
       0.29755023       0.13549051       0.11269118
       0.30231558       0.13751762       0.11273325
       0.30745310       0.14026441       0.11375350
       0.31290668       0.14371991       0.11578358
       0.31861243       0.14785842       0.11883253
       0.32450047       0.15263973       0.12288499
       0.33049708       0.15801009       0.12790057
       0.33652708       0.16390378       0.13381465
       0.34251631       0.17024544       0.14054043
       0.34839414       0.17695272       0.14797232
       0.35409562       0.18393933       0.15599037
       0.35956344       0.19111816       0.16446532
       0.36474936       0.19840424       0.17326413
       0.36961516       0.20571749       0.18225525
       0.37413299       0.21298489       0.19131363
       0.37828530       0.22014216       0.20032471
       0.38206422       0.22713479       0.20918768
       0.38547064       0.23391851       0.21781742
       0.38851296       0.24045913       0.22614547
       0.39120574       0.24673197       0.23411994
       0.39356829       0.25272095       0.24170460
       0.39562327       0.25841741       0.24887730
       0.39739543       0.26381884       0.25562797
       0.39891051       0.26892761       0.26195643
       0.40019435       0.27374971       0.26787011
       0.40127220       0.27829371       0.27338197
       0.40216820       0.28256979       0.27850854
       0.40290512       0.28658906       0.28326838
       0.40350416       0.29036293       0.28768076
       0.40398498       0.29390283       0.29176474
       0.40436577       0.29721989       0.29553851
       0.40466336       0.30032491       0.29901908
       0.40489348       0.30322832       0.30222209
       0.40507087       0.30594026       0.30516188
       0.40520956       0.30847067       0.30785165
       0.40532300       0.31082942       0.31030369
       0.40542423       0.31302649       0.31252972
       0.40552599       0.31507200       0.31454110
       0.40564082       0.31697637       0.31634918
       0.40578107       0.31875037       0.31796552
       0.40595895       0.32040516       0.31940205
       0.40618650       0.32195229       0.32067129
       0.40647553       0.32340370       0.32178636
       0.40683760       0.32477166       0.32276110
       0.40728388       0.32606869       0.32361002
       0.40782515       0.32730750       0.32434824
       0.40847161       0.32850089       0.32499149
       0.40923285       0.32966163       0.32555592
       0.41011773       0.33080236       0.32605803
       0.41113430       0.33193545       0.32651453
       0.41228968       0.33307292       0.32694217
       0.41359003       0.33422632       0.32735760
       0.41504043       0.33540658       0.32777723
       0.41664485       0.33662398       0.32821705
       0.41840610       0.33788799       0.32869252
       0.42032574       0.33920722       0.32921838
       0.42240412       0.34058931       0.32980856
       0.42464032       0.34204090       0.33047601
       0.42703214       0.34356751       0.33123260
       0.42957613       0.34517355       0.33208903
       0.43226759       0.34686222       0.33305469
       0.43510059       0.34863554       0.33413756
       0.43806802       0.35049425       0.33534421
       0.44116166       0.35243786       0.33667965
       0.44437219       0.35446464       0.33814732
       0.44768930       0.35657159       0.33974904
       0.45110177       0.35875453       0.34148502
       0.45459752       0.36100805       0.34335381
       0.45816376       0.36332562       0.34535235
       0.46178702       0.36569962       0.34747597
       0.46545331       0.36812137       0.34971847
       0.46914820       0.37058125       0.35207214
       0.47285692       0.37306873       0.35452785
       0.47656448       0.37557247       0.35707516
       0.48025574       0.37808039       0.35970237
       0.48391555       0.38057977       0.36239669
       0.48752882       0.38305732       0.36514427
       0.49108061       0.38549924       0.36793039
       0.49455621       0.38789136       0.37073952
       0.49794119       0.39021915       0.37355548
       0.50122152       0.39246782       0.37636151
       0.50438355       0.39462236       0.37914039
       0.50741414       0.39666761       0.38187450
       0.51030062       0.39858829       0.38454596
       0.51303087       0.40036904       0.38713661
       0.51559336       0.40199442       0.38962813
       0.51797711       0.40344896       0.39200203
       0.52017180       0.40471713       0.39423968
       0.52216771       0.40578336       0.39632230
       0.52395578       0.40663202       0.39823093
       0.52552763       0.40724738       0.39994641
       0.52687558       0.40761363       0.40144930
       0.52799270       0.40771483       0.40271984
       0.52887286       0.40753489       0.40373782
       0.52951076       0.40705756       0.40448251
       0.52990208       0.40626638       0.40493252
       0.53004351       0.40514474       0.40506571
       0.52993294       0.40367581       0.40485903
       0.52956958       0.40184265       0.40428838
       0.52895418       0.39962823       0.40332853
       0.52808925       0.39701551       0.40195294
       0.52697935       0.39398762       0.40013366
       0.52563146       0.39052806       0.39784133
       0.52405532       0.38662095       0.39504504
       0.52226392       0.38225141       0.39171247
       0.52027400       0.37740604       0.38780999
       0.51810670       0.37207353       0.38330288
       0.51578814       0.36624541       0.37815585
       0.51335020       0.35991706       0.37233364
       0.51083130       0.35308882       0.36580204
       0.50827716       0.34576743       0.35852918
       0.50574162       0.33796776       0.35048742
       0.50328741       0.32971473       0.34165570
       0.50098672       0.32104561       0.33202270
       0.49892163       0.31201255       0.32159073
       0.49718415       0.30268529       0.31038061
       0.49587575       0.29315397       0.29843740
       0.49510620       0.28353187       0.28583709
       0.49499158       0.27395770       0.27269403
       0.49565099       0.26459719       0.25916860
       0.49720218       0.25564341       0.24547463
       0.49975544       0.24731525       0.23188540
       0.50340622       0.23985347       0.21873706
       0.50822623       0.23351359       0.20642757
       0.51425369       0.22855543       0.19540949
       0.52148320       0.22522880       0.18617478
       0.52985648       0.22375608       0.17923060
       0.53925508       0.22431252       0.17506575
       0.54949661       0.22700611       0.17410974
       0.56033575       0.23185954       0.17668780
       0.57147103       0.23879697       0.18297743
       0.58255773       0.24763839       0.19297332
       0.59322607       0.25810349       0.20646745
       0.60310332       0.26982561       0.22304937
       0.61183725       0.28237497       0.24212892
       0.61911842       0.29528823       0.26297925
       0.62469838       0.30810091       0.28479456
       0.62840206       0.32037833       0.30675397
       0.63013321       0.33174140       0.32808274
       0.62987294       0.34188478       0.34810276
       0.62767249       0.35058632       0.36626746
       0.62364174       0.35770812       0.38217926
       0.61793541       0.36319068       0.39559074
       0.61073867       0.36704223       0.40639293
       0.60225366       0.36932540       0.41459485
       0.59268772       0.37014315       0.42029876
       0.58224410       0.36962536       0.42367457
       0.57111495       0.36791722       0.42493613
       0.55947673       0.36516958       0.42432096
       0.54748752       0.36153175       0.42207400
       0.53528595       0.35714622       0.41843554
       0.52299130       0.35214531       0.41363289
       0.51070439       0.34664921       0.40787515
       0.49850904       0.34076522       0.40135047
       0.48647376       0.33458771       0.39422515
       0.47465358       0.32819864       0.38664395
       0.46309187       0.32166850       0.37873139
       0.45182199       0.31505730       0.37059334
       0.44086888       0.30841572       0.36231898
       0.43025044       0.30178624       0.35398276
       0.41997875       0.29520417       0.34564633
       0.41006112       0.28869864       0.33736030
       0.40050098       0.28229349       0.32916589
       0.39129865       0.27600803       0.32109631
       0.38245193       0.26985774       0.31317808
       0.37395670       0.26385486       0.30543207
       0.36580728       0.25800886       0.29787446
       0.35799684       0.25232693       0.29051751
       0.35051766       0.24681431       0.28337020
       0.34336138       0.24147460       0.27643887
       0.33651919       0.23631006       0.26972759
       0.32998197       0.23132180       0.26323862
       0.32374044       0.22650998       0.25697272
       0.31778525       0.22187395       0.25092940
       0.31210705       0.21741243       0.24510718
       0.30669656       0.21312359       0.23950375
       0.30154461       0.20900512       0.23411615
       0.29664219       0.20505440       0.22894088
       0.29198047       0.20126845       0.22397404
       0.28755081       0.19764410       0.21921136
       0.28334481       0.19417797       0.21464835
       0.27935429       0.19086652       0.21028032
       0.27557130       0.18770612       0.20610243
       0.27198813       0.18469305       0.20210975
       0.26859734       0.18182352       0.19829729
       0.26539169       0.17909372       0.19466004
       0.26236421       0.17649983       0.19119298
       0.25950816       0.17403801       0.18789110
       0.25681701       0.17170447       0.18474944
       0.25428450       0.16949540       0.18176308
       0.25190456       0.16740705       0.17892717
       0.24967135       0.16543572       0.17623692
       0.24757925       0.16357774       0.17368764
       0.24562283       0.16182952       0.17127470
       0.24379686       0.16018750       0.16899359
       0.24209631       0.15864821       0.16683988
       0.24051634       0.15720823       0.16480924
       0.23905228       0.15586421       0.16289744
       0.23769963       0.15461288       0.16110037
       0.23645407       0.15345103       0.15941400
       0.23531143       0.15237552       0.15783443
       0.23426768       0.15138329       0.15635784
       0.23331897       0.15047135       0.15498052
       0.23246154       0.14963678       0.15369889
       0.23169181       0.14887671       0.15250944
       0.23100631       0.14818838       0.15140877
       0.23040166       0.14756905       0.15039358
       0.22987465       0.14701607       0.14946067
       0.22942211       0.14652685       0.14860694
       0.22904103       0.14609886       0.14782937
       0.22872846       0.14572962       0.14712503
       0.22848153       0.14541671       0.14649109
       0.22829749       0.14515776       0.14592477
       0.22817362       0.14495045       0.14542341
       0.22810730       0.14479251       0.14498439
       0.22809595       0.14468170       0.14460518
       0.22813708       0.14461585       0.14428332
       0.22822823       0.14459278       0.14401640
       0.22836698       0.14461038       0.14380207
       0.22855098       0.14466656       0.14363805
       0.22877789       0.14475925       0.14352207
       0.22904542       0.14488641       0.14345195
       0.22935130       0.14504602       0.14342552
       0.22969330       0.14523606       0.14344065
       0.23006921       0.14545456       0.14349526
       0.23047682       0.14569953       0.14358726
       0.23091396       0.14596900       0.14371460
       0.23137846       0.14626100       0.14387526
       0.23186817       0.14657357       0.14406720
       0.23238097       0.14690476       0.14428841
       0.23291471       0.14725261       0.14453689
       0.23346728       0.14761517       0.14481061
       0.23403658       0.14799046       0.14510757
       0.23462051       0.14837653       0.14542574
       0.23521699       0.14877142       0.14576309
       0.23582396       0.14917316       0.14611758
       0.23643936       0.14957978       0.14648717
       0.23706115       0.14998930       0.14686976
       0.23768734       0.15039977       0.14726329
       0.23831592       0.15080920       0.14766566
       0.23894495       0.15121565       0.14807473
       0.23957249       0.15161714       0.14848838
       0.24019666       0.15201173       0.14890446
       0.24081562       0.15239748       0.14932080
       0.24142756       0.15277248       0.14973522
       0.24203075       0.15313482       0.15014554
       0.24262352       0.15348264       0.15054956
       0.24320423       0.15381408       0.15094508
       0.24377137       0.15412736       0.15132991
       0.24432348       0.15442069       0.15170186
       0.24485918       0.15469238       0.15205872
       0.24537722       0.15494077       0.15239835
       0.24587644       0.15516427       0.15271859
       0.24635580       0.15536136       0.15301733
       0.24681437       0.15553060       0.15329248
       0.24725138       0.15567066       0.15354202
       0.24766618       0.15578029       0.15376396
       0.24805829       0.15585836       0.15395638
       0.24842737       0.15590387       0.15411746
       0.24877327       0.15591594       0.15424544
       0.24909602       0.15589385       0.15433866
       0.24939583       0.15583703       0.15439560
       0.24967311       0.15574509       0.15441484
       0.24992848       0.15561783       0.15439514
       0.25016278       0.15545525       0.15433538
       0.25037706       0.15525755       0.15423465
       0.25057263       0.15502519       0.15409224
       0.25075098       0.15475885       0.15390765
       0.25091390       0.15445951       0.15368062
       0.25106339       0.15412837       0.15341118
       0.25120170       0.15376699       0.15309963
       0.25133132       0.15337719       0.15274658
       0.25145499       0.15296112       0.15235299
       0.25157569       0.15252128       0.15192019
       0.25169661       0.15206052       0.15144988
       0.25182120       0.15158202       0.15094419
       0.25195307       0.15108934       0.15040569
       0.25209606       0.15058640       0.14983741
       0.25225414       0.15007751       0.14924286
       0.25243145       0.14956733       0.14862605
       0.25263223       0.14906087       0.14799151
       0.25286083       0.14856351       0.14734427
       0.25312162       0.14808095       0.14668992
       0.25341897       0.14761919       0.14603455
       0.25375723       0.14718454       0.14538475
       0.25414066       0.14678352       0.14474764
       0.25457336       0.14642286       0.14413076
       0.25505927       0.14610945       0.14354210
       0.25560206       0.14585025       0.14298999
       0.25620510       0.14565226       0.14248308
       0.25687140       0.14552243       0.14203024
       0.25760359       0.14546759       0.14164048
       0.25840379       0.14549437       0.14132284
       0.25927366       0.14560911       0.14108627
       0.26021430       0.14581778       0.14093955
       0.26122622       0.14612588       0.14089110
       0.26230937       0.14653838       0.14094889
       0.26346307       0.14705960       0.14112030
       0.26468605       0.14769321       0.14141194
       0.26597643       0.14844206       0.14182960
       0.26733179       0.14930825       0.14237807
       0.26874918       0.15029298       0.14306105
       0.27022519       0.15139662       0.14388106
       0.27175599       0.15261863       0.14483939
       0.27333744       0.15395762       0.14593607
       0.27496517       0.15541137       0.14716981
       0.27663465       0.15697686       0.14853808
       0.27834133       0.15865037       0.15003712
       0.28008070       0.16042754       0.15166201
       0.28184840       0.16230345       0.15340683
       0.28364034       0.16427276       0.15526474
       0.28545276       0.16632979       0.15722818
       0.28728232       0.16846867       0.15928898
       0.28912618       0.17068342       0.16143861
       0.29098199       0.17296808       0.16366834
       0.29284803       0.17531682       0.16596939
       0.29472314       0.17772402       0.16833318
       0.29660676       0.18018436       0.17075143
       0.29849892       0.18269288       0.17321634
       0.30040018       0.18524505       0.17572071
       0.30231163       0.18783677       0.17825802
       0.30423482       0.19046441       0.18082251
       0.30617167       0.19312481       0.18340926
       0.30812444       0.19581523       0.18601412
       0.31009561       0.19853337       0.18863377
       0.31208784       0.20127729       0.19126565
       0.31410388       0.20404539       0.19390790
       0.31614648       0.20683632       0.19655929
       0.31821835       0.20964893       0.19921913
       0.32032206       0.21248224       0.20188715
       0.32246002       0.21533534       0.20456345
       0.32463442       0.21820735       0.20724831
       0.32684721       0.22109739       0.20994218
       0.32910004       0.22400450       0.21264554
       0.33139428       0.22692762       0.21535881
       0.33373101       0.22986558       0.21808230
       0.33611101       0.23281707       0.22081615
       0.33853476       0.23578063       0.22356031
       0.34100250       0.23875466       0.22631445
       0.34351418       0.24173741       0.22907804
       0.34606957       0.24472703       0.23185027
       0.34866821       0.24772155       0.23463014
       0.35130947       0.25071894       0.23741643
       0.35399256       0.25371712       0.24020776
       0.35671657       0.25671400       0.24300266
       0.35948047       0.25970749       0.24579959
       0.36228313       0.26269554       0.24859697
       0.36512332       0.26567617       0.25139329
       0.36799972       0.26864748       0.25418710
       0.37091092       0.27160767       0.25697712
       0.37385540       0.27455504       0.25976219
       0.37683152       0.27748801       0.26254137
       0.37983750       0.28040511       0.26531395
       0.38287140       0.28330496       0.26807944
       0.38593110       0.28618627       0.27083757
       0.38901422       0.28904779       0.27358833
       0.39211815       0.29188832       0.27633188
       0.39523998       0.29470665       0.27906857
       0.39837646       0.29750153       0.28179889
       0.40152400       0.30027162       0.28452342
       0.40467859       0.30301545       0.28724275
       0.40783578       0.30573137       0.28995746
       0.41099068       0.30841749       0.29266803
       0.41413791       0.31107165       0.29537476
       0.41727160       0.31369135       0.29807771
       0.42038533       0.31627371       0.30077658
       0.42347220       0.31881543       0.30347069
       0.42652475       0.32131272       0.30615887
       0.42953503       0.32376128       0.30883936
       0.43249458       0.32615625       0.31150977
       0.43539445       0.32849221       0.31416700
       0.43822525       0.33076308       0.31680716
       0.44097716       0.33296218       0.31942552
       0.44364002       0.33508216       0.32201646
       0.44620333       0.33711501       0.32457340
       0.44865632       0.33905204       0.32708879
       0.45098807       0.34088391       0.32955406
       0.45318751       0.34260060       0.33195960
       0.45524352       0.34419144       0.33429472
       0.45714506       0.34564514       0.33654768
       0.45888121       0.34694979       0.33870565
       0.46044128       0.34809290       0.34075472
       0.46181492       0.34906142       0.34267991
       0.46299222       0.34984181       0.34446515
       0.46396384       0.35042004       0.34609334
       0.46472112       0.35078166       0.34754632
       0.46525618       0.35091188       0.34880489
       0.46556213       0.35079555       0.34984883
       0.46563315       0.35041732       0.35065693
       0.46546468       0.34976164       0.35120696
       0.46505358       0.34881292       0.35147572
       0.46439834       0.34755555       0.35143905
       0.46349926       0.34597412       0.35107182
       0.46235871       0.34405348       0.35034803
       0.46098136       0.34177898       0.34924077
       0.45937449       0.33913665       0.34772237
       0.45754826       0.33611349       0.34576444
       0.45551612       0.33269778       0.34333807
       0.45329515       0.32887948       0.34041400
       0.45090647       0.32465071       0.33696299
       0.44837573       0.32000635       0.33295619
       0.44573357       0.31494469       0.32836574
       0.44301610       0.30946832       0.32316554
       0.44026544       0.30358509       0.31733231
       0.43753017       0.29730926       0.31084685
       0.43486576       0.29066279       0.30369579
       0.43233489       0.28367690       0.29587368
       0.43000764       0.27639362       0.28738559
       0.42796142       0.26886759       0.27825029
       0.42628052       0.26116782       0.26850393
       0.42505533       0.25337942       0.25820425
       0.42438091       0.24560507       0.24743521
       0.42435487       0.23796607       0.23631187
       0.42507449       0.23060271       0.22498504
       0.42663284       0.22367355       0.21364531
       0.42911405       0.21735333       0.20252573
       0.43258759       0.21182913       0.19190210
       0.43710185       0.20729448       0.18209014
       0.44267733       0.20394122       0.17343817
       0.44929993       0.20194922       0.16631475
       0.45691501       0.20147422       0.16109064
       0.46542308       0.20263480       0.15811553
       0.47467794       0.20549929       0.15769070
       0.48448807       0.21007448       0.16003993
       0.49462174       0.21629752       0.16528206
       0.50481594       0.22403270       0.17340909
       0.51478886       0.23307411       0.18427356
       0.52425473       0.24315464       0.19758826
       0.53293988       0.25396071       0.21293952
       0.54059814       0.26515136       0.22981318
       0.54702417       0.27637954       0.24763042
       0.55206324       0.28731313       0.26578871
       0.55561672       0.29765355       0.28370293
       0.55764308       0.30714997       0.30084155
       0.55815477       0.31560825       0.31675446
       0.55721181       0.32289447       0.33109032
       0.55491313       0.32893352       0.34360340
       0.55138683       0.33370373       0.35415098
       0.54678044       0.33722899       0.36268370
       0.54125175       0.33956949       0.36923110
       0.53496102       0.34081216       0.37388508
       0.52806459       0.34106170       0.37678298
       0.52071017       0.34043270       0.37809196
       0.51303355       0.33904312       0.37799546
       0.50515662       0.33700920       0.37668218
       0.49718648       0.33444175       0.37433769
       0.48921533       0.33144363       0.37113832
       0.48132104       0.32810823       0.36724720
       0.47356799       0.32451872       0.36281194
       0.46600832       0.32074794       0.35796358
       0.45868313       0.31685868       0.35281655
       0.45162388       0.31290421       0.34746926
       0.44485360       0.30892905       0.34200511
       0.43838814       0.30496978       0.33649373
       0.43223728       0.30105591       0.33099242
       0.42640570       0.29721068       0.32554749
       0.42089389       0.29345186       0.32019566
       0.41569894       0.28979254       0.31496527
       0.41081519       0.28624170       0.30987749
       0.40623482       0.28280491       0.30494733
       0.40194835       0.27948481       0.30018459
       0.39794509       0.27628158       0.29559465
       0.39421347       0.27319339       0.29117922
       0.39074134       0.27021671       0.28693688
       0.38751627       0.26734668       0.28286372
       0.38452574       0.26457737       0.27895369
       0.38175734       0.26190198       0.27519906
       0.37919893       0.25931313       0.27159074
       0.37683875       0.25680299       0.26811860
       0.37466560       0.25436347       0.26477166
       0.37266887       0.25198638       0.26153841
       0.37083867       0.24966356       0.25840692
       0.36916591       0.24738701       0.25536508
       0.36764234       0.24514903       0.25240074
       0.36626064       0.24294231       0.24950188
       0.36501445       0.24076008       0.24665674
       0.36389844       0.23859619       0.24385399
       0.36290833       0.23644524       0.24108283
       0.36204094       0.23430270       0.23833322
       0.36129420       0.23216502       0.23559594
       0.36066720       0.23002975       0.23286285
       0.36016014       0.22789565       0.23012698
       0.35977439       0.22576285       0.22738278
       0.35951242       0.22363291       0.22462630
       0.35937781       0.22150902       0.22185542
       0.35937514       0.21939603       0.21907004
       0.35950997       0.21730063       0.21627238
       0.35978866       0.21523141       0.21346716
       0.36021828       0.21319891       0.21066192
       0.36080642       0.21121572       0.20786717
       0.36156094       0.20929645       0.20509669
       0.36248975       0.20745768       0.20236767
       0.36360047       0.20571791       0.19970085
       0.36490008       0.20409739       0.19712059
       0.36639454       0.20261784       0.19465484
       0.36808834       0.20130220       0.19233501
       0.36998402       0.20017415       0.19019565
       0.37208173       0.19925765       0.18827402
       0.37437869       0.19857630       0.18660947
       0.37686874       0.19815269       0.18524260
       0.37954192       0.19800756       0.18421422
       0.38238406       0.19815904       0.18356415
       0.38537656       0.19862179       0.18332981
       0.38849619       0.19940611       0.18354476
       0.39171507       0.20051721       0.18423704
       0.39500089       0.20195450       0.18542769
       0.39831720       0.20371103       0.18712919
       0.40162397       0.20577316       0.18934425
       0.40487826       0.20812047       0.19206474
       0.40803516       0.21072584       0.19527114
       0.41104874       0.21355590       0.19893233
       0.41387321       0.21657175       0.20300590
       0.41646405       0.21972980       0.20743903
       0.41877916       0.22298298       0.21216976
       0.42077995       0.22628199       0.21712871
       0.42243230       0.22957668       0.22224121
       0.42370738       0.23281743       0.22742950
       0.42458225       0.23595648       0.23261515
       0.42504030       0.23894914       0.23772138
       0.42507136       0.24175483       0.24267517
       0.42467172       0.24433791       0.24740921
       0.42384383       0.24666825       0.25186338
       0.42259593       0.24872161       0.25598590
       0.42094145       0.25047976       0.25973410
       0.41889839       0.25193036       0.26307468
       0.41648857       0.25306672       0.26598374
       0.41373685       0.25388737       0.26844635
       0.41067043       0.25439554       0.27045599
       0.40731813       0.25459856       0.27201375
       0.40370965       0.25450725       0.27312734
       0.39987506       0.25413527       0.27381017
       0.39584422       0.25349848       0.27408027
       0.39164634       0.25261442       0.27395937
       0.38730964       0.25150173       0.27347191
       0.38286101       0.25017967       0.27264425
       0.37832587       0.24866778       0.27150388
       0.37372795       0.24698546       0.27007880
       0.36908923       0.24515171       0.26839695
       0.36442991       0.24318495       0.26648578
       0.35976834       0.24110276       0.26437187
       0.35512111       0.23892183       0.26208070
       0.35050310       0.23665784       0.25963642
       0.34592749       0.23432538       0.25706170
       0.34140594       0.23193798       0.25437769
       0.33694858       0.22950807       0.25160394
       0.33256421       0.22704701       0.24875843
       0.32826033       0.22456509       0.24585757
       0.32404327       0.22207163       0.24291627
       0.31991831       0.21957498       0.23994796
       0.31588973       0.21708257       0.23696472
       0.31196096       0.21460100       0.23397732
       0.30813460       0.21213606       0.23099530
       0.30441258       0.20969283       0.22802708
       0.30079617       0.20727568       0.22508004
       0.29728607       0.20488839       0.22216058
       0.29388251       0.20253414       0.21927422
       0.29058527       0.20021560       0.21642569
       0.28739373       0.19793496       0.21361896
       0.28430696       0.19569400       0.21085735
       0.28132374       0.19349407       0.20814355
       0.27844259       0.19133622       0.20547974
       0.27566182       0.18922115       0.20286757
       0.27297959       0.18714929       0.20030828
       0.27039389       0.18512084       0.19780271
       0.26790260       0.18313577       0.19535132
       0.26550353       0.18119384       0.19295431
       0.26319438       0.17929467       0.19061154
       0.26097285       0.17743773       0.18832269
       0.25883659       0.17562236       0.18608717
       0.25678323       0.17384781       0.18390425
       0.25481043       0.17211326       0.18177302
       0.25291586       0.17041779       0.17969244
       0.25109723       0.16876046       0.17766134
       0.24935228       0.16714031       0.17567850
       0.24767885       0.16555635       0.17374259
       0.24607480       0.16400758       0.17185224
       0.24453812       0.16249303       0.17000605
       0.24306685       0.16101175       0.16820260
       0.24165916       0.15956284       0.16644045
       0.24031331       0.15814545       0.16471820
       0.23902769       0.15675877       0.16303445
       0.23780079       0.15540209       0.16138787
       0.23663125       0.15407479       0.15977716
       0.23551784       0.15277634       0.15820110
       0.23445946       0.15150632       0.15665855
       0.23345518       0.15026442       0.15514848
       0.23250420       0.14905047       0.15366997
       0.23160587       0.14786443       0.15222219
       0.23075970       0.14670642       0.15080449
       0.22996537       0.14557670       0.14941634
       0.22922270       0.14447570       0.14805739
       0.22853167       0.14340402       0.14672744
       0.22789243       0.14236243       0.14542650
       0.22730526       0.14135189       0.14415475
       0.22677062       0.14037353       0.14291261
       0.22628908       0.13942868       0.14170067
       0.22586139       0.13851887       0.14051978
       0.22548840       0.13764579       0.13937100
       0.22517110       0.13681134       0.13825564
       0.22491059       0.13601761       0.13717524
       0.22470807       0.13526686       0.13613158
       0.22456483       0.13456153       0.13512668
       0.22448224       0.13390421       0.13416282
       0.22446171       0.13329767       0.13324250
       0.22450473       0.13274482       0.13236843
       0.22461278       0.13224867       0.13154357
       0.22478737       0.13181236       0.13077107
       0.22502998       0.13143913       0.13005424
       0.22534208       0.13113226       0.12939661
       0.22572508       0.13089510       0.12880179
       0.22618031       0.13073100       0.12827355
       0.22670903       0.13064331       0.12781573
