   0.2991195106312596   0.2106147426923907   0.2343310996411128
   0.2916429594308454   0.1994682532427574   0.2214962682367593
   0.2847979081776767   0.1883106169800194   0.2081485979493461
   0.2787557097692359   0.1772897725574235   0.1943898502731127
   0.2737013708143255   0.1665875587779920   0.1803662637820248
   0.2698284911679673   0.1564226047626968   0.1662809549144877
   0.2673310992761945   0.1470504832001278   0.1524041737782132
   0.2663920049629548   0.1387600384302418   0.1390806991831294
   0.2671675775076439   0.1318643806297798   0.1267313477605637
   0.2697695003527082   0.1266852214652234   0.1158448521062117
   0.2742449734952853   0.1235299215678717   0.1069563173514220
   0.2805579155556555   0.1226619550569100   0.1006096345291499
   0.2885746898885225   0.1242674240070376   0.0973040664094026
   0.2980583288246721   0.1284224183333648   0.0974297003696824
   0.3086747099674386   0.1350677024541224   0.1012016856966216
   0.3200123849839776   0.1439975123695639   0.1086072726411200
   0.3316149406616975   0.1548674632975885   0.1193803386973274
   0.3430215944566722   0.1672227024944635   0.1330137519155275
   0.3538092761290397   0.1805424831796598   0.1488110159784364
   0.3636287224108373   0.1942930061430408   0.1659680024186788
   0.3722285060363005   0.2079783550961649   0.1836673373788069
   0.3794639709608522   0.2211804024982967   0.2011654746428524
   0.3852916435729029   0.2335821362752725   0.2178563412421321
   0.3897526263469637   0.2449734435095360   0.2333035619577395
   0.3929499818208970   0.2552423305581620   0.2472421178053662
   0.3950250710234619   0.2643568039904784   0.2595568217045625
   0.3961366473012413   0.2723429986711553   0.2702478259984659
   0.3964448665218806   0.2792641055349528   0.2793928436765233
   0.3961008214328725   0.2852029688589290   0.2871131747640152
   0.3952410737899795   0.2902495439783476   0.2935474149801036
   0.3939860366485601   0.2944931217548875   0.2988339143958229
   0.3924408813349251   0.2980184617281296   0.3031011325945540
   0.3906977666485318   0.3009046777743135   0.3064640518414992
   0.3888384649530682   0.3032257516239351   0.3090245663054000
   0.3869367761689146   0.3050517636932291   0.3108739915561406
   0.3850604040501679   0.3064502086808609   0.3120962870466482
   0.3832721853132778   0.3074870274180183   0.3127710757462124
   0.3816307042942337   0.3082271964354015   0.3129759735965575
   0.3801904030445992   0.3087348605579388   0.3127880609933339
   0.3790013253551356   0.3090730767799977   0.3122845336315799
   0.3781086302535688   0.3093032732397131   0.3115426779824936
   0.3775519907005793   0.3094845308596965   0.3106393535363978
   0.3773649672869849   0.3096727810675503   0.3096501560725931
   0.3775744215831701   0.3099199915841150   0.3086484054732777
   0.3782000129977278   0.3102733906262591   0.3077040637830080
   0.3792538077553891   0.3107747619474244   0.3068826542430454
   0.3807400185516965   0.3114598304926554   0.3062442250122314
   0.3826548873940970   0.3123577510311659   0.3058423838508691
   0.3849867205903727   0.3134907089538997   0.3057234215501102
   0.3877160823247985   0.3148736420362951   0.3059255403847143
   0.3908161505545552   0.3165140928132505   0.3064782067842417
   0.3942532352276334   0.3184122018737937   0.3074016520565668
   0.3979874536687780   0.3205608517323720   0.3087065488680824
   0.4019735514403733   0.3229459682481185   0.3103938922642003
   0.4061618494931468   0.3255469815801987   0.3124551109454509
   0.4104992907151961   0.3283374415954965   0.3148724267486404
   0.4149305519838449   0.3312857741218288   0.3176194681343610
   0.4193991824656425   0.3343561554291382   0.3206621280831868
   0.4238487260045075   0.3375094739593070   0.3239596399297427
   0.4282237855220469   0.3407043417366854   0.3274658284549719
   0.4324709905932535   0.3438981140012369   0.3311304801572993
   0.4365398355174010   0.3470478749859756   0.3349007678208958
   0.4403833636729181   0.3501113505371448   0.3387226614257108
   0.4439586838507841   0.3530477141215176   0.3425422604018994
   0.4472273145962127   0.3558182609671338   0.3463069906794156
   0.4501553623645636   0.3583869346756929   0.3499666226761431
   0.4527135476797585   0.3607207005710469   0.3534740816081756
   0.4548770998860964   0.3627897693248283   0.3567860374511303
   0.4566255452148230   0.3645676822427908   0.3598632768339258
   0.4579424147394494   0.3660312754962504   0.3626708717758609
   0.4588148986018510   0.3671605443317320   0.3651781696447752
   0.4592334710538513   0.3679384299474109   0.3673586346923925
   0.4591915078610540   0.3683505515534156   0.3691895741373681
   0.4586849139529706   0.3683849045308679   0.3706517814767433
   0.4577117753259269   0.3680315430217000   0.3717291271709852
   0.4562720454799430   0.3672822621579769   0.3724081227948500
   0.4543672733658310   0.3661302918612538   0.3726774798716891
   0.4520003771037608   0.3645700110158297   0.3725276795069729
   0.4491754656925059   0.3625966880647417   0.3719505640669463
   0.4458977095743315   0.3602062518337685   0.3709389578283302
   0.4421732602208512   0.3573950947300075   0.3694863199453999
   0.4380092187975735   0.3541599094125267   0.3675864303305383
   0.4334136543730290   0.3504975595876128   0.3652331071410131
   0.4283956729830193   0.3464049857205708   0.3624199534847607
   0.4229655400664593   0.3418791471601574   0.3591401306642857
   0.4171348602871429   0.3369170034312821   0.3553861557438004
   0.4109168204801166   0.3315155392753862   0.3511497224548327
   0.4043265033443141   0.3256718404372580   0.3464215465036025
   0.3973812814628184   0.3193832302670518   0.3411912393298053
   0.3901013031558683   0.3126474810022745   0.3354472184945718
   0.3825100833913509   0.3054631182027373   0.3291766684478781
   0.3746352142354364   0.2978298423095151   0.3223655728577608
   0.3665092097293265   0.2897490977209234   0.3149988495088588
   0.3581704990381561   0.2812248270566679   0.3070606316363025
   0.3496645783748076   0.2722644561515604   0.2985347561518810
   0.3410453253340094   0.2628801631769667   0.2894055401865330
   0.3323764672064362   0.2530904919688529   0.2796589530745971
   0.3237331753777163   0.2429223731235394   0.2692843209940640
   0.3152037283186364   0.2324136134253221   0.2582767341931874
   0.3068911428163451   0.2216158996819178   0.2466403577879354
   0.2989146139015069   0.2105983298583735   0.2343928680625310
