-0.07664245
-0.10831871
-0.14485434
-0.1867949899999999
-0.2345164399999999
-0.2881921299999999
-0.34775834
-0.4128770099999999
-0.48289715
-0.55681639
-0.63324616
-0.71038489
-0.7860058199999999
-0.85746725
-0.9217542199999999
-0.97556027
-1.015416799999999
-1.037873499999999
-1.0397274
-1.0182905
-0.9716755099999999
-0.8990714899999999
-0.8009724299999999
-0.6793214199999999
-0.5375366499999999
-0.3803977299999999
-0.2137895099999999
-0.04432224099999999
0.12113213
0.27593325
0.4141351999999999
0.5308648799999999
0.6225766799999999
0.68716531
0.72394055
0.7334859599999999
0.7174361299999999
0.67821111
0.6187450399999999
0.5422386
0.45195581
0.3510756099999999
0.24260028
0.12931596
0.01379602299999999
-0.10156442
-0.2144957
-0.3227954
-0.42427701
-0.51673627
-0.59794477
-0.66567752
-0.71777857
-0.7522645
-0.7674608499999999
-0.76216125
-0.73579329
-0.6885711599999999
-0.62161233
-0.5369964499999999
-0.4377488299999999
-0.32773929
-0.2114978
-0.09396036
0.019830657
0.12504061
0.2173377099999999
0.2931394299999999
0.34978851
0.38564817
0.40011759
0.39357892
0.36729368
0.3232692799999999
0.2641154199999999
0.19290605
0.11305682
0.028221723
-0.05779370799999999
-0.14110958
-0.21784929
-0.28422846
-0.3366641799999999
-0.37191021
-0.3872173999999999
-0.3805119599999999
-0.3505764299999999
-0.2972117899999999
-0.2213553199999999
-0.12512882
-0.011797059
0.11437395
0.2483555799999999
0.3846740799999999
0.51777582
0.6424006799999999
0.75392249
0.8486202699999999
0.92385549
0.97814469
1.011131599999999
1.0234749
1.016675199999999
0.9928685699999999
0.95461105
0.9046757699999999
0.8458759599999999
0.7809227199999999
0.71231949
0.64229146
0.5727451999999999
0.50525251
0.44105229
0.3810645799999999
0.32591216
0.27594594
0.23127178
0.19177717
0.1571572099999999
0.12693955
0.1005086699999999
0.077129763
0.05597262599999999
0.03613579
0.016671136
-0.003390999799999999
-0.02501626699999999
-0.04914032