-0.085540711
-0.1255711999999999
-0.1715395
-0.22359026
-0.28168093
-0.34554934
-0.41467789
-0.4882555499999999
-0.56513995
-0.64382314
-0.7224061800000001
-0.7985895
-0.8696870799999999
-0.9326733499999999
-0.9842713899999999
-1.021088599999999
-1.039802399999999
-1.037391699999999
-1.0114021
-0.96022269
-0.8833459599999999
-0.78157309
-0.6571298900000001
-0.51366242
-0.35609518
-0.1903535
-0.022972867
0.13936314
0.29030174
0.42425926
0.5367686999999999
0.62470217
0.68635456
0.72139545
0.73071319
0.7161851600000001
0.6804115
0.62644653
0.55755456
0.47700778
0.38793475
0.29322007
0.1954505699999999
0.09689934700000001
-0.00046199063
-0.09493322799999999
-0.1850467
-0.2695276799999999
-0.34726016
-0.41726263
-0.4786765199999999
-0.53076842
-0.57294551
-0.60478193
-0.6260526699999999
-0.63677011
-0.6372175900000001
-0.62797402
-0.609924
-0.58424854
-0.55239352
-0.5160149099999999
-0.4769023599999999
-0.43688538
-0.39772816
-0.36102082
-0.3280754599999999
-0.2998351
-0.2768025499999999
-0.2589948699999999
-0.24592702
-0.23662648
-0.22967916
-0.2233049299999999
-0.2154604599999999
-0.20396512
-0.18664479
-0.16148643
-0.12679444
-0.081338218
-0.024478547
0.043739552
0.12253919
0.2104177099999999
0.30521054
0.40421062
0.50433481
0.60232258
0.69494807
0.77922494
0.85258465
0.91301278
0.9591336800000001
0.99024082
1.006275999999999
1.0077665
0.995731
0.9715684100000001
0.9369406
0.89366013
0.84358995
0.7885600099999999
0.73030232
0.67040447
0.61027958
0.55115004
0.49404201
0.4397875499999999
0.38903181
0.34224308
0.29972408
0.2616235299999999
0.22794728
0.19856904
0.17324063
0.15160216
0.13319252
0.11746039
0.10377632
0.091445779
0.079723445
0.067828527
0.054960997
0.04031850999999999
0.02311379599999999
0.002592403
-0.021949234
-0.05114520899999999