   0.2187426609009290   0.1342328884711722   0.1335730617769297
   0.2188805016525286   0.1343271270031764   0.1336812535637830
   0.2190153496908995   0.1344201723532975   0.1337886895548217
   0.2191471164032170   0.1345119405421224   0.1338952512662959
   0.2192757201883554   0.1346023523590441   0.1340008268681556
   0.2194010862543128   0.1346913330288763   0.1341053096835579
   0.2195231464733275   0.1347788121135821   0.1342085980429939
   0.2196418392411911   0.1348647234295062   0.1343105951961406
   0.2197571093367225   0.1349490049685718   0.1344112092353352
   0.2198689077804307   0.1350315988211917   0.1345103530235217
   0.2199771916919560   0.1351124510999940   0.1346079441243883
   0.2200819241460725   0.1351915118638554   0.1347039047335061
   0.2201830740271568   0.1352687350419161   0.1347981616097408
   0.2202806158820857   0.1353440783573633   0.1348906460064697
   0.2203745297715780   0.1354175032508328   0.1349812936022762
   0.2204648011200205   0.1354889748033185   0.1350700444308929
   0.2205514205638486   0.1355584616585094   0.1351568428102090
   0.2206343837985609   0.1356259359444894   0.1352416372702027
   0.2207136914244709   0.1356913731947576   0.1353243804796876
   0.2207893487913102   0.1357547522685358   0.1354050291717764
   0.2208613658418054   0.1358160552703421   0.1354835440679956
   0.2209297569543684   0.1358752674688279   0.1355598898009919
   0.2209945407850410   0.1359323772148740   0.1356340348357941
   0.2210557401088509   0.1359873758589653   0.1357059513896059
   0.2211133816607398   0.1360402576678639   0.1357756153501221
   0.2211674959762246   0.1360910197406110   0.1358430061923701
   0.2212181172319734   0.1361396619239028   0.1359081068941007
   0.2212652830864631   0.1361861867268849   0.1359709038497552
   0.2213090345209039   0.1362305992354235   0.1360313867830532
   0.2213494156806084   0.1362729070259160   0.1360895486582590
   0.2213864737169916   0.1363131200787112   0.1361453855901882
   0.2214202586303811   0.1363512506912152   0.1361988967530336
   0.2214508231138232   0.1363873133907613   0.1362500842880935
   0.2214782223980645   0.1364213248473314   0.1362989532104970
   0.2215025140978883   0.1364533037862190   0.1363455113150263
   0.2215237580599841   0.1364832709007217   0.1363897690811436
   0.2215420162125192   0.1365112487649637   0.1364317395773384
   0.2215573524165858   0.1365372617469434   0.1364714383649103
   0.2215698323196821   0.1365613359219044   0.1365088834013157
   0.2215795232113908   0.1365834989861314   0.1365440949431996
   0.2215864938814034   0.1366037801712697   0.1365770954492458
   0.2215908144800390   0.1366222101592706   0.1366079094829762
   0.2215925563813953   0.1366388209980611   0.1366365636156319
   0.2215917920492642   0.1366536460180356   0.1366630863292686
   0.2215885949059380   0.1366667197494701   0.1366875079202017
   0.2215830392040201   0.1366780778409488   0.1367098604029316
   0.2215751999013512   0.1366877569789018   0.1367301774146813
   0.2215651525391514   0.1366957948083385   0.1367484941206758
   0.2215529731234701   0.1367022298548670   0.1367648471202902
   0.2215387380100251   0.1367071014480824   0.1367792743541883
   0.2215225237925119   0.1367104496464019   0.1367918150125749
   0.2215044071944426   0.1367123151634259   0.1368025094446766
   0.2214844649645784   0.1367127392958928   0.1368113990695624
   0.2214627737760026   0.1367117638532988   0.1368185262884141
   0.2214394101288751   0.1367094310892419   0.1368239343983458
   0.2214144502569013   0.1367057836345498   0.1368276675078722
   0.2213879700375425   0.1367008644322456   0.1368297704541174
   0.2213600449059791   0.1366947166743971   0.1368302887218476
   0.2213307497728410   0.1366873837408955   0.1368292683644121
   0.2213001589457008   0.1366789091401992   0.1368267559266630
   0.2212683460543281   0.1366693364520778   0.1368227983699232
   0.2212353839796852   0.1366587092723830   0.1368174429990664
   0.2212013447866508   0.1366470711598697   0.1368107373917608
   0.2211662996604337   0.1366344655850840   0.1368027293299287
   0.2211303188466541   0.1366209358813333   0.1367934667334659
   0.2210934715950407   0.1366065251977427   0.1367829975962537
   0.2210558261067043   0.1365912764544037   0.1367713699244982
   0.2210174494849332   0.1365752322996127   0.1367586316774193
   0.2209784076894522   0.1365584350691890   0.1367448307103085
   0.2209387654940822   0.1365409267478677   0.1367300147199665
   0.2208985864477343   0.1365227489327452   0.1367142311925299
   0.2208579328386636   0.1365039427987618   0.1366975273536847
   0.2208168656619094   0.1364845490661940   0.1366799501212641
   0.2207754445898364   0.1364646079701305   0.1366615460602192
   0.2207337279456988   0.1364441592318980   0.1366423613399473
   0.2206917726801325   0.1364232420324013   0.1366224416939579
   0.2206496343504932   0.1364018949873388   0.1366018323818495
   0.2206073671029376   0.1363801561242482   0.1365805781535684
   0.2205650236571582   0.1363580628613385   0.1365587232159140
   0.2205226552936712   0.1363356519880577   0.1365363112012503
   0.2204803118435555   0.1363129596473429   0.1365133851383823
   0.2204380416805425   0.1362900213194998   0.1364899874255485
   0.2203958917153524   0.1362668718076521   0.1364661598054785
   0.2203539073921706   0.1362435452247014   0.1364419433424606
   0.2203121326871622   0.1362200749817350   0.1364173784013635
   0.2202706101089103   0.1361964937778186   0.1363925046285470
   0.2202293807006802   0.1361728335911055   0.1363673609346010
   0.2201884840443944   0.1361491256711966   0.1363419854788440
   0.2201479582662137   0.1361254005326802   0.1363164156555114
   0.2201078400436171   0.1361016879497835   0.1362906880815631
   0.2200681646138745   0.1360780169520603   0.1362648385860343
   0.2200289657838009   0.1360544158210475   0.1362389022008559
   0.2199902759406939   0.1360309120878118   0.1362129131530648
   0.2199521260643426   0.1360075325313173   0.1361869048583254
   0.2199145457400108   0.1359843031775371   0.1361609099156823
   0.2198775631722872   0.1359612492992364   0.1361349601034625
   0.2198412051997078   0.1359383954163512   0.1361090863762431
   0.2198054973100479   0.1359157652968916   0.1360833188628031
   0.2197704636561905   0.1358933819582925   0.1360576868649745
   0.2197361270724753   0.1358712676691431   0.1360322188573087
   0.2197025090914379   0.1358494439512193   0.1360069424874741
   0.2196696299608516   0.1358279315817519   0.1359818845773010
   0.2196375086609834   0.1358067505958587   0.1359570711243903
   0.2196061629219841   0.1357859202890732   0.1359325273042030
   0.2195756092413317   0.1357654592199035   0.1359082774725474
   0.2195458629012517   0.1357453852123578   0.1358843451683835
   0.2195169379860464   0.1357257153583732   0.1358607531168644
   0.2194888473992557   0.1357064660200875   0.1358375232325363
   0.2194616028805955   0.1356876528318991   0.1358146766226206
   0.2194352150226058   0.1356692907022566   0.1357922335903007
   0.2194096932869575   0.1356513938151300   0.1357702136379443
   0.2193850460203617   0.1356339756311128   0.1357486354701884
   0.2193612804700422   0.1356170488881109   0.1357275169968188
   0.2193384027987212   0.1356006256015770   0.1357068753353823
   0.2193164180990887   0.1355847170642522   0.1356867268134642
   0.2192953304077201   0.1355693338453821   0.1356670869705789
   0.2192751427184177   0.1355544857893775   0.1356479705596132
   0.2192558569949553   0.1355401820138969   0.1356293915477751
   0.2192374741832109   0.1355264309073263   0.1356113631169978
   0.2192199942226789   0.1355132401256464   0.1355938976637588
   0.2192034160573587   0.1355006165886742   0.1355770067982737
   0.2191877376460218   0.1354885664756736   0.1355607013430322
   0.2191729559718669   0.1354770952203378   0.1355449913306489
   0.2191590670515791   0.1354662075051477   0.1355298860010018
   0.2191460659438115   0.1354559072551196   0.1355153937976454
   0.2191339467571229   0.1354461976309594   0.1355015223634833
   0.2191227026573967   0.1354370810216474   0.1354882785356949
   0.2191123258747921   0.1354285590364842   0.1354756683399145
   0.2191028077102659   0.1354206324966338   0.1354636969836730
   0.2190941385417214   0.1354133014262074   0.1354523688491089
   0.2190863078298473   0.1354065650429368   0.1354416874849738
   0.2190793041237066   0.1354004217484936   0.1354316555979526
   0.2190731150661528   0.1353948691185180   0.1354222750433366
   0.2190677273991507   0.1353899038924236   0.1354135468150857
   0.2190631269690853   0.1353855219630593   0.1354054710353290
   0.2190592987321518   0.1353817183663044   0.1353980469433576
   0.2190562267599232   0.1353784872706943   0.1353912728841712
   0.2190538942451950   0.1353758219671647   0.1353851462966486
   0.2190522835082203   0.1353737148590238   0.1353796637014185
   0.2190513760034447   0.1353721574522570   0.1353748206885147
   0.2190511523268596   0.1353711403462820   0.1353706119049077
   0.2190515922241016   0.1353706532252746   0.1353670310420120
   0.2190526745994186   0.1353706848501929   0.1353640708232760
   0.2190543775256436   0.1353712230516347   0.1353617229919673
   0.2190566782553026   0.1353722547236640   0.1353599782992763
   0.2190595532330074   0.1353737658187547   0.1353588264928644
   0.2190629781092653   0.1353757413439966   0.1353582563059940
   0.2190669277558575   0.1353781653587207   0.1353582554473798
   0.2190713762829357   0.1353810209737007   0.1353588105919118
   0.2190762970579800   0.1353842903520926   0.1353599073724030
   0.2190816627267761   0.1353879547122779   0.1353615303725219
   0.2190874452365584   0.1353919943327800   0.1353636631210782
   0.2190936158614767   0.1353963885594237   0.1353662880878289
   0.2191001452305335   0.1354011158149117   0.1353693866809842
   0.2191070033581458   0.1354061536109941   0.1353729392465925
   0.2191141596774804   0.1354114785634031   0.1353769250699862
   0.2191215830767117   0.1354170664097328   0.1353813223794814
   0.2191292419383419   0.1354228920304377   0.1353861083525159
   0.2191371041817329   0.1354289294731253   0.1353912591244240
   0.2191451373089784   0.1354351519803153   0.1353967498000384
   0.2191533084542549   0.1354415320208368   0.1354025544683182
   0.2191615844367733   0.1354480413250312   0.1354086462201970
   0.2191699318174555   0.1354546509239234   0.1354149971698498
   0.2191783169594438   0.1354613311925222   0.1354215784795718
   0.2191867060925534   0.1354680518974000   0.1354283603884621
   0.2191950653817569   0.1354747822487044   0.1354353122451079
   0.2192033609997937   0.1354814909567344   0.1354424025444506
   0.2192115592039758   0.1354881462932200   0.1354495989690247
   0.2192196264172535   0.1354947161574226   0.1354568684347418
   0.2192275293135955   0.1355011681471715   0.1354641771413982
   0.2192352349077189   0.1355074696349378   0.1354714906280715
   0.2192427106491965   0.1355135878490352   0.1354787738335617
   0.2192499245209453   0.1355194899600249   0.1354859911620331
   0.2192568451420964   0.1355251431723877   0.1354931065539936
   0.2192634418752160   0.1355305148215123   0.1355000835627437
   0.2192696849378405   0.1355355724760310   0.1355068854364142
   0.2192755455182633   0.1355402840455189   0.1355134752056993
   0.2192809958954935   0.1355446178935549   0.1355198157773776
   0.2192860095632850   0.1355485429561219   0.1355258700337003
   0.2192905613581179   0.1355520288653052   0.1355316009377081
   0.2192946275909810   0.1355550460782281   0.1355369716445245
   0.2192981861827927   0.1355575660111361   0.1355419456186523
   0.2193012168032671   0.1355595611785285   0.1355464867572841
   0.2193037010130044   0.1355610053371974   0.1355505595196123
   0.2193056224085679   0.1355618736350247   0.1355541290621120
   0.2193069667702736   0.1355621427643476   0.1355571613797358
   0.2193077222123950   0.1355617911196864   0.1355596234529479
   0.2193078793354584   0.1355607989595908   0.1355614834004899
   0.2193074313802734   0.1355591485723410   0.1355627106377519
   0.2193063743833133   0.1355568244452025   0.1355632760405914
   0.2193047073330294   0.1355538134369038   0.1355631521144153
   0.2193024323266561   0.1355501049529781   0.1355623131683114
   0.2192995547270254   0.1355456911235715   0.1355607354939823
   0.2192960833188852   0.1355405669832878   0.1355583975492066
   0.2192920304641783   0.1355347306526125   0.1355552801455145
   0.2192874122557076   0.1355281835204084   0.1355513666397348
   0.2192822486685837   0.1355209304269549   0.1355466431290302
   0.2192765637088136   0.1355129798469570   0.1355410986490048
   0.2192703855583620   0.1355043440719141   0.1355347253744278
   0.2192637467159810   0.1354950393912055   0.1355275188220778
   0.2192566841330703   0.1354850862712052   0.1355194780551724
   0.2192492393438091   0.1354745095317056   0.1355106058888103
   0.2192414585887541   0.1354633385188891   0.1355009090958008
   0.2192333929310852   0.1354516072740485   0.1354903986122265
   0.2192250983646407   0.1354393546972211   0.1354790897420289
   0.2192166359128592   0.1354266247048597   0.1354670023598692
   0.2192080717177278   0.1354134663806310   0.1354541611114696
   0.2191994771177971   0.1353999341183937   0.1354405956105925
   0.2191909287143181   0.1353860877563728   0.1354263406317750
   0.2191825084245268   0.1353719927015143   0.1354114362978836
   0.2191743035210891   0.1353577200429684   0.1353959282615107
   0.2191664066567047   0.1353433466536242   0.1353798678791936
   0.2191589158728595   0.1353289552785842   0.1353633123773826
   0.2191519345917042   0.1353146346094445   0.1353463250090484
   0.2191455715900455   0.1353004793432208   0.1353289751997722
   0.2191399409544213   0.1352865902247414   0.1353113386821233
   0.2191351620162522   0.1352730740713093   0.1352934976170845
   0.2191313592660658   0.1352600437784243   0.1352755407012522
   0.2191286622458025   0.1352476183053446   0.1352575632585030
   0.2191272054182476   0.1352359226392666   0.1352396673147835
   0.2191271280126417   0.1352250877368968   0.1352219616546545
   0.2191285738455781   0.1352152504422035   0.1352045618581960
   0.2191316911163163   0.1352065533791396   0.1351875903168575
   0.2191366321757052   0.1351991448181558   0.1351711762268264
   0.2191435532679514   0.1351931785153417   0.1351554555584758
   0.2191526142445439   0.1351888135230694   0.1351405710004505
   0.2191639782497007   0.1351862139710565   0.1351266718769547
   0.2191778113767986   0.1351855488168101   0.1351139140368168
   0.2191942822953201   0.1351869915644771   0.1351024597129239
   0.2192135618479524   0.1351907199511902   0.1350924773506493
   0.2192358226175764   0.1351969156000762   0.1350841414039350
   0.2192612384639925   0.1352057636391818   0.1350776320977318
   0.2192899840303500   0.1352174522856682   0.1350731351555707
   0.2193222342193767   0.1352321723947310   0.1350708414910941
   0.2193581636396380   0.1352501169728258   0.1350709468624689
   0.2193979460221978   0.1352714806549012   0.1350736514886876
   0.2194417536082075   0.1352964591454869   0.1350791596268779
   0.2194897565081017   0.1353252486236305   0.1350876791098497
   0.2195421220332474   0.1353580451118410   0.1350994208432539
   0.2195990140010587   0.1353950438093639   0.1351145982618603
   0.2196605920147651   0.1354364383902987   0.1351334267446295
   0.2197270107192044   0.1354824202672561   0.1351561229884226
   0.2197984190341822   0.1355331778214549   0.1351829043403807
   0.2198749593671358   0.1355888956003652   0.1352139880892032
   0.2199567668070193   0.1356497534842184   0.1352495907157668
   0.2200439683015146   0.1357159258229309   0.1352899271037543
   0.2201366818198548   0.1357875805452078   0.1353352097111871
   0.2202350155037347   0.1358648782418341   0.1353856477040152
   0.2203390668089548   0.1359479712253850   0.1354414460531607
   0.2204489216406240   0.1360370025688288   0.1355028045966789
   0.2205646534849110   0.1361321051257288   0.1355699170689711
   0.2206863225404924   0.1362334005349831   0.1356429700992499
   0.2208139748530028   0.1363409982132695   0.1357221421817432
   0.2209476414559192   0.1364549943385902   0.1358076026203919
   0.2210873375214510   0.1365754708285187   0.1358995104510757
   0.2212330615251187   0.1367024943169668   0.1359980133446723
   0.2213847944277955   0.1368361151334763   0.1361032464945224
   0.2215424988790836   0.1369763662892217   0.1362153314921212
   0.2217061184459568   0.1371232624740787   0.1363343751951143
   0.2218755768706502   0.1372767990692555   0.1364604685918945
   0.2220507773618166   0.1374369511801120   0.1365936856673156
   0.2222316019229796   0.1376036726939005   0.1367340822742298
   0.2224179107223085   0.1377768953672395   0.1368816950157262
   0.2226095415077208   0.1379565279481962   0.1370365401430949
   0.2228063090712745   0.1381424553378798   0.1371986124746553
   0.2230080047667557   0.1383345377964603   0.1373678843406789
   0.2232143960842900   0.1385326101985016   0.1375443045596887
   0.2234252262857183   0.1387364813424524   0.1377277974514477
   0.2236402141043708   0.1389459333190609   0.1379182618919227
   0.2238590535127540   0.1391607209433770   0.1381155704154788
   0.2240814135615415   0.1393805712548761   0.1383195683694599
   0.2243069382931213   0.1396051830900859   0.1385300731261996
   0.2245352467328071   0.1398342267319150   0.1387468733573453
   0.2247659329606818   0.1400673436396896   0.1389697283751897
   0.2249985662668920   0.1403041462636790   0.1391983675454761
   0.2252326913930707   0.1405442179476631   0.1394324897758926
   0.2254678288624294   0.1407871129228403   0.1396717630841817
   0.2257034754009338   0.1410323563961250   0.1399158242494884
   0.2259391044518617   0.1412794447356173   0.1401642785502402
   0.2261741667859425   0.1415278457557671   0.1404166995915053
   0.2264080912092011   0.1417769991044962   0.1406726292244265
   0.2266402853705626   0.1420263167542927   0.1409315775599644
   0.2268701366712505   0.1422751835990563   0.1411930230788273
   0.2270970132779947   0.1425229581582551   0.1414564128391205
   0.2273202652420903   0.1427689733897625   0.1417211627829046
   0.2275392257264052   0.1430125376125803   0.1419866581425556
   0.2277532123425079   0.1432529355405212   0.1422522539475236
   0.2279615286002097   0.1434894294278390   0.1425172756318598
   0.2281634654719625   0.1437212603277407   0.1427810197426736
   0.2283583030747275   0.1439476494647216   0.1430427547495441
   0.2285453124721400   0.1441677997217098   0.1433017219548255
   0.2287237576000306   0.1443808972431167   0.1435571365047699
   0.2288928973186233   0.1445861131550495   0.1438081885014506
   0.2290519875950010   0.1447826054041600   0.1440540442156070
   0.2292002838197340   0.1449695207168858   0.1442938474007514
   0.2293370432618553   0.1451459966811722   0.1445267207091954
   0.2294615276666780   0.1453111639531628   0.1447517672110600
   0.2295730060012424   0.1454641485917921   0.1449680720178235
   0.2296707573524607   0.1456040745247150   0.1451747040125774
   0.2297540739832839   0.1457300661495594   0.1453707176898365
   0.2298222645524295   0.1458412510750754   0.1455551551085544
   0.2298746575033850   0.1459367630073774   0.1457270479628741
   0.2299106046285032   0.1460157447871312   0.1458854197761193
   0.2299294848140403   0.1460773515841932   0.1460292882245903
   0.2299307079719279   0.1461207542568889   0.1461576675988678
   0.2299137191639073   0.1461451428837690   0.1462695714115290
   0.2298780029233585   0.1461497304763214   0.1463640151614461
   0.2298230877797316   0.1461337568817137   0.1464400192661489
   0.2297485509898944   0.1460964928851753   0.1464966121750710
   0.2296540234799356   0.1460372445220865   0.1465328336778574
   0.2295391950000013   0.1459553576102047   0.1465477384232686
   0.2294038194935363   0.1458502225126824   0.1465403996655426
   0.2292477206808809   0.1457212791426253   0.1465099132563646
   0.2290707978554677   0.1455680222198358   0.1464554019018034
   0.2288730318888713   0.1453900067900873   0.1463760197046858
   0.2286544914386824   0.1451868540167314   0.1462709570138582
   0.2284153393505295   0.1449582572536177   0.1461394456025916
   0.2281558392426025   0.1447039884071775   0.1459807641989954
   0.2278763622576654   0.1444239045940370   0.1457942443916491
   0.2275773939637792   0.1441179550986486   0.1455792769337240
   0.2272595413807960   0.1437861886331190   0.1453353184685697
   0.2269235401050563   0.1434287608986105   0.1450618986990378
   0.2265702614996730   0.1430459424443760   0.1447586280216497
   0.2262007199122625   0.1426381268165701   0.1444252056449985
   0.2258160798759976   0.1422058389844626   0.1440614282094619
   0.2254176632434056   0.1417497440264568   0.1436671989222789
   0.2250069561954297   0.1412706560523863   0.1432425372182471
   0.2245856160609178   0.1407695473318538   0.1427875889516240
   0.2241554778739417   0.1402475575908471   0.1423026371191606
   0.2237185605882150   0.1397060034304925   0.1417881131074694
   0.2232770728594169   0.1391463878125361   0.1412446084500028
   0.2228334182975415   0.1385704095459804   0.1406728870696999
   0.2223902000825372   0.1379799726982197   0.1400738979727229
   0.2219502248276302   0.1373771958420397   0.1394487883465534
   0.2215165055659551   0.1367644210369896   0.1387989170019428
   0.2210922637276450   0.1361442224299757   0.1381258680827214
   0.2206809299665466   0.1355194143455291   0.1374314649502092
   0.2202861436884672   0.1348930587212071   0.1367177841298698
   0.2199117511266405   0.1342684717281617   0.1359871691869139
   0.2195618018051605   0.1336492294012595   0.1352422443748112
   0.2192405432279300   0.1330391720875415   0.1344859278762070
   0.2189524136294927   0.1324424075066018   0.1337214444297008
   0.2187020326254900   0.1318633122020422   0.1329523371085876
   0.2184941896047896   0.1313065311499911   0.1321824779893142
   0.2183338297131116   0.1307769752793172   0.1314160774185010
   0.2182260372896970   0.1302798166492432   0.1306576915585309
   0.2181760166347581   0.1298204810242698   0.1299122278635952
   0.2181890700065832   0.1294046375844372   0.1291849481116184
   0.2182705727737246   0.1290381855117980   0.1284814685936803
   0.2184259456800734   0.1287272372024655   0.1278077570426313
   0.2186606242191294   0.1284780978686000   0.1271701258679289
   0.2189800251586449   0.1282972413171700   0.1265752212558494
   0.2193895103080851   0.1281912817231055   0.1260300076947997
   0.2198943476788970   0.1281669412543922   0.1255417474962614
   0.2204996702510647   0.1282310134564048   0.1251179749047468
   0.2212104326282522   0.1283903223628607   0.1247664644268642
   0.2220313659370777   0.1286516773714628   0.1244951930618802
   0.2229669314025394   0.1290218240035607   0.1243122961856017
   0.2240212731097460   0.1295073907585912   0.1242260169271675
   0.2251981705400035   0.1301148323748303   0.1242446489852990
   0.2265009915447217   0.1308503699167639   0.1243764729569116
   0.2279326464909799   0.1317199282243205   0.1246296863963241
   0.2294955443750861   0.1327290713778435   0.1250123279862921
   0.2311915517520576   0.1338829369520400   0.1255321963805272
   0.2330219553664843   0.1351861699486467   0.1261967644679432
   0.2349874293905673   0.1366428574071463   0.1270130900071996
   0.2370880081752663   0.1382564647910975   0.1279877237807248
   0.2393230653977191   0.1400297753297582   0.1291266166137257
   0.2416913004401914   0.1419648335558466   0.1304350267883059
   0.2441907327611644   0.1440628943157748   0.1319174295475495
   0.2468187049169786   0.1463243785340927   0.1335774305207234
   0.2495718947628781   0.1487488369854346   0.1354176849999981
   0.2524463372065618   0.1513349232620259   0.1374398250530688
   0.2554374557078264   0.1540803770210039   0.1396443964574240
   0.2585401035181416   0.1569820184529963   0.1420308073847794
   0.2617486144386936   0.1600357547326771   0.1445972906442584
   0.2650568626503561   0.1632365989961619   0.1473408811084363
   0.2684583309407401   0.1665787021435434   0.1502574096982246
   0.2719461864292240   0.1700553974937164   0.1533415149944928
   0.2755133626782236   0.1736592580304628   0.1565866731830339
   0.2791526468855107   0.1773821656823577   0.1599852466345721
   0.2828567706853911   0.1812153917840912   0.1635285509852050
   0.2866185029524888   0.1851496875834047   0.1672069401293030
   0.2904307429062351   0.1891753833960931   0.1710099080823060
   0.2942866117610366   0.1932824947810061   0.1749262062316596
   0.2981795411590021   0.1974608339162311   0.1789439740868105
   0.3021033566598262   0.2017001242137097   0.1830508812792133
   0.3060523546449666   0.2059901161176778   0.1872342782643904
   0.3100213711178255   0.2103207019955727   0.1914813529512898
   0.3140058410439333   0.2146820280492714   0.1957792903374278
   0.3180018470693851   0.2190646012481774   0.2001154321658422
   0.3220061566752394   0.2234593894100853   0.2044774336422648
   0.3260162470627579   0.2278579127252858   0.2088534143548589
   0.3300303173114892   0.2322523252267308   0.2132321007176834
   0.3340472876014953   0.2366354849458622   0.2176029575029864
   0.3380667855353391   0.2410010117507230   0.2219563063244592
   0.3420891198281625   0.2453433321308702   0.2262834292700101
   0.3461152418499260   0.2496577104632967   0.2305766562440140
   0.3501466956983136   0.2539402665566487   0.2348294349509516
   0.3541855576510086   0.2581879795202089   0.2390363828212968
   0.3582343659903410   0.2623986782334278   0.2431933205343254
   0.3622960423113521   0.2665710188968453   0.2472972871211431
   0.3663738055167743   0.2707044503232631   0.2513465369269848
   0.3704710797710299   0.2747991677778074   0.2553405189696891
   0.3745913977323719   0.2788560562973829   0.2592798394487751
   0.3787383004105910   0.2828766245155473   0.2631662083369338
   0.3829152350101884   0.2868629300906639   0.2670023711254015
   0.3871254521185102   0.2908174978867031   0.2707920269009523
   0.3913719035875475   0.2947432320910516   0.2745397340109073
   0.3956571424390641   0.2986433234760303   0.2782508046303283
   0.3999832260967328   0.3025211530242198   0.2819311895894387
   0.4043516242167681   0.3063801931452435   0.2855873548561936
   0.4087631323499465   0.3102239077158682   0.2892261511048902
   0.4132177926220376   0.3140556521775265   0.2928546778416257
   0.4177148225649790   0.3178785749262172   0.2964801436046000
   0.4222525531655461   0.3216955212284024   0.3001097238129941
   0.4268283771194218   0.3255089408914506   0.3037504179017034
   0.4314387081840347   0.3293208009056411   0.3074089074475868
   0.4360789524110564   0.3331325042534449   0.3110914170611638
   0.4407434919073055   0.3369448160469218   0.3148035798790089
   0.4454256816200087   0.3407577981016462   0.3185503095383329
   0.4501178594689264   0.3445707529818933   0.3223356805374026
   0.4548113699550265   0.3483821784537720   0.3261628188743716
   0.4594966011656664   0.3521897331584300   0.3300338048042613
   0.4641630348735745   0.3559902141655516   0.3339495894520519
   0.4687993091964627   0.3597795468888499   0.3379099268640463
   0.4733932930521523   0.3635527876425367   0.3419133228675765
   0.4779321714178376   0.3673041388950272   0.3459570018416139
   0.4824025401891567   0.3710269770391750   0.3500368921824045
   0.4867905092428506   0.3747138922543931   0.3541476308867373
   0.4910818121432579   0.3783567397932856   0.3582825872820641
   0.4952619208042802   0.3819467017927294   0.3624339055211985
   0.4993161633299310   0.3854743584955115   0.3665925650454328
   0.5032298432118480   0.3889297675819666   0.3707484578201629
   0.5069883580629689   0.3923025501587655   0.3748904807779305
   0.5105773161127500   0.3955819818398174   0.3790066415802359
   0.5139826487787240   0.3987570872859057   0.3830841755444313
   0.5171907177578839   0.4018167365469351   0.3871096713851520
   0.5201884152438343   0.4047497415729889   0.3910692032972315
   0.5229632560651650   0.4075449513252629   0.3949484668609592
   0.5255034607496458   0.4101913440209662   0.3987329162791596
   0.5277980287397114   0.4126781151816250   0.4024079005535188
   0.5298368012097441   0.4149947603149954   0.4059587963665611
   0.5316105131575561   0.4171311512395809   0.4093711356450181
   0.5331108346548753   0.4190776052500108   0.4126307260280409
   0.5343304013392728   0.4208249465141337   0.4157237627371925
   0.5352628344086341   0.4223645592820983   0.4186369306320972
   0.5359027505361141   0.4236884326684570   0.4213574955246195
   0.5362457622569075   0.4247891969360076   0.4238733841055946
   0.5362884694874239   0.4256601513615457   0.4261732521032982
   0.5360284429230998   0.4262952838967809   0.4282465405359463
   0.5354642001241642   0.4266892829515724   0.4300835201372953
   0.5345951751409661   0.4268375417210981   0.4316753242226855
   0.5334216825540994   0.4267361555544754   0.4330139704217679
   0.5319448768118231   0.4263819129207755   0.4340923718343784
   0.5301667077405952   0.4257722805710314   0.4349043382690851
   0.5280898730862664   0.4249053835234965   0.4354445683021174
   0.5257177689158294   0.4237799805159942   0.4357086329503282
   0.5230544386746624   0.4223954355755512   0.4356929517883950
   0.5201045216537233   0.4207516863534252   0.4353947623604076
   0.5168732015768288   0.4188492098647028   0.4348120837420353
   0.5133661559712712   0.4166889862573696   0.4339436751040269
   0.5095895069368926   0.4142724612173557   0.4327889901131332
   0.5055497738802498   0.4116015075947310   0.4313481279845512
   0.5012538287325613   0.4086783868129018   0.4296217819724559
   0.4967088541234124   0.4055057105982396   0.4276111860535485
   0.4919223049372168   0.4020864035427960   0.4253180605242430
   0.4869018736367396   0.3984236669883272   0.4227445571962768
   0.4816554596977681   0.3945209446963703   0.4198932048393568
   0.4761911434616525   0.3903818907471363   0.4167668554839544
   0.4705171646779013   0.3860103400900429   0.4133686321636028
   0.4646419059774309   0.3814102821512104   0.4097018786449659
   0.4585738814882441   0.3765858378886288   0.4057701116665418
   0.4523217307790849   0.3715412406742732   0.4015769761840677
   0.4458942182925295   0.3662808213744624   0.3971262041034239
   0.4393002384066220   0.3608089979953994   0.3924215769710038
   0.4325488262427714   0.3551302702601241   0.3874668930879834
   0.4256491743163763   0.3492492194860263   0.3822659395195004
   0.4186106551044895   0.3431705141383046   0.3768224694832171
   0.4114428495804763   0.3368989214439453   0.3711401856247398
   0.4041555817375259   0.3304393254622661   0.3652227297204779
   0.3967589590892822   0.3237967520208194   0.3590736793921536
   0.3892634190946478   0.3169764009382894   0.3526965524714957
   0.3816797814025745   0.3099836859672102   0.3460948197186305
   0.3740193057486072   0.3028242828966766   0.3392719266727783
   0.3662937552549840   0.2955041862560427   0.3322313254982289
   0.3585154647866405   0.2880297750513919   0.3249765177804609
   0.3506974138926860   0.2804078879431112   0.3175111093242968
   0.3428533037124829   0.2726459082300570   0.3098388781044998
   0.3349976370429066   0.2647518589373184   0.3019638566142291
   0.3271458005438502   0.2567345082030734   0.2938904299414527
   0.3193141477978778   0.2486034850168360   0.2856234509687886
   0.3115200816324784   0.2403694051664307   0.2771683741265648
   0.3037821337556313   0.2320440069929189   0.2685314091172259
   0.2961200393443109   0.2236402962187404   0.2597196959528203
   0.2885548037597039   0.2151726986907295   0.2507415024831008
   0.2811087580432493   0.2066572193520122   0.2416064453118273
   0.2738055992784617   0.1981116051106295   0.2323257345701972
   0.2666704112937361   0.1895555084946512   0.2229124424007186
   0.2597296605458272   0.1810106480625567   0.2133817941594635
   0.2530111613847953   0.1725009604671274   0.2037514802230831
   0.2465440042906528   0.1640527378513267   0.1940419848413775
   0.2403584401323580   0.1556947428960170   0.1842769266607656
   0.2344857130865935   0.1474582923662046   0.1744834033197801
   0.2289578346360930   0.1393772984575465   0.1646923298599486
   0.2238072911287297   0.1314882556940415   0.1549387576025408
   0.2190666778163514   0.1238301596652801   0.1452621566471064
   0.2147682532149841   0.1164443426439221   0.1357066413336109
   0.2109434091506410   0.1093742102533216   0.1263211140225009
   0.2076220540917561   0.1026648630595393   0.1171592986119514
   0.2048319104224571   0.0963625874721552   0.1082796316479108
   0.2025977302561698   0.0905142019089603   0.0997449761113469
   0.2009404392573270   0.0851662470734707   0.0916221215109577
   0.1998762236954016   0.0803640136578960   0.0839810343787909
   0.1994155824774761   0.0761504070152681   0.0768938263255666
   0.1995623729619775   0.0725646564500876   0.0704334131254053
   0.2003128865919883   0.0696408867267776   0.0646718484462123
   0.2016549973169234   0.0674065809733362   0.0596783302129863
   0.2035674317907223   0.0658809769196520   0.0555168962648728
   0.2060192147448650   0.0650734516568788   0.0522438485808875
   0.2089693449952758   0.0649819628816318   0.0499049709920089
   0.2123667565446372   0.0655916257232459   0.0485326324416171
   0.2161506146001328   0.0668735124329148   0.0481428943689432
   0.2202509876806842   0.0687837661193302   0.0487327640430431
   0.2245899242995291   0.0712631181838965   0.0502777527726272
   0.2290829463379471   0.0742368913269791   0.0527299060403289
   0.2336409519666757   0.0776155556898636   0.0560164694428821
   0.2381725000232936   0.0812958852768911   0.0600393385068936
   0.2425864266311463   0.0851627364406877   0.0646754120088403
   0.2467947252153236   0.0890914418089498   0.0697779290120924
   0.2507156045364661   0.0929507840487822   0.0751788227851532
   0.2542766272163641   0.0966064870511948   0.0806920748863932
   0.2574178242142940   0.0999251401192452   0.0861180057413882
   0.2600946788339426   0.1027784556628965   0.0912483999390016
   0.2622808762562731   0.1050477538707013   0.0958723404426801
   0.2639707196263461   0.1066285686265921   0.0997826194712360
   0.2651811190001506   0.1074352757584186   0.1027826058700235
   0.2659530621965638   0.1074056540492602   0.1046934769420384
   0.2663524740233945   0.1065052962375332   0.1053617606099110
   0.2664703602460161   0.1047317851426608   0.1046671708708628
   0.2664221140978722   0.1021185320756035   0.1025307409258308
   0.2663458372458667   0.0987381341011474   0.0989232452969421
   0.2663994981052565   0.0947050384999021   0.0938738330243184
   0.2667567264096450   0.0901772057253056   0.0874786465991297
   0.2676010368384833   0.0853563417023835   0.0799089579615127
   0.2691183038927532   0.0804861420144064   0.0714180083997139
   0.2714873961432625   0.0758478834706446   0.0623453125415035
   0.2748690414203367   0.0717526573908938   0.0531167358439652
   0.2793932497695680   0.0685296219561987   0.0442382907058034
   0.2851459659540062   0.0665099210345021   0.0362814860884878
   0.2921560279054949   0.0660064225570837   0.0298584162903423
   0.3003839044317116   0.0672901762818207   0.0255857806032233
   0.3097139689955928   0.0705654083937056   0.0240387779365277
   0.3199521074628911   0.0759457904428576   0.0256981943227019
   0.3308301390462232   0.0834353839334454   0.0308965698186773
   0.3420177965021651   0.0929177762084241   0.0397713770042689
   0.3531419214153710   0.1041562634326884   0.0522338248402503
   0.3638112746565330   0.1168064662671532   0.0679605716733711
   0.3736442364995137   0.1304407142167147   0.0864121915679161
   0.3822959897174292   0.1445813821969267   0.1068773423036442
   0.3894817614121040   0.1587386890698079   0.1285365190313585
   0.3949933782512663   0.1724477469187426   0.1505355194523600
   0.3987075905934043   0.1853000635205183   0.1720573715296604
   0.4005860243952444   0.1969660742382274   0.1923827391127391
   0.4006678789067432   0.2072071687914191   0.2109321130988352
   0.3990573438362995   0.2158775538215254   0.2272872640899237
   0.3959080557027382   0.2229177282102628   0.2411932807622226
   0.3914067942955252   0.2283421330590787   0.2525452151115745
   0.3857581804970371   0.2322236812886674   0.2613646033997743
   0.3791715509813772   0.2346775339060754   0.2677710942947455
   0.3718506038912859   0.2358458894285103   0.2719535171049030
   0.3639859301474927   0.2358848882081233   0.2741434353610933
   0.3557502095208231   0.2349541419227659   0.2745929330964281
   0.3472956580754802   0.2332089493954123   0.2735573032228663
   0.3387532382223508   0.2307949675536158   0.2712825408276727
   0.3302331494679011   0.2278449513016274   0.2679970829363820
   0.3218261736092399   0.2244771241670090   0.2639070224666095
   0.3136055260739368   0.2207947571020995   0.2591939837732604
   0.3056289470686645   0.2168865856723852   0.2540149119258526
   0.2979408413375578   0.2128277640443589   0.2485031444017461
   0.2905743384341504   0.2086811234981572   0.2427702658906115
   0.2835531950415838   0.2044985656989286   0.2369083726388051
   0.2768934977987903   0.2003224731512017   0.2309924812978243
   0.2706051511399502   0.1961870604101333   0.2250829048051618
   0.2646931520045765   0.1921196205628202   0.2192274848382418
   0.2591586640217012   0.1881416437610473   0.2134636193658061
   0.2539999097293033   0.1842697999121001   0.2078200580701619
   0.2492129020272668   0.1805167876481354   0.2023184612286348
   0.2447920365067366   0.1768920578002489   0.1969747319511951
   0.2407305653820372   0.1734024229364493   0.1918001398864626
   0.2370209720632091   0.1700525659621756   0.1868022585193201
   0.2336552633507939   0.1668454609839624   0.1819857394116580
   0.2306251940736865   0.1637827190759425   0.1773529462174712
   0.2279224368894490   0.1608648705979193   0.1729044697639470
   0.2255387080182328   0.1580915945188166   0.1686395434296425
   0.2234658579328587   0.1554619039481259   0.1645563757979147
   0.2216959344942733   0.1529742958623420   0.1606524153256529
   0.2202212246998781   0.1506268718861001   0.1569245596666287
   0.2190342800872384   0.1484174359751523   0.1533693203905574
   0.2181279298866506   0.1463435739593389   0.1499829521705160
   0.2174952852198306   0.1444027191360737   0.1467615540758262
   0.2171297369751684   0.1425922074496229   0.1437011493933925
   0.2170249494302695   0.1409093252358368   0.1407977493879994
   0.2171748512192649   0.1393513520412643   0.1380474055771241
   0.2175736248371682   0.1379156006243536   0.1354462544126686
   0.2182156955201222   0.1365994558992199   0.1329905577045292
   0.2190957200247016   0.1354004142741514   0.1306767416634060
   0.2202085755397475   0.1343161245530787   0.1285014370576049
   0.2215493486909640   0.1333444312947716   0.1264615226462991
   0.2231133243344346   0.1324834212484424   0.1245541737456218
   0.2248959735754644   0.1317314731935265   0.1227769174801307
   0.2268929401914462   0.1310873111946314   0.1211276959466580
   0.2291000243824009   0.1305500609304365   0.1196049381465337
   0.2315131625241999   0.1301193083602084   0.1182076411021395
   0.2341284013646425   0.1297951595488721   0.1169354600423359
   0.2369418648927329   0.1295782999802994   0.1157888068982185
   0.2399497119421991   0.1294700511526442   0.1147689555795334
   0.2431480824812654   0.1294724216793953   0.1138781515927060
   0.2465330305159700   0.1295881495333520   0.1131197225128042
   0.2501004416215101   0.1298207314950690   0.1124981846457578
   0.2538459333454894   0.1301744353400043   0.1120193399426930
   0.2577647371295080   0.1306542898682669   0.1116903559057254
   0.2618515610004997   0.1312660476071334   0.1115198199299319
   0.2661004331143894   0.1320161149686747   0.1115177583642038
   0.2705045273059454   0.1329114448988256   0.1116956096787465
   0.2750559731090352   0.1339593876874146   0.1120661406613835
   0.2797456542388750   0.1351674966923693   0.1126432947118135
   0.2845630012240770   0.1365432873207941   0.1134419622544536
   0.2894957856621864   0.1380939497320082   0.1144776652278025
   0.2945299253355161   0.1398260183686001   0.1157661506761703
   0.2996493110194040   0.1417450045122993   0.1173228927447653
   0.3048356670703544   0.1438550014680091   0.1191625078353278
   0.3100684586083126   0.1461582754971211   0.1212980941548311
   0.3153248581172809   0.1486548589774381   0.1237405140616560
   0.3205797834156660   0.1513421651335637   0.1264976449895130
   0.3258060170741205   0.1542146457001056   0.1295736316603627
   0.3309744144405277   0.1572635136984923   0.1329681780209317
   0.3360542035227019   0.1604765528270834   0.1366759210494652
   0.3410133752450221   0.1638380325862299   0.1406859295349560
   0.3458191573155208   0.1673287441362959   0.1449813685589236
   0.3504385594956288   0.1709261661508676   0.1495393644261298
   0.3548389729063569   0.1746047629078698   0.1543310952902631
   0.3589888016071625   0.1783364090666816   0.1593221202235257
   0.3628581014907766   0.1820909276544528   0.1644729449158571
   0.3664191999039979   0.1858367204410930   0.1697398068193292
   0.3696472695473822   0.1895414638116212   0.1750756478205174
   0.3725208321698976   0.1931728390294854   0.1804312298737097
   0.3750221712186134   0.1966992638213374   0.1857563397120363
   0.3771376376197212   0.2000905926604535   0.1910010236580931
   0.3788578388158418   0.2033187558845948   0.1961167930849087
   0.3801777075492216   0.2063583125206580   0.2010577451134084
   0.3810964531313211   0.2091868978852370   0.2057815510703460
   0.3816174035939517   0.2117855540602216   0.2102502760902103
   0.3817477517900842   0.2141389385528034   0.2144310058216594
   0.3814982219475235   0.2162354132386814   0.2182962692357808
   0.3808826752608878   0.2180670215684312   0.2218242588758140
   0.3799176738561529   0.2196293666540825   0.2249988606063714
   0.3786220220090303   0.2209214060748296   0.2278095133820587
   0.3770163020557226   0.2219451810310226   0.2302509254456606
   0.3751224202596525   0.2227054979459191   0.2323226766636891
   0.3729631752601243   0.2232095799683565   0.2340287376293907
   0.3705618588824674   0.2234667043222665   0.2353769350934695
   0.3679418962525685   0.2234878393527568   0.2363783906943599
   0.3651265295033251   0.2232852926922543   0.2370469563489465
   0.3621385470071533   0.2228723794393595   0.2373986654966485
   0.3590000580891442   0.2222631167876621   0.2374512150635889
   0.3557323115991247   0.2214719492926452   0.2372234888423234
   0.3523555555431716   0.2205135070055192   0.2367351291888298
   0.3488889341666931   0.2194023970755126   0.2360061606596921
   0.3453504183968896   0.2181530281357952   0.2350566665134756
   0.3417567653388362   0.2167794658271165   0.2339065168886516
   0.3381235025210794   0.2152953171454107   0.2325751459124574
   0.3344649327503027   0.2137136408838195   0.2310813739305227
   0.3307941557122764   0.2120468812309173   0.2294432704016936
   0.3271231028068391   0.2103068215411746   0.2276780526974977
   0.3234625820942848   0.2085045553698821   0.2258020160047617
   0.3198223306328751   0.2066504720270765   0.2238304896836728
   0.3162110718825519   0.2047542541232182   0.2217778157219267
   0.3126365762244367   0.2028248848292243   0.2196573452988438
   0.3091057229904266   0.2008706628360835   0.2174814498918388
   0.3056245627070311   0.1988992232607150   0.2152615437912548
   0.3021983785304532   0.1969175629951723   0.2130081153163273
   0.2988317460859284   0.1949320692292737   0.2107307644297889
   0.2955285911250648   0.1929485500885136   0.2084382448218352
   0.2922922445830205   0.1909722665179336   0.2061385088705015
   0.2891254947559298   0.1890079647082430   0.2038387541829282
   0.2860306364314515   0.1870599085036546   0.2015454706807051
   0.2830095168950911   0.1851319113530824   0.1992644874142855
   0.2800635788052708   0.1832273674693672   0.1970010184791060
   0.2771938999840691   0.1813492819470747   0.1947597075628205
   0.2744012302108568   0.1795002996602129   0.1925446707824887
   0.2716860251351225   0.1776827328189459   0.1903595375761405
   0.2690484774447775   0.1758985871108928   0.1882074894982164
   0.2664885454389354   0.1741495863896386   0.1860912968360502
   0.2640059791611054   0.1724371959021499   0.1840133530176100
   0.2616003442512584   0.1707626440692357   0.1819757068216161
   0.2592710436743053   0.1691269428502071   0.1799800924320561
   0.2570173374791093   0.1675309067354380   0.1780279574018817
   0.2548383607368876   0.1659751704194938   0.1761204886068696
   0.2527331398013288   0.1644602052135674   0.1742586362815602
   0.2507006070254040   0.1629863342597419   0.1724431362359999
   0.2487396140620122   0.1615537466115860   0.1706745303555619
   0.2468489438675687   0.1601625102461742   0.1689531854871933
   0.2450273215195772   0.1588125840721409   0.1672793108146111
   0.2432734239513301   0.1575038289971004   0.1656529738227516
   0.2415858886991964   0.1562360181158888   0.1640741149485386
   0.2399633217506204   0.1550088460788037   0.1625425610111033
   0.2384043045739730   0.1538219376964408   0.1610580375101836
   0.2369074004048123   0.1526748558349869   0.1596201798767659
   0.2354711598569463   0.1515671086529883   0.1582285437552269
   0.2340941259209303   0.1504981562277394   0.1568826143914169
   0.2327748384072856   0.1494674166165921   0.1555818151963698
   0.2315118378867679   0.1484742713956804   0.1543255155506897
   0.2303036691754440   0.1475180707158411   0.1531130379101950
   0.2291488844081160   0.1465981379128864   0.1519436642691242
   0.2280460457397577   0.1457137737068782   0.1508166420331335
   0.2269937277110733   0.1448642600226577   0.1497311893504783
   0.2259905193110214   0.1440488634616195   0.1486864999461339
   0.2250350257661695   0.1432668384525692   0.1476817475002154
   0.2241258700840112   0.1425174301074862   0.1467160896088696
   0.2232616943748863   0.1417998768061109   0.1457886713628350
   0.2224411609748686   0.1411134125314955   0.1448986285761016
   0.2216629533899106   0.1404572689769849   0.1440450906945185
   0.2209257770796436   0.1398306774435454   0.1432271834118104
   0.2202283600975074   0.1392328705448936   0.1424440310182452
   0.2195694536023201   0.1386630837365325   0.1416947585051352
   0.2189478322549635   0.1381205566835380   0.1409784934464622
   0.2183622945125736   0.1376045344807722   0.1402943676771538
   0.2178116628314341   0.1371142687381068   0.1396415187859174
   0.2172947837887139   0.1366490185422423   0.1390190914390496
   0.2168105281322037   0.1362080513057692   0.1384262385502473
   0.2163577907663344   0.1357906435132569   0.1378621223101896
   0.2159354906819574   0.1353960813733626   0.1373259150884852
   0.2155425708366394   0.1350236613852094   0.1368168002195056
   0.2151779979915693   0.1346726908266113   0.1363339726826420
   0.2148407625105780   0.1343424881710953   0.1358766396866143
   0.2145298781262395   0.1340323834400899   0.1354440211666335
   0.2142443816775222   0.1337417184961335   0.1350353502024561
   0.2139833328230329   0.1334698472824516   0.1346498733646747
   0.2137458137334829   0.1332161360138224   0.1342868509959481
   0.2135309287666614   0.1329799633232315   0.1339455574333008
   0.2133378041278595   0.1327607203684413   0.1336252811770776
   0.2131655875184069   0.1325578109022644   0.1333253250116692
   0.2130134477747094   0.1323706513100073   0.1330450060826682
   0.2128805744999404   0.1321986706172678   0.1327836559347239
   0.2127661776903188   0.1320413104710108   0.1325406205139948
   0.2126694873577129   0.1318980250965976   0.1323152601387588
   0.2125897531501264   0.1317682812332325   0.1321069494414482
   0.2125262439714696   0.1316515580500917   0.1319150772850947
   0.2124782476018665   0.1315473470452096   0.1317390466569221
   0.2124450703196192   0.1314551519290365   0.1315782745415979
   0.2124260365258286   0.1313744884944334   0.1314321917764502
   0.2124204883725628   0.1313048844747172   0.1313002428907649
   0.2124277853953645   0.1312458793912601   0.1311818859311165
   0.2124473041507913   0.1311970243920148   0.1310765922745197
   0.2124784378596115   0.1311578820822430   0.1309838464310640
   0.2125205960561826   0.1311280263486176   0.1309031458375479
   0.2125732042444877   0.1311070421777839   0.1308340006435282
   0.2126357035612239   0.1310945254703816   0.1307759334910800
   0.2127075504462836   0.1310900828514507   0.1307284792894767
   0.2127882163209119   0.1310933314780746   0.1306911849858968
   0.2128771872737661   0.1311038988450490   0.1306636093331916
   0.2129739637550610   0.1311214225892990   0.1306453226556636
   0.2130780602789296   0.1311455502937156   0.1306359066137375
   0.2131890051340913   0.1311759392910221   0.1306349539683351
   0.2133063401028751   0.1312122564682350   0.1306420683457070
   0.2134296201886078   0.1312541780722327   0.1306568640034093
   0.2135584133513454   0.1313013895169009   0.1306789655980624
   0.2136923002518790   0.1313535851922807   0.1307080079554730
   0.2138308740039356   0.1314104682761024   0.1307436358436480
   0.2139737399344404   0.1314717505480501   0.1307855037491852
   0.2141205153516989   0.1315371522070645   0.1308332756574752
   0.2142708293213184   0.1316064016919523   0.1308866248371026
   0.2144243224496705   0.1316792355055413   0.1309452336287976
   0.2145806466746695   0.1317553980425800   0.1310087932392384
   0.2147394650636262   0.1318346414215569   0.1310770035399741
   0.2149004516179124   0.1319167253205749   0.1311495728716878
   0.2150632910841548   0.1320014168173938   0.1312262178539911
   0.2152276787716682   0.1320884902337236   0.1313066632008991
   0.2153933203758139   0.1321777269838242   0.1313906415421009
   0.2155599318069681   0.1322689154274389   0.1314778932501065
   0.2157272390247674   0.1323618507270707   0.1315681662733162
   0.2158949778772947   0.1324563347095836   0.1316612159750328
   0.2160628939448619   0.1325521757320869   0.1317568049783969
   0.2162307423880399   0.1326491885520455   0.1318547030172053
   0.2163982877995877   0.1327471942015376   0.1319546867925425
   0.2165653040599250   0.1328460198655615   0.1320565398351250
   0.2167315741958006   0.1329454987642804   0.1321600523732415
   0.2168968902418076   0.1330454700390770   0.1322650212061423
   0.2170610531044013   0.1331457786422762   0.1323712495827142
   0.2172238724280814   0.1332462752303836   0.1324785470852568
   0.2173851664634086   0.1333468160606752   0.1325867295181551
   0.2175447619365307   0.1334472628909648   0.1326956188012367
   0.2177024939199119   0.1335474828823689   0.1328050428675727
   0.2178582057039590   0.1336473485048806   0.1329148355654867
   0.2180117486692592   0.1337467374455627   0.1330248365645106
   0.2181629821591561   0.1338455325191586   0.1331348912650256
   0.2183117733524028   0.1339436215809299   0.1332448507113195
   0.2184579971356491   0.1340408974415139   0.1333545715077813
   0.2186015359755373   0.1341372577836083   0.1334639157379570
   0.2187422797901932   0.1342326050802799   0.1335727508861852
