       0.22894425       0.14208140       0.14291612
       0.22877456       0.14206394       0.14292526
       0.22859976       0.14203961       0.14292550
       0.22842024       0.14200854       0.14291695
       0.22823642       0.14197089       0.14289976
       0.22804871       0.14192683       0.14287411
       0.22785753       0.14187655       0.14284017
       0.22766328       0.14182025       0.14279818
       0.22746637       0.14175814       0.14274836
       0.22726720       0.14169042       0.14269096
       0.22706616       0.14161734       0.14262625
       0.22686363       0.14153910       0.14255449
       0.22666000       0.14145595       0.14247597
       0.22645562       0.14136811       0.14239097
       0.22625084       0.14127581       0.14229979
       0.22604601       0.14117930       0.14220273
       0.22584145       0.14107879       0.14210008
       0.22563747       0.14097453       0.14199213
       0.22543438       0.14086673       0.14187919
       0.22523245       0.14075561       0.14176155
       0.22503197       0.14064140       0.14163949
       0.22483318       0.14052431       0.14151330
       0.22463633       0.14040454       0.14138326
       0.22444164       0.14028229       0.14124964
       0.22424933       0.14015776       0.14111270
       0.22405961       0.14003114       0.14097270
       0.22387265       0.13990261       0.14082989
       0.22368864       0.13977235       0.14068450
       0.22350773       0.13964053       0.14053677
       0.22333008       0.13950731       0.14038691
       0.22315582       0.13937286       0.14023514
       0.22298510       0.13923732       0.14008166
       0.22281802       0.13910085       0.13992666
       0.22265470       0.13896359       0.13977034
       0.22249525       0.13882569       0.13961286
       0.22233977       0.13868728       0.13945439
       0.22218834       0.13854850       0.13929510
       0.22204106       0.13840948       0.13913515
       0.22189801       0.13827036       0.13897467
       0.22175927       0.13813126       0.13881382
       0.22162492       0.13799232       0.13865273
       0.22149504       0.13785368       0.13849154
       0.22136972       0.13771546       0.13833038
       0.22124902       0.13757782       0.13816937
       0.22113304       0.13744089       0.13800865
       0.22102187       0.13730482       0.13784835
       0.22091559       0.13716976       0.13768859
       0.22081430       0.13703588       0.13752950
       0.22071811       0.13690335       0.13737122
       0.22062713       0.13677233       0.13721389
       0.22054147       0.13664302       0.13705765
       0.22046126       0.13651561       0.13690264
       0.22038665       0.13639032       0.13674903
       0.22031778       0.13626735       0.13659698
       0.22025480       0.13614695       0.13644667
       0.22019790       0.13602936       0.13629828
       0.22014725       0.13591483       0.13615201
       0.22010306       0.13580366       0.13600807
       0.22006553       0.13569611       0.13586668
       0.22003488       0.13559251       0.13572809
       0.22001135       0.13549318       0.13559254
       0.21999520       0.13539845       0.13546031
       0.21998668       0.13530869       0.13533168
       0.21998608       0.13522426       0.13520696
       0.21999369       0.13514557       0.13508648
       0.22000982       0.13507302       0.13497057
       0.22003478       0.13500703       0.13485961
       0.22006891       0.13494806       0.13475396
       0.22011255       0.13489656       0.13465404
       0.22016606       0.13485301       0.13456026
       0.22022980       0.13481791       0.13447306
       0.22030416       0.13479176       0.13439291
       0.22038951       0.13477509       0.13432029
       0.22048625       0.13476844       0.13425569
       0.22059479       0.13477234       0.13419964
       0.22071553       0.13478737       0.13415267
       0.22084887       0.13481410       0.13411533
       0.22099524       0.13485310       0.13408820
       0.22115505       0.13490495       0.13407184
       0.22132871       0.13497026       0.13406687
       0.22151664       0.13504961       0.13407388
       0.22171924       0.13514360       0.13409351
       0.22193692       0.13525282       0.13412636
       0.22217008       0.13537786       0.13417308
       0.22241910       0.13551932       0.13423431
       0.22268435       0.13567776       0.13431068
       0.22296620       0.13585376       0.13440283
       0.22326500       0.13604788       0.13451141
       0.22358107       0.13626065       0.13463703
       0.22391473       0.13649260       0.13478033
       0.22426626       0.13674422       0.13494192
       0.22463594       0.13701600       0.13512240
       0.22502400       0.13730840       0.13532235
       0.22543065       0.13762182       0.13554234
       0.22585609       0.13795667       0.13578291
       0.22630045       0.13831330       0.13604458
       0.22676387       0.13869204       0.13632783
       0.22724644       0.13909315       0.13663313
       0.22774818       0.13951689       0.13696089
       0.22826913       0.13996344       0.13731150
       0.22880926       0.14043295       0.13768532
       0.22936848       0.14092551       0.13808263
       0.22994670       0.14144117       0.13850372
       0.23054375       0.14197992       0.13894877
       0.23115944       0.14254169       0.13941796
       0.23179353       0.14312635       0.13991139
       0.23244571       0.14373374       0.14042912
       0.23311565       0.14436359       0.14097114
       0.23380296       0.14501561       0.14153739
       0.23450720       0.14568942       0.14212774
       0.23522789       0.14638460       0.14274202
       0.23596448       0.14710063       0.14337998
       0.23671640       0.14783696       0.14404130
       0.23748299       0.14859295       0.14472560
       0.23826357       0.14936791       0.14543245
       0.23905740       0.15016107       0.14616133
       0.23986368       0.15097159       0.14691167
       0.24068157       0.15179859       0.14768283
       0.24151018       0.15264110       0.14847409
       0.24234856       0.15349809       0.14928468
       0.24319572       0.15436847       0.15011375
       0.24405062       0.15525108       0.15096041
       0.24491215       0.15614471       0.15182367
       0.24577918       0.15704808       0.15270250
       0.24665051       0.15795985       0.15359580
       0.24752492       0.15887864       0.15450241
       0.24840111       0.15980297       0.15542110
       0.24927776       0.16073137       0.15635061
       0.25015349       0.16166226       0.15728959
       0.25102688       0.16259403       0.15823665
       0.25189648       0.16352504       0.15919035
       0.25276079       0.16445357       0.16014919
       0.25361825       0.16537789       0.16111161
       0.25446729       0.16629619       0.16207603
       0.25530629       0.16720666       0.16304081
       0.25613359       0.16810741       0.16400425
       0.25694750       0.16899655       0.16496462
       0.25774628       0.16987213       0.16592015
       0.25852819       0.17073218       0.16686902
       0.25929142       0.17157470       0.16780939
       0.26003416       0.17239765       0.16873936
       0.26075457       0.17319897       0.16965700
       0.26145076       0.17397658       0.17056035
       0.26212084       0.17472836       0.17144740
       0.26276290       0.17545219       0.17231612
       0.26337501       0.17614590       0.17316442
       0.26395520       0.17680732       0.17399021
       0.26450154       0.17743427       0.17479132
       0.26501205       0.17802453       0.17556559
       0.26548475       0.17857587       0.17631077
       0.26591770       0.17908606       0.17702462
       0.26630892       0.17955286       0.17770482
       0.26665648       0.17997399       0.17834903
       0.26695845       0.18034720       0.17895487
       0.26721294       0.18067021       0.17951989
       0.26741809       0.18094075       0.18004162
       0.26757209       0.18115654       0.18051753
       0.26767318       0.18131534       0.18094504
       0.26771967       0.18141487       0.18132155
       0.26770996       0.18145290       0.18164436
       0.26764254       0.18142723       0.18191077
       0.26751600       0.18133566       0.18211800
       0.26732906       0.18117605       0.18226325
       0.26708059       0.18094630       0.18234367
       0.26676960       0.18064439       0.18235635
       0.26639531       0.18026834       0.18229838
       0.26595712       0.17981630       0.18216680
       0.26545468       0.17928648       0.18195866
       0.26488786       0.17867724       0.18167099
       0.26425685       0.17798709       0.18130082
       0.26356210       0.17721468       0.18084521
       0.26280444       0.17635887       0.18030127
       0.26198503       0.17541874       0.17966617
       0.26110545       0.17439361       0.17893717
       0.26016770       0.17328310       0.17811164
       0.25917424       0.17208714       0.17718711
       0.25812806       0.17080603       0.17616129
       0.25703263       0.16944046       0.17503214
       0.25589204       0.16799159       0.17379789
       0.25471094       0.16646105       0.17245709
       0.25349464       0.16485106       0.17100869
       0.25224910       0.16316442       0.16945212
       0.25098099       0.16140460       0.16778731
       0.24969768       0.15957580       0.16601481
       0.24840728       0.15768301       0.16413588
       0.24711867       0.15573204       0.16215256
       0.24584147       0.15372965       0.16006775
       0.24458608       0.15168355       0.15788539
       0.24336364       0.14960246       0.15561049
       0.24218603       0.14749622       0.15324928
       0.24106584       0.14537577       0.15080933
       0.24001627       0.14325323       0.14829964
       0.23905116       0.14114190       0.14573080
       0.23818481       0.13905631       0.14311503
       0.23743194       0.13701219       0.14046633
       0.23680756       0.13502642       0.13780054
       0.23632680       0.13311706       0.13513540
       0.23600478       0.13130319       0.13249058
       0.23585640       0.12960484       0.12988769
       0.23589613       0.12804288       0.12735021
       0.23613781       0.12663878       0.12490345
       0.23659439       0.12541445       0.12257434
       0.23727770       0.12439198       0.12039128
       0.23819815       0.12359333       0.11838383
       0.23936453       0.12304003       0.11658241
       0.24078371       0.12275283       0.11501782
       0.24246044       0.12275131       0.11372087
       0.24439714       0.12305352       0.11272175
       0.24659370       0.12367557       0.11204949
       0.24904737       0.12463126       0.11173137
       0.25175269       0.12593169       0.11179223
       0.25470143       0.12758501       0.11225392
       0.25788266       0.12959604       0.11313464
       0.26128281       0.13196614       0.11444845
       0.26488590       0.13469307       0.11620482
       0.26867370       0.13777085       0.11840826
       0.27262604       0.14118991       0.12105812
       0.27672113       0.14493708       0.12414848
       0.28093593       0.14899591       0.12766825
       0.28524649       0.15334683       0.13160132
       0.28962838       0.15796759       0.13592695
       0.29405706       0.16283356       0.14062013
       0.29850825       0.16791821       0.14565219
       0.30295824       0.17319354       0.15099138
       0.30738423       0.17863051       0.15660349
       0.31176458       0.18419945       0.16245249
       0.31607903       0.18987054       0.16850117
       0.32030885       0.19561410       0.17471172
       0.32443704       0.20140097       0.18104625
       0.32844835       0.20720279       0.18746728
       0.33232942       0.21299226       0.19393809
       0.33606877       0.21874337       0.20042309
       0.33965685       0.22443155       0.20688808
       0.34308604       0.23003385       0.21330046
       0.34635064       0.23552909       0.21962944
       0.34944686       0.24089790       0.22584618
       0.35237283       0.24612291       0.23192389
       0.35512850       0.25118877       0.23783802
       0.35771565       0.25608220       0.24356633
       0.36013786       0.26079211       0.24908898
       0.36240038       0.26530958       0.25438867
       0.36451014       0.26962787       0.25945068
       0.36647559       0.27374249       0.26426300
       0.36830665       0.27765107       0.26881631
       0.37001455       0.28135341       0.27310407
       0.37161174       0.28485137       0.27712250
       0.37311172       0.28814878       0.28087052
       0.37452889       0.29125132       0.28434973
       0.37587836       0.29416643       0.28756432
       0.37717585       0.29690311       0.29052092
       0.37843743       0.29947181       0.29322846
       0.37967941       0.30188423       0.29569800
       0.38091811       0.30415313       0.29794255
       0.38216975       0.30629218       0.29997684
       0.38345023       0.30831573       0.30181712
       0.38477502       0.31023870       0.30348093
       0.38615896       0.31207631       0.30498686
       0.38761619       0.31384395       0.30635434
       0.38915994       0.31555704       0.30760339
       0.39080248       0.31723082       0.30875446
       0.39255499       0.31888022       0.30982814
       0.39442748       0.32051971       0.31084502
       0.39642867       0.32216319       0.31182546
       0.39856600       0.32382385       0.31278945
       0.40084548       0.32551407       0.31375635
       0.40327173       0.32724530       0.31474484
       0.40584791       0.32902798       0.31577267
       0.40857570       0.33087148       0.31685654
       0.41145533       0.33278400       0.31801201
       0.41448556       0.33477254       0.31925329
       0.41766371       0.33684280       0.32059320
       0.42098571       0.33899924       0.32204302
       0.42444616       0.34124495       0.32361245
       0.42803835       0.34358174       0.32530946
       0.43175440       0.34601007       0.32714032
       0.43558530       0.34852910       0.32910949
       0.43952105       0.35113674       0.33121964
       0.44355074       0.35382966       0.33347165
       0.44766267       0.35660337       0.33586460
       0.45184452       0.35945230       0.33839584
       0.45608343       0.36236987       0.34106108
       0.46036614       0.36534859       0.34385442
       0.46467916       0.36838015       0.34676850
       0.46900887       0.37145556       0.34979461
       0.47334166       0.37456526       0.35292284
       0.47766402       0.37769919       0.35614224
       0.48196271       0.38084699       0.35944097
       0.48622482       0.38399803       0.36280647
       0.49043786       0.38714159       0.36622566
       0.49458987       0.39026694       0.36968508
       0.49866946       0.39336340       0.37317107
       0.50266583       0.39642052       0.37666992
       0.50656890       0.39942803       0.38016803
       0.51036921       0.40237602       0.38365202
       0.51405804       0.40525491       0.38710887
       0.51762733       0.40805553       0.39052598
       0.52106971       0.41076912       0.39389128
       0.52437845       0.41338735       0.39719326
       0.52754745       0.41590232       0.40042101
       0.53057117       0.41830654       0.40356428
       0.53344463       0.42059292       0.40661341
       0.53616331       0.42275473       0.40955937
       0.53872315       0.42478555       0.41239370
       0.54112045       0.42667926       0.41510848
       0.54335184       0.42842993       0.41769628
       0.54541427       0.43003183       0.42015007
       0.54730487       0.43147933       0.42246316
       0.54902100       0.43276684       0.42462915
       0.55056014       0.43388878       0.42664179
       0.55191989       0.43483947       0.42849494
       0.55309795       0.43561314       0.43018247
       0.55409206       0.43620377       0.43169814
       0.55489999       0.43660513       0.43303553
       0.55551956       0.43681067       0.43418797
       0.55594861       0.43681346       0.43514840
       0.55618501       0.43660615       0.43590927
       0.55622667       0.43618095       0.43646250
       0.55607159       0.43552954       0.43679933
       0.55571785       0.43464303       0.43691024
       0.55516372       0.43351197       0.43678484
       0.55440766       0.43212627       0.43641178
       0.55344844       0.43047521       0.43577863
       0.55228522       0.42854742       0.43487177
       0.55091767       0.42633087       0.43367630
       0.54934611       0.42381293       0.43217593
       0.54757167       0.42098033       0.43035285
       0.54559653       0.41781931       0.42818764
       0.54342407       0.41431567       0.42565920
       0.54105925       0.41045489       0.42274462
       0.53850883       0.40622235       0.41941921
       0.53578181       0.40160359       0.41565639
       0.53288982       0.39658456       0.41142781
       0.52984760       0.39115212       0.40670342
       0.52667358       0.38529452       0.40145170
       0.52339042       0.37900207       0.39563999
       0.52002576       0.37226799       0.38923507
       0.51661286       0.36508939       0.38220391
       0.51319142       0.35746849       0.37451475
       0.50980831       0.34941412       0.36613862
       0.50651833       0.34094343       0.35705124
       0.50338491       0.33208386       0.34723566
       0.50048054       0.32287545       0.33668541
       0.49788713       0.31337325       0.32540865
       0.49569582       0.30365002       0.31343298
       0.49400637       0.29379888       0.30081130
       0.49292575       0.28393573       0.28762832
       0.49256583       0.27420130       0.27400773
       0.49304002       0.26476228       0.26011942
       0.49445843       0.25581105       0.24618609
       0.49692187       0.24756366       0.23248824
       0.50051421       0.24025508       0.21936615
       0.50529376       0.23413164       0.20721725
       0.51128382       0.22943996       0.19648706
       0.51846323       0.22641254       0.18765244
       0.52675808       0.22525056       0.18119611
       0.53603555       0.22610499       0.17757290
       0.54610157       0.22905786       0.17716966
       0.55670316       0.23410623       0.18026283
       0.56753637       0.24115130       0.18697895
       0.57825989       0.24999525       0.19726468
       0.58851332       0.26034714       0.21087244
       0.59793870       0.27183837       0.22736557
       0.60620269       0.28404616       0.24614447
       0.61301705       0.29652239       0.26649073
       0.61815484       0.30882426       0.28762343
       0.62146095       0.32054276       0.30875954
       0.62285588       0.33132579       0.32917012
       0.62233329       0.34089382       0.34822545
       0.61995229       0.34904731       0.36542507
       0.61582602       0.35566651       0.38041143
       0.61010837       0.36070504       0.39296881
       0.60298041       0.36417925       0.40301071
       0.59463768       0.36615543       0.41055971
       0.58527943       0.36673648       0.41572378
       0.57509997       0.36604941       0.41867226
       0.56428237       0.36423452       0.41961375
       0.55299427       0.36143657       0.41877738
       0.54138555       0.35779814       0.41639785
       0.52958740       0.35345483       0.41270444
       0.51771252       0.34853223       0.40791336
       0.50585606       0.34314422       0.40222307
       0.49409697       0.33739226       0.39581185
       0.48249972       0.33136546       0.38883704
       0.47111598       0.32514114       0.38143546
       0.45998636       0.31878566       0.37372462
       0.44914205       0.31235549       0.36580436
       0.43860624       0.30589824       0.35775864
       0.42839551       0.29945380       0.34965750
       0.41852096       0.29305527       0.34155885
       0.40898917       0.28672996       0.33351016
       0.39980311       0.28050023       0.32555006
       0.39096284       0.27438417       0.31770966
       0.38246607       0.26839632       0.31001376
       0.37430872       0.26254821       0.30248192
       0.36648526       0.25684882       0.29512930
       0.35898912       0.25130500       0.28796743
       0.35181288       0.24592184       0.28100483
       0.34494855       0.24070293       0.27424758
       0.33838774       0.23565061       0.26769970
       0.33212178       0.23076622       0.26136356
       0.32614183       0.22605021       0.25524019
       0.32043899       0.22150233       0.24932949
       0.31500436       0.21712173       0.24363048
       0.30982908       0.21290708       0.23814147
       0.30490440       0.20885663       0.23286017
       0.30022167       0.20496830       0.22778382
       0.29577241       0.20123974       0.22290930
       0.29154827       0.19766835       0.21823321
       0.28754109       0.19425136       0.21375189
       0.28374289       0.19098584       0.20946152
       0.28014584       0.18786874       0.20535814
       0.27674234       0.18489688       0.20143768
       0.27352492       0.18206703       0.19769599
       0.27048633       0.17937587       0.19412887
       0.26761947       0.17682004       0.19073208
       0.26491743       0.17439612       0.18750135
       0.26237346       0.17210066       0.18443237
       0.25998098       0.16993017       0.18152085
       0.25773357       0.16788117       0.17876248
       0.25562498       0.16595014       0.17615294
       0.25364911       0.16413354       0.17368792
       0.25180003       0.16242783       0.17136312
       0.25007194       0.16082949       0.16917421
       0.24845920       0.15933496       0.16711690
       0.24695634       0.15794071       0.16518690
       0.24555803       0.15664320       0.16337991
       0.24425908       0.15543893       0.16169167
       0.24305447       0.15432437       0.16011789
       0.24193932       0.15329605       0.15865434
       0.24090890       0.15235050       0.15729678
       0.23995866       0.15148429       0.15604099
       0.23908418       0.15069401       0.15488279
       0.23828121       0.14997630       0.15381802
       0.23754565       0.14932783       0.15284257
       0.23687357       0.14874532       0.15195234
       0.23626119       0.14822556       0.15114331
       0.23570491       0.14776537       0.15041151
       0.23520126       0.14736165       0.14975301
       0.23474698       0.14701137       0.14916397
       0.23433892       0.14671157       0.14864062
       0.23397414       0.14645936       0.14817927
       0.23364983       0.14625195       0.14777633
       0.23336333       0.14608661       0.14742828
       0.23311217       0.14596072       0.14713175
       0.23289401       0.14587175       0.14688343
       0.23270666       0.14581725       0.14668016
       0.23254807       0.14579490       0.14651889
       0.23241635       0.14580244       0.14639668
       0.23230973       0.14583774       0.14631074
       0.23222656       0.14589874       0.14625841
       0.23216532       0.14598350       0.14623714
       0.23212462       0.14609018       0.14624454
       0.23210314       0.14621701       0.14627834
       0.23209969       0.14636234       0.14633640
       0.23211316       0.14652460       0.14641672
       0.23214252       0.14670230       0.14651743
       0.23218682       0.14689404       0.14663677
       0.23224518       0.14709850       0.14677312
       0.23231675       0.14731442       0.14692497
       0.23240075       0.14754062       0.14709091
       0.23249645       0.14777598       0.14726964
       0.23260311       0.14801942       0.14745998
       0.23272006       0.14826993       0.14766080
       0.23284662       0.14852654       0.14787108
       0.23298211       0.14878829       0.14808986
       0.23312585       0.14905430       0.14831626
       0.23327719       0.14932367       0.14854944
       0.23343541       0.14959554       0.14878862
       0.23359981       0.14986905       0.14903306
       0.23376966       0.15014336       0.14928205
       0.23394418       0.15041763       0.14953490
       0.23412258       0.15069099       0.14979093
       0.23430403       0.15096260       0.15004947
       0.23448765       0.15123158       0.15030986
       0.23467252       0.15149704       0.15057142
       0.23485768       0.15175806       0.15083346
       0.23504213       0.15201371       0.15109525
       0.23522481       0.15226302       0.15135607
       0.23540464       0.15250499       0.15161512
       0.23558048       0.15273861       0.15187160
       0.23575115       0.15296280       0.15212465
       0.23591543       0.15317648       0.15237336
       0.23607207       0.15337852       0.15261679
       0.23621978       0.15356775       0.15285392
       0.23635724       0.15374298       0.15308370
       0.23648311       0.15390299       0.15330501
       0.23659604       0.15404652       0.15351668
       0.23669465       0.15417229       0.15371749
       0.23677755       0.15427900       0.15390615
       0.23684336       0.15436531       0.15408132
       0.23689071       0.15442988       0.15424162
       0.23691822       0.15447136       0.15438560
       0.23692456       0.15448838       0.15451177
       0.23690841       0.15447956       0.15461860
       0.23686850       0.15444356       0.15470451
       0.23680358       0.15437900       0.15476788
       0.23671250       0.15428456       0.15480707
       0.23659414       0.15415891       0.15482040
       0.23644747       0.15400076       0.15480619
       0.23627155       0.15380888       0.15476271
       0.23606553       0.15358205       0.15468825
       0.23582868       0.15331914       0.15458108
       0.23556039       0.15301906       0.15443950
       0.23526016       0.15268082       0.15426181
       0.23492768       0.15230350       0.15404633
       0.23456275       0.15188627       0.15379143
       0.23416537       0.15142844       0.15349550
       0.23373572       0.15092942       0.15315702
       0.23327417       0.15038876       0.15277451
       0.23278131       0.14980617       0.15234659
       0.23225795       0.14918150       0.15187195
       0.23170514       0.14851480       0.15134943
       0.23112418       0.14780631       0.15077796
       0.23051663       0.14705649       0.15015663
       0.22988435       0.14626602       0.14948470
       0.22922946       0.14543581       0.14876159
       0.22855443       0.14456707       0.14798693
       0.22786201       0.14366127       0.14716058
       0.22715529       0.14272019       0.14628264
       0.22643772       0.14174593       0.14535349
       0.22571307       0.14074093       0.14437380
       0.22498548       0.13970801       0.14334457
       0.22425947       0.13865035       0.14226715
       0.22353992       0.13757155       0.14114327
       0.22283206       0.13647561       0.13997509
       0.22214154       0.13536698       0.13876518
       0.22147433       0.13425057       0.13751663
       0.22083679       0.13313176       0.13623301
       0.22023563       0.13201640       0.13491845
       0.21967791       0.13091085       0.13357762
       0.21917099       0.12982196       0.13221585
       0.21872255       0.12875708       0.13083904
       0.21834052       0.12772409       0.12945379
       0.21803309       0.12673134       0.12806738
       0.21780863       0.12578768       0.12668777
       0.21767568       0.12490245       0.12532366
       0.21764285       0.12408541       0.12398447
       0.21771882       0.12334676       0.12268034
       0.21791223       0.12269706       0.12142214
       0.21823162       0.12214722       0.12022144
       0.21868538       0.12170840       0.11909050
       0.21928160       0.12139196       0.11804220
       0.22002806       0.12120942       0.11709002
       0.22093206       0.12117230       0.11624795
       0.22200040       0.12129208       0.11553042
       0.22323920       0.12158005       0.11495220
       0.22465385       0.12204722       0.11452825
       0.22624890       0.12270419       0.11427367
       0.22802796       0.12356101       0.11420344
       0.22999358       0.12462704       0.11433234
       0.23214721       0.12591078       0.11467474
       0.23448907       0.12741980       0.11524438
       0.23701813       0.12916051       0.11605419
       0.23973201       0.13113808       0.11711609
       0.24262699       0.13335626       0.11844074
       0.24569793       0.13581731       0.12003734
       0.24893833       0.13852184       0.12191341
       0.25234032       0.14146876       0.12407459
       0.25589468       0.14465518       0.12652448
       0.25959097       0.14807638       0.12926441
       0.26341755       0.15172576       0.13229337
       0.26736176       0.15559492       0.13560787
       0.27141000       0.15967360       0.13920188
       0.27554792       0.16394983       0.14306678
       0.27976058       0.16840997       0.14719142
       0.28403265       0.17303891       0.15156215
       0.28834861       0.17782016       0.15616293
       0.29269294       0.18273608       0.16097551
       0.29705037       0.18776809       0.16597959
       0.30140607       0.19289687       0.17115312
       0.30574586       0.19810264       0.17647254
       0.31005642       0.20336539       0.18191309
       0.31432545       0.20866517       0.18744917
       0.31854190       0.21398230       0.19305469
       0.32269604       0.21929768       0.19870340
       0.32677963       0.22459299       0.20436929
       0.33078604       0.22985093       0.21002694
       0.33471028       0.23505542       0.21565184
       0.33854906       0.24019179       0.22122073
       0.34230082       0.24524691       0.22671188
       0.34596571       0.25020936       0.23210537
       0.34954556       0.25506947       0.23738326
       0.35304382       0.25981941       0.24252982
       0.35646547       0.26445323       0.24753168
       0.35981693       0.26896684       0.25237784
       0.36310594       0.27335802       0.25705984
       0.36634141       0.27762635       0.26157168
       0.36953330       0.28177312       0.26590987
       0.37269245       0.28580126       0.27007332
       0.37583042       0.28971526       0.27406329
       0.37895933       0.29352096       0.27788325
       0.38209169       0.29722551       0.28153879
       0.38524025       0.30083716       0.28503741
       0.38841783       0.30436513       0.28838839
       0.39163714       0.30781947       0.29160260
       0.39491069       0.31121087       0.29469230
       0.39825057       0.31455054       0.29767098
       0.40166835       0.31785001       0.30055312
       0.40517497       0.32112104       0.30335402
       0.40878058       0.32437541       0.30608962
       0.41249445       0.32762482       0.30877624
       0.41632489       0.33088071       0.31143048
       0.42027913       0.33415418       0.31406895
       0.42436325       0.33745583       0.31670813
       0.42858214       0.34079565       0.31936419
       0.43293941       0.34418292       0.32205279
       0.43743741       0.34762611       0.32478897
       0.44207714       0.35113278       0.32758692
       0.44685826       0.35470953       0.33045990
       0.45177914       0.35836189       0.33342005
       0.45683680       0.36209431       0.33647831
       0.46202700       0.36591009       0.33964427
       0.46734427       0.36981135       0.34292608
       0.47278195       0.37379904       0.34633040
       0.47833228       0.37787292       0.34986228
       0.48398650       0.38203158       0.35352519
       0.48973492       0.38627248       0.35732092
       0.49556701       0.39059198       0.36124965
       0.50147157       0.39498539       0.36530994
       0.50743678       0.39944706       0.36949876
       0.51345039       0.40397045       0.37381160
       0.51949976       0.40854825       0.37824251
       0.52557209       0.41317241       0.38278427
       0.53165443       0.41783432       0.38742842
       0.53773390       0.42252489       0.39216550
       0.54379771       0.42723465       0.39698512
       0.54983332       0.43195387       0.40187614
       0.55582851       0.43667269       0.40682686
       0.56177149       0.44138117       0.41182511
       0.56765092       0.44606946       0.41685847
       0.57345602       0.45072782       0.42191440
       0.57917659       0.45534677       0.42698037
       0.58480304       0.45991708       0.43204397
       0.59032646       0.46442991       0.43709309
       0.59573856       0.46887683       0.44211595
       0.60103175       0.47324982       0.44710124
       0.60619908       0.47754136       0.45203817
       0.61123425       0.48174444       0.45691649
       0.61613161       0.48585251       0.46172661
       0.62088608       0.48985958       0.46645955
       0.62549318       0.49376011       0.47110700
       0.62994897       0.49754908       0.47566131
       0.63425000       0.50122194       0.48011545
       0.63839333       0.50477460       0.48446306
       0.64237643       0.50820336       0.48869837
       0.64619717       0.51150497       0.49281620
       0.64985378       0.51467652       0.49681192
       0.65334485       0.51771543       0.50068141
       0.65666923       0.52061946       0.50442102
       0.65982603       0.52338662       0.50802755
       0.66281463       0.52601519       0.51149820
       0.66563455       0.52850364       0.51483053
       0.66828554       0.53085065       0.51802241
       0.67076745       0.53305504       0.52107201
       0.67308028       0.53511575       0.52397776
       0.67522409       0.53703183       0.52673828
       0.67719905       0.53880241       0.52935238
       0.67900536       0.54042664       0.53181905
       0.68064324       0.54190371       0.53413735
       0.68211294       0.54323279       0.53630648
       0.68341469       0.54441303       0.53832565
       0.68454869       0.54544349       0.54019413
       0.68551510       0.54632319       0.54191119
       0.68631402       0.54705100       0.54347606
       0.68694547       0.54762569       0.54488792
       0.68740937       0.54804585       0.54614585
       0.68770556       0.54830988       0.54724884
       0.68783373       0.54841598       0.54819570
       0.68779345       0.54836212       0.54898507
       0.68758416       0.54814597       0.54961539
       0.68720512       0.54776493       0.55008483
       0.68665546       0.54721606       0.55039129
       0.68593413       0.54649607       0.55053231
       0.68503988       0.54560129       0.55050511
       0.68397133       0.54452760       0.55030645
       0.68272689       0.54327045       0.54993265
       0.68130482       0.54182480       0.54937952
       0.67970319       0.54018506       0.54864228
       0.67791994       0.53834510       0.54771552
       0.67595286       0.53629818       0.54659315
       0.67379962       0.53403692       0.54526828
       0.67145783       0.53155327       0.54373319
       0.66892501       0.52883844       0.54197921
       0.66619874       0.52588292       0.53999665
       0.66327664       0.52267641       0.53777469
       0.66015646       0.51920779       0.53530125
       0.65683623       0.51546512       0.53256293
       0.65331430       0.51143558       0.52954481
       0.64958953       0.50710555       0.52623039
       0.64566144       0.50246053       0.52260139
       0.64153042       0.49748525       0.51863764
       0.63719797       0.49216371       0.51431694
       0.63266697       0.48647927       0.50961491
       0.62794202       0.48041481       0.50450487
       0.62302986       0.47395295       0.49895774
       0.61793980       0.46707632       0.49294197
       0.61268426       0.45976794       0.48642356
       0.60727941       0.45201174       0.47936614
       0.60174582       0.44379319       0.47173117
       0.59610927       0.43510012       0.46347832
       0.59040166       0.42592377       0.45456613
       0.58466186       0.41626004       0.44495292
       0.57893682       0.40611111       0.43459813
       0.57328253       0.39548729       0.42346423
       0.56776505       0.38440934       0.41151926
       0.56246143       0.37291107       0.39874021
       0.55746037       0.36104237       0.38511738
       0.55286263       0.34887254       0.37065988
       0.54878079       0.33649383       0.35540239
       0.54533834       0.32402501       0.33941313
       0.54266769       0.31161457       0.32280302
       0.54090689       0.29944334       0.30573557
       0.54019468       0.28772559       0.28843672
       0.54066380       0.27670822       0.27120367
       0.54243220       0.26666689       0.25441080
       0.54559253       0.25789854       0.23851065
       0.55020009       0.25070929       0.22402747
       0.55626021       0.24539763       0.21154070
       0.56371625       0.24223316       0.20165665
       0.57243987       0.24143196       0.19496785
       0.58222554       0.24313106       0.19200162
       0.59279104       0.24736505       0.19316265
       0.60378539       0.25404875       0.19867658
       0.61480461       0.26296951       0.20854412
       0.62541445       0.27379200       0.22251488
       0.63517809       0.28607623       0.24008814
       0.64368556       0.29930744       0.26054326
       0.65058114       0.31293419       0.28299682
       0.65558535       0.32640935       0.30647806
       0.65850903       0.33922848       0.33001089
       0.65925833       0.35096074       0.35269029
       0.65783111       0.36126929       0.37374286
       0.65430621       0.36992026       0.39256562
       0.64882801       0.37678116       0.40874186
       0.64158873       0.38181113       0.42203663
       0.63281073       0.38504587       0.43237699
       0.62273049       0.38658010       0.43982305
       0.61158524       0.38655004       0.44453542
       0.59960277       0.38511738       0.44674331
       0.58699431       0.38245591       0.44671637
       0.57395013       0.37874098       0.44474151
       0.56063749       0.37414191       0.44110536
       0.54720021       0.36881685       0.43608182
       0.53375956       0.36290981       0.42992414
       0.52041587       0.35654924       0.42286052
       0.50725057       0.34984776       0.41509234
       0.49432852       0.34290275       0.40679434
       0.48170016       0.33579736       0.39811597
       0.46940376       0.32860184       0.38918344
       0.45746733       0.32137497       0.38010216
       0.44591037       0.31416546       0.37095928
       0.43474546       0.30701331       0.36182614
       0.42397949       0.29995106       0.35276055
       0.41361483       0.29300489       0.34380888
       0.40365027       0.28619562       0.33500788
       0.39408176       0.27953956       0.32638624
       0.38490306       0.27304921       0.31796604
       0.37610628       0.26673395       0.30976382
       0.36768227       0.26060051       0.30179158
       0.35962101       0.25465347       0.29405765
       0.35191184       0.24889560       0.28656730
       0.34454370       0.24332818       0.27932335
       0.33750531       0.23795126       0.27232663
       0.33078530       0.23276393       0.26557635
       0.32437233       0.22776443       0.25907044
       0.31825513       0.22295035       0.25280582
       0.31242263       0.21831875       0.24677857
       0.30686395       0.21386627       0.24098416
       0.30156849       0.20958920       0.23541757
       0.29652589       0.20548360       0.23007341
       0.29172612       0.20154531       0.22494601
       0.28715942       0.19777002       0.22002955
       0.28281637       0.19415335       0.21531806
       0.27868784       0.19069082       0.21080551
       0.27476504       0.18737796       0.20648585
       0.27103947       0.18421025       0.20235304
       0.26750294       0.18118322       0.19840108
       0.26414756       0.17829241       0.19462406
       0.26096572       0.17553341       0.19101612
       0.25795012       0.17290187       0.18757153
       0.25509370       0.17039352       0.18428465
       0.25238969       0.16800414       0.18114997
       0.24983157       0.16572961       0.17816210
       0.24741307       0.16356590       0.17531580
       0.24512815       0.16150905       0.17260594
       0.24297101       0.15955520       0.17002755
       0.24093607       0.15770061       0.16757577
       0.23901795       0.15594158       0.16524590
       0.23721148       0.15427457       0.16303337
       0.23551170       0.15269607       0.16093373
       0.23391382       0.15120272       0.15894269
       0.23241323       0.14979122       0.15705607
       0.23100551       0.14845838       0.15526982
       0.22968640       0.14720108       0.15358001
       0.22845180       0.14601631       0.15198285
       0.22729775       0.14490115       0.15047465
       0.22622045       0.14385274       0.14905184
       0.22521626       0.14286834       0.14771096
       0.22428164       0.14194525       0.14644866
       0.22341322       0.14108089       0.14526170
       0.22260773       0.14027274       0.14414694
       0.22186203       0.13951835       0.14310132
       0.22117311       0.13881536       0.14212190
       0.22053805       0.13816147       0.14120583
       0.21995406       0.13755445       0.14035034
       0.21941846       0.13699215       0.13955274
       0.21892866       0.13647248       0.13881044
       0.21848217       0.13599342       0.13812094
       0.21807661       0.13555301       0.13748178
       0.21770967       0.13514934       0.13689062
       0.21737916       0.13478059       0.13634518
       0.21708295       0.13444498       0.13584324
       0.21681901       0.13414078       0.13538267
       0.21658540       0.13386634       0.13496139
       0.21638024       0.13362005       0.13457741
       0.21620175       0.13340035       0.13422880
       0.21604820       0.13320575       0.13391367
       0.21591796       0.13303480       0.13363022
       0.21580945       0.13288610       0.13337671
       0.21572116       0.13275831       0.13315144
       0.21565167       0.13265012       0.13295280
       0.21559961       0.13256029       0.13277920
       0.21556365       0.13248760       0.13262914
       0.21554257       0.13243091       0.13250115
       0.21553516       0.13238909       0.13239383
       0.21554030       0.13236108       0.13230582
       0.21555692       0.13234585       0.13223584
       0.21558399       0.13234241       0.13218261
       0.21562054       0.13234982       0.13214495
       0.21566566       0.13236716       0.13212171
       0.21571847       0.13239357       0.13211177
       0.21577815       0.13242823       0.13211408
       0.21584392       0.13247033       0.13212763
       0.21591503       0.13251913       0.13215144
       0.21599081       0.13257390       0.13218459
       0.21607059       0.13263394       0.13222619
       0.21615376       0.13269862       0.13227541
       0.21623974       0.13276730       0.13233143
       0.21632799       0.13283939       0.13239349
       0.21641799       0.13291433       0.13246086
       0.21650928       0.13299159       0.13253285
       0.21660140       0.13307067       0.13260880
       0.21669395       0.13315108       0.13268809
       0.21678653       0.13323238       0.13277012
       0.21687879       0.13331414       0.13285434
       0.21697040       0.13339597       0.13294022
       0.21706105       0.13347750       0.13302725
       0.21715046       0.13355836       0.13311497
       0.21723837       0.13363823       0.13320294
       0.21732455       0.13371680       0.13329074
       0.21740878       0.13379379       0.13337797
       0.21749087       0.13386893       0.13346427
       0.21757064       0.13394198       0.13354929
       0.21764794       0.13401271       0.13363272
       0.21772264       0.13408091       0.13371425
       0.21779462       0.13414640       0.13379361
       0.21786377       0.13420901       0.13387054
       0.21793002       0.13426857       0.13394480
       0.21799330       0.13432496       0.13401617
       0.21805356       0.13437806       0.13408445
       0.21811077       0.13442775       0.13414945
       0.21816491       0.13447397       0.13421102
       0.21821598       0.13451663       0.13426900
       0.21826400       0.13455569       0.13432326
       0.21830899       0.13459110       0.13437369
       0.21835100       0.13462284       0.13442019
       0.21839010       0.13465091       0.13446266
       0.21842635       0.13467532       0.13450105
       0.21845986       0.13469609       0.13453530
       0.21849072       0.13471327       0.13456538
       0.21851907       0.13472690       0.13459126
       0.21854504       0.13473708       0.13461293
       0.21856879       0.13474388       0.13463042
       0.21859049       0.13474742       0.13464374
       0.21861034       0.13474782       0.13465294
       0.21862852       0.13474522       0.13465808
       0.21864527       0.13473979       0.13465923
       0.21866083       0.13473170       0.13465649
       0.21867545       0.13472115       0.13464997
       0.21868940       0.13470835       0.13463979
       0.21870298       0.13469354       0.13462611
       0.21871648       0.13467697       0.13460908
       0.21873025       0.13465890       0.13458890
       0.21874460       0.13463964       0.13456577
       0.21875992       0.13461948       0.13453991
       0.21877656       0.13459877       0.13451156
       0.21879494       0.13457784       0.13448100
       0.21881545       0.13455708       0.13444850
       0.21883852       0.13453686       0.13441439
       0.21886459       0.13451760       0.13437897
       0.21889413       0.13449974       0.13434262
       0.21892761       0.13448371       0.13430569
       0.21896552       0.13446998       0.13426860
       0.21900835       0.13445906       0.13423175
       0.21905663       0.13445143       0.13419560
       0.21911088       0.13444764       0.13416060
       0.21917165       0.13444821       0.13412725
       0.21923948       0.13445372       0.13409605
       0.21931494       0.13446474       0.13406755
       0.21939859       0.13448187       0.13404229
       0.21949101       0.13450570       0.13402084
       0.21959277       0.13453686       0.13400382
       0.21970447       0.13457599       0.13399183
       0.21982669       0.13462372       0.13398551
       0.21996002       0.13468071       0.13398552
       0.22010504       0.13474763       0.13399253
       0.22026233       0.13482513       0.13400722
       0.22043248       0.13491389       0.13403031
       0.22061605       0.13501459       0.13406249
       0.22081361       0.13512790       0.13410451
       0.22102570       0.13525448       0.13415709
       0.22125286       0.13539501       0.13422098
       0.22149561       0.13555014       0.13429692
       0.22175445       0.13572054       0.13438567
       0.22202986       0.13590682       0.13448797
       0.22232230       0.13610963       0.13460458
       0.22263219       0.13632956       0.13473623
       0.22295994       0.13656719       0.13488365
       0.22330592       0.13682310       0.13504757
       0.22367047       0.13709781       0.13522870
       0.22405388       0.13739183       0.13542772
       0.22445642       0.13770562       0.13564530
       0.22487831       0.13803963       0.13588209
       0.22531974       0.13839424       0.13613869
       0.22578083       0.13876982       0.13641570
       0.22626168       0.13916666       0.13671365
       0.22676233       0.13958503       0.13703306
       0.22728276       0.14002514       0.13737439
       0.22782292       0.14048713       0.13773805
       0.22838267       0.14097111       0.13812443
       0.22896186       0.14147712       0.13853382
       0.22956026       0.14200512       0.13896650
       0.23017757       0.14255503       0.13942267
       0.23081345       0.14312670       0.13990246
       0.23146751       0.14371990       0.14040595
       0.23213927       0.14433435       0.14093313
       0.23282822       0.14496967       0.14148396
       0.23353377       0.14562544       0.14205828
       0.23425529       0.14630115       0.14265589
       0.23499207       0.14699622       0.14327651
       0.23574336       0.14770999       0.14391977
       0.23650834       0.14844174       0.14458524
       0.23728613       0.14919066       0.14527238
       0.23807581       0.14995588       0.14598061
       0.23887639       0.15073646       0.14670925
       0.23968682       0.15153136       0.14745755
       0.24050604       0.15233951       0.14822467
       0.24133287       0.15315973       0.14900970
       0.24216615       0.15399082       0.14981166
       0.24300463       0.15483147       0.15062949
       0.24384702       0.15568032       0.15146206
       0.24469200       0.15653597       0.15230816
       0.24553820       0.15739693       0.15316652
       0.24638421       0.15826168       0.15403581
       0.24722858       0.15912862       0.15491462
       0.24806983       0.15999612       0.15580150
       0.24890644       0.16086249       0.15669491
       0.24973685       0.16172600       0.15759329
       0.25055950       0.16258487       0.15849500
       0.25137277       0.16343730       0.15939837
       0.25217502       0.16428142       0.16030166
       0.25296460       0.16511534       0.16120311
       0.25373984       0.16593716       0.16210089
       0.25449902       0.16674491       0.16299316
       0.25524042       0.16753663       0.16387803
       0.25596233       0.16831030       0.16475355
       0.25666298       0.16906391       0.16561778
       0.25734062       0.16979541       0.16646871
       0.25799348       0.17050274       0.16730432
       0.25861979       0.17118383       0.16812256
       0.25921777       0.17183657       0.16892134
       0.25978565       0.17245887       0.16969854
       0.26032165       0.17304861       0.17045202
       0.26082401       0.17360368       0.17117962
       0.26129098       0.17412194       0.17187912
       0.26172083       0.17460126       0.17254831
       0.26211184       0.17503952       0.17318492
       0.26246233       0.17543458       0.17378666
       0.26277065       0.17578431       0.17435122
       0.26303520       0.17608660       0.17487625
       0.26325441       0.17633933       0.17535935
       0.26342680       0.17654042       0.17579813
       0.26355094       0.17668778       0.17619012
       0.26362547       0.17677938       0.17653285
       0.26364915       0.17681318       0.17682381
       0.26362083       0.17678722       0.17706045
       0.26353947       0.17669956       0.17724021
       0.26340418       0.17654831       0.17736050
       0.26321423       0.17633167       0.17741869
       0.26296904       0.17604790       0.17741216
       0.26266822       0.17569536       0.17733828
       0.26231160       0.17527251       0.17719439
       0.26189923       0.17477794       0.17697787
       0.26143144       0.17421037       0.17668611
       0.26090882       0.17356870       0.17631655
       0.26033225       0.17285200       0.17586666
       0.25970298       0.17205955       0.17533401
       0.25902258       0.17119090       0.17471625
       0.25829305       0.17024583       0.17401116
       0.25751677       0.16922445       0.17321668
       0.25669660       0.16812721       0.17233094
       0.25583586       0.16695491       0.17135229
       0.25493838       0.16570881       0.17027938
       0.25400852       0.16439061       0.16911115
       0.25305121       0.16300252       0.16784695
       0.25207197       0.16154733       0.16648655
       0.25107694       0.16002843       0.16503025
       0.25007287       0.15844986       0.16347889
       0.24906716       0.15681640       0.16183400
       0.24806787       0.15513360       0.16009784
       0.24708373       0.15340782       0.15827350
       0.24612409       0.15164630       0.15636499
       0.24519896       0.14985721       0.15437734
       0.24431896       0.14804969       0.15231671
       0.24349529       0.14623386       0.15019046
       0.24273966       0.14442089       0.14800729
       0.24206425       0.14262300       0.14577727
       0.24148163       0.14085345       0.14351200
       0.24100464       0.13912651       0.14122462
       0.24064630       0.13745750       0.13892993
       0.24041964       0.13586265       0.13664434
       0.24033761       0.13435907       0.13438596
       0.24041283       0.13296461       0.13217453
       0.24065749       0.13169776       0.13003137
       0.24108309       0.13057746       0.12797926
       0.24170026       0.12962289       0.12604229
       0.24251854       0.12885325       0.12424566
       0.24354615       0.12828750       0.12261538
       0.24478983       0.12794407       0.12117797
       0.24625457       0.12784056       0.11996006
       0.24794348       0.12799342       0.11898795
       0.24985763       0.12841757       0.11828715
       0.25199592       0.12912616       0.11788182
       0.25435501       0.13013019       0.11779431
       0.25692930       0.13143826       0.11804454
       0.25971091       0.13305631       0.11864955
       0.26268983       0.13498743       0.11962300
       0.26585398       0.13723172       0.12097478
       0.26918943       0.13978621       0.12271066
       0.27268063       0.14264489       0.12483208
       0.27631068       0.14579877       0.12733604
       0.28006164       0.14923604       0.13021513
       0.28391485       0.15294229       0.13345769
       0.28785128       0.15690081       0.13704803
       0.29185186       0.16109287       0.14096686
       0.29589777       0.16549816       0.14519175
       0.29997077       0.17009510       0.14969765
       0.30405343       0.17486126       0.15445748
       0.30812935       0.17977376       0.15944275
       0.31218333       0.18480956       0.16462408
       0.31620149       0.18994581       0.16997182
       0.32017133       0.19516011       0.17545645
       0.32408182       0.20043076       0.18104905
       0.32792334       0.20573690       0.18672162
       0.33168768       0.21105867       0.19244731
       0.33536804       0.21637729       0.19820061
       0.33895891       0.22167516       0.20395744
       0.34245605       0.22693586       0.20969521
       0.34585643       0.23214417       0.21539282
       0.34915818       0.23728614       0.22103063
       0.35236053       0.24234900       0.22659043
       0.35546381       0.24732128       0.23205543
       0.35846937       0.25219274       0.23741020
       0.36137961       0.25695442       0.24264067
       0.36419794       0.26159864       0.24773414
       0.36692876       0.26611908       0.25267933
       0.36957747       0.27051074       0.25746639
       0.37215040       0.27476998       0.26208696
       0.37465483       0.27889458       0.26653429
       0.37709892       0.28288367       0.27080321
       0.37949165       0.28673781       0.27489027
       0.38184279       0.29045891       0.27879374
       0.38416277       0.29405024       0.28251368
       0.38646262       0.29751633       0.28605191
       0.38875388       0.30086297       0.28941202
       0.39104845       0.30409708       0.29259934
       0.39335849       0.30722664       0.29562087
       0.39569630       0.31026056       0.29848519
       0.39807418       0.31320859       0.30120237
       0.40050428       0.31608118       0.30378387
       0.40299852       0.31888933       0.30624232
       0.40556838       0.32164448       0.30859148
       0.40822486       0.32435836       0.31084596
       0.41097831       0.32704286       0.31302116
       0.41383829       0.32970983       0.31513300
       0.41681354       0.33237105       0.31719781
       0.41991182       0.33503799       0.31923209
       0.42313985       0.33772177       0.32125239
       0.42650321       0.34043295       0.32327509
       0.43000630       0.34318151       0.32531623
       0.43365228       0.34597666       0.32739139
       0.43744303       0.34882679       0.32951543
       0.44137909       0.35173939       0.33170246
       0.44545970       0.35472091       0.33396558
       0.44968277       0.35777676       0.33631681
       0.45404488       0.36091121       0.33876694
       0.45854134       0.36412738       0.34132543
       0.46316619       0.36742719       0.34400032
       0.46791231       0.37081132       0.34679811
       0.47277141       0.37427926       0.34972373
       0.47773418       0.37782928       0.35278050
       0.48279034       0.38145847       0.35597006
       0.48792875       0.38516277       0.35929243
       0.49313751       0.38893703       0.36274595
       0.49840406       0.39277506       0.36632740
       0.50371533       0.39666973       0.37003200
       0.50905782       0.40061302       0.37385348
       0.51441775       0.40459613       0.37778425
       0.51978116       0.40860960       0.38181542
       0.52513401       0.41264336       0.38593699
       0.53046231       0.41668689       0.39013796
       0.53575224       0.42072928       0.39440648
       0.54099017       0.42475937       0.39872999
       0.54616281       0.42876581       0.40309539
       0.55125726       0.43273719       0.40748916
       0.55626105       0.43666212       0.41189755
       0.56116224       0.44052928       0.41630663
       0.56594938       0.44432751       0.42070252
       0.57061163       0.44804588       0.42507141
       0.57513868       0.45167372       0.42939971
       0.57952085       0.45520064       0.43367413
       0.58374901       0.45861660       0.43788173
       0.58781461       0.46191189       0.44200997
       0.59170967       0.46507716       0.44604677
       0.59542673       0.46810340       0.44998052
       0.59895883       0.47098193       0.45380010
       0.60229950       0.47370440       0.45749485
       0.60544270       0.47626275       0.46105459
       0.60838282       0.47864916       0.46446955
       0.61111459       0.48085605       0.46773038
       0.61363309       0.48287604       0.47082809
       0.61593373       0.48470187       0.47375399
       0.61801215       0.48632637       0.47649965
       0.61986424       0.48774242       0.47905682
       0.62148613       0.48894291       0.48141738
       0.62287410       0.48992063       0.48357325
       0.62402462       0.49066829       0.48551635
       0.62493430       0.49117843       0.48723848
       0.62559990       0.49144333       0.48873126
       0.62601831       0.49145503       0.48998603
       0.62618656       0.49120521       0.49099379
       0.62610181       0.49068515       0.49174504
       0.62576141       0.48988572       0.49222974
       0.62516290       0.48879725       0.49243717
       0.62430405       0.48740956       0.49235581
       0.62318292       0.48571185       0.49197324
       0.62179796       0.48369271       0.49127599
       0.62014806       0.48134007       0.49024943
       0.61823268       0.47864117       0.48887758
       0.61605203       0.47558260       0.48714302
       0.61360717       0.47215025       0.48502670
       0.61090031       0.46832942       0.48250780
       0.60793498       0.46410486       0.47956359
       0.60471638       0.45946090       0.47616928
       0.60125172       0.45438161       0.47229792
       0.59755064       0.44885109       0.46792029
       0.59362568       0.44285374       0.46300493
       0.58949287       0.43637472       0.45751811
       0.58517233       0.42940054       0.45142402
       0.58068905       0.42191976       0.44468512
       0.57607364       0.41392394       0.43726256
       0.57136326       0.40540877       0.42911709
       0.56660252       0.39637547       0.42021009
       0.56184452       0.38683257       0.41050530
       0.55715181       0.37679790       0.39997100
       0.55259728       0.36630106       0.38858295
       0.54826494       0.35538617       0.37632829
       0.54425037       0.34411499       0.36321040
       0.54066075       0.33257024       0.34925497
       0.53761424       0.32085911       0.33451723
       0.53523848       0.30911644       0.31909038
       0.53366785       0.29750757       0.30311485
       0.53303940       0.28622994       0.28678792
       0.53348702       0.27551313       0.27037262
       0.53513370       0.26561636       0.25420475
       0.53808209       0.25682271       0.23869588
       0.54240334       0.24942928       0.22433017
       0.54812502       0.24373283       0.21165265
       0.55521918       0.24001093       0.20124671
       0.56359183       0.23849942       0.19369975
       0.57307571       0.23936786       0.18955778
       0.58342822       0.24269572       0.18927196
       0.59433581       0.24845276       0.19314300
       0.60542598       0.25648725       0.20127166
       0.61628647       0.26652511       0.21352433
       0.62649011       0.27818162       0.22952178
       0.63562293       0.29098541       0.24865572
       0.64331189       0.30441213       0.27013274
       0.64924884       0.31792322       0.29304001
       0.65320787       0.33100474       0.31642264
       0.65505432       0.34320095       0.33936104
       0.65474507       0.35413900       0.36103721
       0.65232128       0.36354287       0.38078255
       0.64789540       0.37123655       0.39810366
       0.64163489       0.37713824       0.41268711
       0.63374489       0.38124797       0.42438705
       0.62445179       0.38363168       0.43320111
       0.61398896       0.38440401       0.43924024
       0.60258528       0.38371204       0.44269733
       0.59045678       0.38172093       0.44381800
       0.57780108       0.37860241       0.44287570
       0.56479423       0.37452593       0.44015196
       0.55158955       0.36965250       0.43592189
       0.53831786       0.36413077       0.43044429
       0.52508863       0.35809484       0.42395566
       0.51199186       0.35166352       0.41666724
       0.49910012       0.34494040       0.40876417
       0.48647075       0.33801465       0.40040623
       0.47414805       0.33096215       0.39172947
       0.46216522       0.32384683       0.38284842
       0.45054624       0.31672202       0.37385844
       0.43930743       0.30963182       0.36483816
       0.42845887       0.30261238       0.35585180
       0.41800558       0.29569298       0.34695128
       0.40794854       0.28889716       0.33817812
       0.39828551       0.28224351       0.32956510
       0.38901176       0.27574656       0.32113774
       0.38012059       0.26941734       0.31291551
       0.37160388       0.26326404       0.30491290
       0.36345238       0.25729244       0.29714030
       0.35565610       0.25150635       0.28960472
       0.34820450       0.24590790       0.28231043
       0.34108670       0.24049792       0.27525947
       0.33429167       0.23527608       0.26845206
       0.32780832       0.23024117       0.26188697
       0.32162559       0.22539122       0.25556182
       0.31573257       0.22072366       0.24947326
       0.31011850       0.21623544       0.24361725
       0.30477285       0.21192314       0.23798916
       0.29968536       0.20778302       0.23258392
       0.29484602       0.20381113       0.22739617
       0.29024513       0.20000332       0.22242028
       0.28587329       0.19635535       0.21765048
       0.28172138       0.19286288       0.21308090
       0.27778061       0.18952151       0.20870561
       0.27404251       0.18632683       0.20451871
       0.27049887       0.18327445       0.20051428
       0.26714180       0.18035999       0.19668649
       0.26396370       0.17757910       0.19302956
       0.26095725       0.17492749       0.18953783
       0.25811540       0.17240094       0.18620573
       0.25543136       0.16999529       0.18302780
       0.25289861       0.16770647       0.17999872
       0.25051085       0.16553049       0.17711330
       0.24826204       0.16346345       0.17436648
       0.24614635       0.16150154       0.17175333
       0.24415819       0.15964104       0.16926908
       0.24229215       0.15787833       0.16690907
       0.24054304       0.15620987       0.16466881
       0.23890586       0.15463224       0.16254392
       0.23737579       0.15314209       0.16053017
       0.23594817       0.15173617       0.15862346
       0.23461853       0.15041133       0.15681980
       0.23338256       0.14916450       0.15511536
       0.23223607       0.14799270       0.15350641
       0.23117506       0.14689303       0.15198933
       0.23019563       0.14586269       0.15056064
       0.22929405       0.14489894       0.14921696
       0.22846669       0.14399913       0.14795500
       0.22771005       0.14316069       0.14677160
       0.22702075       0.14238111       0.14566368
       0.22639553       0.14165796       0.14462827
       0.22583121       0.14098889       0.14366248
       0.22532474       0.14037160       0.14276351
       0.22487317       0.13980385       0.14192864
       0.22447361       0.13928348       0.14115525
       0.22412330       0.13880839       0.14044077
       0.22381956       0.13837651       0.13978271
       0.22355978       0.13798587       0.13917868
       0.22334145       0.13763451       0.13862632
       0.22316213       0.13732056       0.13812335
       0.22301945       0.13704217       0.13766757
       0.22291113       0.13679757       0.13725680
       0.22283496       0.13658501       0.13688896
       0.22278880       0.13640280       0.13656201
       0.22277056       0.13624929       0.13627395
       0.22277826       0.13612290       0.13602284
       0.22280995       0.13602204       0.13580682
       0.22286376       0.13594522       0.13562402
       0.22293787       0.13589095       0.13547268
       0.22303053       0.13585781       0.13535104
       0.22314007       0.13584439       0.13525741
       0.22326486       0.13584936       0.13519013
       0.22340332       0.13587138       0.13514760
       0.22355396       0.13590918       0.13512824
       0.22371531       0.13596153       0.13513054
       0.22388599       0.13602723       0.13515301
       0.22406466       0.13610511       0.13519421
       0.22425004       0.13619405       0.13525273
       0.22444090       0.13629295       0.13532721
       0.22463606       0.13640076       0.13541633
       0.22483442       0.13651648       0.13551880
       0.22503490       0.13663911       0.13563339
       0.22523649       0.13676772       0.13575889
       0.22543824       0.13690139       0.13589413
       0.22563922       0.13703926       0.13603799
       0.22583858       0.13718049       0.13618937
       0.22603552       0.13732428       0.13634724
       0.22622926       0.13746986       0.13651058
       0.22641911       0.13761651       0.13667842
       0.22660439       0.13776354       0.13684983
       0.22678450       0.13791028       0.13702391
       0.22695886       0.13805611       0.13719981
       0.22712695       0.13820045       0.13737671
       0.22728830       0.13834274       0.13755384
       0.22744247       0.13848247       0.13773046
       0.22758907       0.13861915       0.13790586
       0.22772775       0.13875233       0.13807938
       0.22785823       0.13888159       0.13825040
       0.22798022       0.13900657       0.13841833
       0.22809352       0.13912691       0.13858262
       0.22819794       0.13924229       0.13874275
       0.22829335       0.13935244       0.13889827
       0.22837963       0.13945710       0.13904871
       0.22845673       0.13955608       0.13919370
       0.22852462       0.13964917       0.13933286
       0.22858330       0.13973624       0.13946586
       0.22863282       0.13981716       0.13959241
       0.22867325       0.13989185       0.13971226
       0.22870471       0.13996025       0.13982518
       0.22872734       0.14002233       0.13993099
       0.22874131       0.14007809       0.14002954
       0.22874683       0.14012758       0.14012071
       0.22874413       0.14017086       0.14020441
       0.22873349       0.14020801       0.14028059
       0.22871519       0.14023915       0.14034924
       0.22868954       0.14026444       0.14041037
       0.22865691       0.14028405       0.14046402
       0.22861765       0.14029817       0.14051027
       0.22857217       0.14030705       0.14054923
       0.22852089       0.14031092       0.14058103
       0.22846423       0.14031007       0.14060586
       0.22840268       0.14030480       0.14062389
       0.22833672       0.14029544       0.14063536
       0.22826683       0.14028233       0.14064052
       0.22819356       0.14026585       0.14063965
       0.22811744       0.14024639       0.14063306
       0.22803902       0.14022436       0.14062108
       0.22795889       0.14020020       0.14060407
       0.22787761       0.14017436       0.14058242
       0.22779580       0.14014731       0.14055654
       0.22771406       0.14011954       0.14052685
       0.22763302       0.14009155       0.14049380
       0.22755332       0.14006387       0.14045788
       0.22747558       0.14003704       0.14041959
       0.22740045       0.14001159       0.14037943
       0.22732861       0.13998810       0.14033794
       0.22726069       0.13996713       0.14029568
       0.22719736       0.13994928       0.14025321
       0.22713928       0.13993511       0.14021113
       0.22708712       0.13992525       0.14017004
       0.22704154       0.13992029       0.14013055
       0.22700320       0.13992084       0.14009329
       0.22697275       0.13992752       0.14005890
       0.22695084       0.13994093       0.14002803
       0.22693810       0.13996170       0.14000133
       0.22693518       0.13999043       0.13997948
       0.22694268       0.14002774       0.13996314
       0.22696121       0.14007423       0.13995298
       0.22699137       0.14013048       0.13994969
       0.22703373       0.14019711       0.13995395
       0.22708883       0.14027467       0.13996642
       0.22715723       0.14036373       0.13998778
       0.22723941       0.14046485       0.14001871
       0.22733588       0.14057855       0.14005985
       0.22744710       0.14070535       0.14011186
       0.22757348       0.14084574       0.14017539
       0.22771543       0.14100018       0.14025106
       0.22787332       0.14116912       0.14033947
       0.22804749       0.14135297       0.14044122
       0.22823821       0.14155211       0.14055689
       0.22844577       0.14176690       0.14068701
       0.22867036       0.14199765       0.14083212
       0.22891216       0.14224464       0.14099270
       0.22917131       0.14250810       0.14116923
       0.22944789       0.14278825       0.14136212
       0.22974193       0.14308522       0.14157177
       0.23005343       0.14339912       0.14179854
       0.23038232       0.14373003       0.14204275
       0.23072849       0.14407794       0.14230466
       0.23109178       0.14444281       0.14258450
       0.23147196       0.14482456       0.14288244
       0.23186876       0.14522302       0.14319861
       0.23228185       0.14563800       0.14353308
       0.23271084       0.14606922       0.14388588
       0.23315529       0.14651636       0.14425695
       0.23361470       0.14697905       0.14464621
       0.23408851       0.14745682       0.14505348
       0.23457611       0.14794917       0.14547856
       0.23507682       0.14845554       0.14592114
       0.23558992       0.14897528       0.14638089
       0.23611462       0.14950770       0.14685738
       0.23665008       0.15005204       0.14735013
       0.23719541       0.15060748       0.14785859
       0.23774965       0.15117313       0.14838214
       0.23831180       0.15174803       0.14892009
       0.23888081       0.15233119       0.14947167
       0.23945558       0.15292153       0.15003608
       0.24003496       0.15351792       0.15061241
       0.24061774       0.15411918       0.15119971
       0.24120268       0.15472407       0.15179695
       0.24178851       0.15533128       0.15240305
       0.24237389       0.15593946       0.15301684
       0.24295746       0.15654723       0.15363711
       0.24353782       0.15715312       0.15426259
       0.24411354       0.15775565       0.15489194
       0.24468317       0.15835328       0.15552377
       0.24524520       0.15894442       0.15615662
       0.24579812       0.15952746       0.15678901
       0.24634040       0.16010075       0.15741936
       0.24687048       0.16066260       0.15804610
       0.24738680       0.16121128       0.15866755
       0.24788776       0.16174506       0.15928204
       0.24837178       0.16226217       0.15988782
       0.24883726       0.16276081       0.16048312
       0.24928261       0.16323918       0.16106612
       0.24970622       0.16369544       0.16163498
       0.25010651       0.16412777       0.16218781
       0.25048191       0.16453430       0.16272268
       0.25083086       0.16491320       0.16323765
       0.25115183       0.16526260       0.16373075
       0.25144329       0.16558066       0.16419996
       0.25170378       0.16586551       0.16464326
       0.25193186       0.16611533       0.16505859
       0.25212614       0.16632829       0.16544389
       0.25228528       0.16650258       0.16579705
       0.25240801       0.16663642       0.16611597
       0.25249312       0.16672805       0.16639853
       0.25253948       0.16677575       0.16664258
       0.25254606       0.16677784       0.16684597
       0.25251190       0.16673268       0.16700657
       0.25243619       0.16663871       0.16712220
       0.25231820       0.16649440       0.16719073
       0.25215737       0.16629832       0.16721001
       0.25195327       0.16604911       0.16717792
       0.25170561       0.16574551       0.16709234
       0.25141433       0.16538635       0.16695121
       0.25107951       0.16497061       0.16675247
       0.25070146       0.16449738       0.16649415
       0.25028072       0.16396591       0.16617433
       0.24981807       0.16337562       0.16579114
       0.24931455       0.16272610       0.16534285
       0.24877148       0.16201718       0.16482779
       0.24819049       0.16124888       0.16424446
       0.24757352       0.16042151       0.16359149
       0.24692286       0.15953562       0.16286770
       0.24624115       0.15859208       0.16207213
       0.24553141       0.15759211       0.16120401
       0.24479707       0.15653727       0.16026290
       0.24404196       0.15542950       0.15924864
       0.24327035       0.15427121       0.15816140
       0.24248696       0.15306521       0.15700179
       0.24169694       0.15181485       0.15577082
       0.24090594       0.15052398       0.15447000
       0.24012005       0.14919700       0.15310138
       0.23934586       0.14783890       0.15166762
       0.23859040       0.14645532       0.15017201
       0.23786118       0.14505251       0.14861856
       0.23716614       0.14363742       0.14701205
       0.23651364       0.14221767       0.14535810
       0.23591243       0.14080160       0.14366318
       0.23537160       0.13939827       0.14193473
       0.23490057       0.13801746       0.14018114
       0.23450897       0.13666964       0.13841186
       0.23420661       0.13536598       0.13663737
       0.23400341       0.13411830       0.13486923
       0.23390928       0.13293904       0.13312008
       0.23393405       0.13184118       0.13140364
       0.23408735       0.13083817       0.12973462
       0.23437847       0.12994382       0.12812877
       0.23481629       0.12917224       0.12660269
       0.23540909       0.12853765       0.12517377
       0.23616447       0.12805426       0.12386009
       0.23708919       0.12773611       0.12268015
       0.23818904       0.12759689       0.12165279
       0.23946875       0.12764977       0.12079687
       0.24093182       0.12790719       0.12013105
       0.24258047       0.12838064       0.11967356
       0.24441556       0.12908052       0.11944180
       0.24643650       0.13001593       0.11945217
       0.24864123       0.13119445       0.11971967
       0.25102619       0.13262205       0.12025762
       0.25358640       0.13430290       0.12107744
       0.25631542       0.13623932       0.12218834
       0.25920551       0.13843163       0.12359714
       0.26224764       0.14087819       0.12530807
       0.26543173       0.14357536       0.12732270
       0.26874667       0.14651754       0.12963988
       0.27218059       0.14969725       0.13225570
       0.27572098       0.15310523       0.13516361
       0.27935488       0.15673062       0.13835451
       0.28306907       0.16056108       0.14181695
       0.28685023       0.16458297       0.14553731
       0.29068513       0.16878160       0.14950010
       0.29456077       0.17314137       0.15368819
       0.29846452       0.17764603       0.15808314
       0.30238425       0.18227883       0.16266542
       0.30630844       0.18702273       0.16741477
       0.31022625       0.19186059       0.17231038
       0.31412761       0.19677529       0.17733118
       0.31800325       0.20174991       0.18245601
       0.32184481       0.20676786       0.18766386
       0.32564479       0.21181297       0.19293396
       0.32939665       0.21686961       0.19824594
       0.33309480       0.22192282       0.20357999
       0.33673464       0.22695831       0.20891687
       0.34031254       0.23196263       0.21423809
       0.34382592       0.23692321       0.21952597
       0.34727322       0.24182843       0.22476369
       0.35065391       0.24666770       0.22993545
       0.35396853       0.25143150       0.23502649
       0.35721865       0.25611150       0.24002323
       0.36040688       0.26070054       0.24491337
       0.36353686       0.26519275       0.24968597
       0.36661324       0.26958352       0.25433151
       0.36964160       0.27386958       0.25884205
       0.37262844       0.27804897       0.26321124
       0.37558113       0.28212105       0.26743439
       0.37850777       0.28608650       0.27150855
       0.38141718       0.28994727       0.27543245
       0.38431873       0.29370651       0.27920662
       0.38722231       0.29736857       0.28283324
       0.39013814       0.30093884       0.28631620
       0.39307671       0.30442371       0.28966097
       0.39604862       0.30783046       0.29287456
       0.39906444       0.31116715       0.29596538
       0.40213465       0.31444248       0.29894315
       0.40526943       0.31766570       0.30181875
       0.40847856       0.32084643       0.30460410
       0.41177135       0.32399460       0.30731196
       0.41515642       0.32712024       0.30995581
       0.41864171       0.33023340       0.31254967
       0.42223426       0.33334399       0.31510792
       0.42594022       0.33646169       0.31764514
       0.42976467       0.33959579       0.32017594
       0.43371164       0.34275508       0.32271478
       0.43778395       0.34594774       0.32527578
       0.44198324       0.34918126       0.32787261
       0.44630988       0.35246232       0.33051828
       0.45076296       0.35579670       0.33322502
       0.45534030       0.35918920       0.33600412
       0.46003839       0.36264362       0.33886580
       0.46485246       0.36616265       0.34181909
       0.46977651       0.36974785       0.34487171
       0.47480328       0.37339962       0.34802999
       0.47992441       0.37711719       0.35129878
       0.48513040       0.38089862       0.35468141
       0.49041078       0.38474080       0.35817961
       0.49575411       0.38863947       0.36179352
       0.50114817       0.39258928       0.36552167
       0.50657997       0.39658382       0.36936104
       0.51203593       0.40061571       0.37330701
       0.51750197       0.40467663       0.37735352
       0.52296359       0.40875743       0.38149308
       0.52840604       0.41284821       0.38571689
       0.53381441       0.41693843       0.39001494
       0.53917371       0.42101697       0.39437612
       0.54446901       0.42507225       0.39878838
       0.54968555       0.42909235       0.40323882
       0.55480876       0.43306504       0.40771387
       0.55982441       0.43697793       0.41219939
       0.56471865       0.44081854       0.41668082
       0.56947805       0.44457436       0.42114333
       0.57408969       0.44823293       0.42557190
       0.57854118       0.45178188       0.42995143
       0.58282068       0.45520902       0.43426689
       0.58691693       0.45850235       0.43850334
       0.59081926       0.46165009       0.44264603
       0.59451760       0.46464069       0.44668047
       0.59800246       0.46746289       0.45059242
       0.60126495       0.47010563       0.45436797
       0.60429673       0.47255814       0.45799354
       0.60709003       0.47480984       0.46145582
       0.60963760       0.47685037       0.46474186
       0.61193270       0.47866953       0.46783893
       0.61396909       0.48025726       0.47073458
       0.61574100       0.48160356       0.47341652
       0.61724311       0.48269851       0.47587258
       0.61847053       0.48353215       0.47809068
       0.61941881       0.48409447       0.48005869
       0.62008391       0.48437533       0.48176439
       0.62046220       0.48436442       0.48319534
       0.62055050       0.48405119       0.48433882
       0.62034606       0.48342478       0.48518168
       0.61984661       0.48247402       0.48571023
       0.61905042       0.48118730       0.48591011
       0.61795633       0.47955260       0.48576616
       0.61656386       0.47755737       0.48526229
       0.61487329       0.47518861       0.48438127
       0.61288583       0.47243275       0.48310464
       0.61060373       0.46927574       0.48141253
       0.60803055       0.46570304       0.47928345
       0.60517134       0.46169973       0.47669421
       0.60203297       0.45725058       0.47361971
       0.59862446       0.45234026       0.47003287
       0.59495741       0.44695358       0.46590450
       0.59104646       0.44107580       0.46120330
       0.58690988       0.43469308       0.45589586
       0.58257016       0.42779309       0.44994691
       0.57805477       0.42036569       0.44331954
       0.57339694       0.41240393       0.43597579
       0.56863657       0.40390517       0.42787748
       0.56382115       0.39487258       0.41898737
       0.55900673       0.38531685       0.40927088
       0.55425891       0.37525829       0.39869834
       0.54965371       0.36472930       0.38724811
       0.54527828       0.35377717       0.37491050
       0.54123130       0.34246721       0.36169276
       0.53762298       0.33088615       0.34762535
       0.53457426       0.31914553       0.33276926
       0.53221521       0.30738494       0.31722457
       0.53068214       0.29577469       0.30113980
       0.53011329       0.28451726       0.28472144
       0.53064277       0.27384713       0.26824277
       0.53239265       0.26402781       0.25205043
       0.53546320       0.25534571       0.23656684
       0.53992160       0.24809968       0.22228611
       0.54578987       0.24258613       0.20976101
       0.55303290       0.23907964       0.19957913
       0.56154831       0.23781005       0.19232706
       0.57115974       0.23893785       0.18854373
       0.58161543       0.24253064       0.18866628
       0.59259361       0.24854428       0.19297475
       0.60371538       0.25681227       0.20154377
       0.61456469       0.26704637       0.21421065
       0.62471385       0.27884986       0.23056725
       0.63375175       0.29174295       0.24998000
       0.64131137       0.30519730       0.27163694
       0.64709317       0.31867517       0.29461550
       0.65088142       0.33166788       0.31796056
       0.65255222       0.34372851       0.34076105
       0.65207281       0.35449536       0.36221449
       0.64949348       0.36370459       0.38167216
       0.64493400       0.37119213       0.39866237
       0.63856716       0.37688698       0.41289285
       0.63060138       0.38079822       0.42423662
       0.62126446       0.38299872       0.43270682
       0.61078966       0.38360804       0.43842621
       0.59940453       0.38277625       0.44159574
       0.58732296       0.38066989       0.44246583
       0.57473983       0.37746079       0.44131198
       0.56182825       0.37331752       0.43841565
       0.54873848       0.36839958       0.43405038
       0.53559839       0.36285367       0.42847235
       0.52251466       0.35681174       0.42191487
       0.50957472       0.35039032       0.41458564
       0.49684886       0.34369081       0.40666625
       0.48439240       0.33680024       0.39831299
       0.47224787       0.32979253       0.38965863
       0.46044699       0.32272979       0.38081466
       0.44901245       0.31566371       0.37187369
       0.43795955       0.30863696       0.36291190
       0.42729748       0.30168438       0.35399133
       0.41703057       0.29483418       0.34516201
       0.40715927       0.28810892       0.33646382
       0.39768090       0.28152641       0.32792813
       0.38859044       0.27510049       0.31957928
       0.37988098       0.26884167       0.31143575
       0.37154426       0.26275768       0.30351122
       0.36357098       0.25685397       0.29581542
       0.35595114       0.25113410       0.28835484
       0.34867426       0.24560004       0.28113339
       0.34172954       0.24025251       0.27415282
       0.33510606       0.23509116       0.26741319
       0.32879287       0.23011478       0.26091318
       0.32277908       0.22532148       0.25465041
       0.31705393       0.22070879       0.24862160
       0.31160685       0.21627382       0.24282283
       0.30642748       0.21201331       0.23724964
       0.30150572       0.20792371       0.23189720
       0.29683175       0.20400131       0.22676039
       0.29239601       0.20024218       0.22183388
       0.28818925       0.19664233       0.21711222
       0.28420247       0.19319766       0.21258987
       0.28042702       0.18990406       0.20826128
       0.27685447       0.18675737       0.20412087
       0.27347672       0.18375345       0.20016313
       0.27028592       0.18088818       0.19638259
       0.26727448       0.17815746       0.19277386
       0.26443508       0.17555725       0.18933165
       0.26176063       0.17308354       0.18605074
       0.25924429       0.17073241       0.18292605
       0.25687944       0.16849998       0.17995259
       0.25465968       0.16638245       0.17712550
       0.25257881       0.16437607       0.17444003
       0.25063083       0.16247718       0.17189154
       0.24880995       0.16068220       0.16947553
       0.24711052       0.15898759       0.16718758
       0.24552711       0.15738991       0.16502340
       0.24405441       0.15588578       0.16297881
       0.24268730       0.15447188       0.16104972
       0.24142079       0.15314497       0.15923215
       0.24025005       0.15190187       0.15752221
       0.23917038       0.15073944       0.15591611
       0.23817721       0.14965465       0.15441014
       0.23726610       0.14864448       0.15300065
       0.23643275       0.14770600       0.15168411
       0.23567296       0.14683631       0.15045702
       0.23498266       0.14603258       0.14931598
       0.23435787       0.14529202       0.14825764
       0.23379475       0.14461190       0.14727871
       0.23328956       0.14398953       0.14637596
       0.23283867       0.14342227       0.14554624
       0.23243853       0.14290753       0.14478640
       0.23208574       0.14244277       0.14409339
       0.23177697       0.14202548       0.14346419
       0.23150900       0.14165320       0.14289583
       0.23127872       0.14132353       0.14238537
       0.23108313       0.14103411       0.14192995
       0.23091931       0.14078262       0.14152673
       0.23078446       0.14056678       0.14117292
       0.23067588       0.14038438       0.14086578
       0.23059097       0.14023324       0.14060263
       0.23052725       0.14011125       0.14038081
       0.23048232       0.14001633       0.14019774
       0.23045391       0.13994646       0.14005087
       0.23043982       0.13989968       0.13993772
       0.23043800       0.13987408       0.13985585
       0.23044646       0.13986780       0.13980289
       0.23046336       0.13987907       0.13977652
       0.23048691       0.13990613       0.13977450
       0.23051548       0.13994733       0.13979462
       0.23054751       0.14000104       0.13983476
       0.23058154       0.14006573       0.13989289
       0.23061623       0.14013991       0.13996700
       0.23065032       0.14022217       0.14005518
       0.23068267       0.14031115       0.14015561
       0.23071221       0.14040557       0.14026652
       0.23073800       0.14050421       0.14038623
       0.23075914       0.14060592       0.14051312
       0.23077488       0.14070962       0.14064568
       0.23078451       0.14081429       0.14078246
       0.23078742       0.14091898       0.14092210
       0.23078309       0.14102281       0.14106330
       0.23077108       0.14112495       0.14120487
       0.23075100       0.14122466       0.14134568
       0.23072257       0.14132123       0.14148469
       0.23068553       0.14141403       0.14162093
       0.23063974       0.14150250       0.14175351
       0.23058507       0.14158612       0.14188163
       0.23052149       0.14166444       0.14200455
       0.23044900       0.14173704       0.14212159
       0.23036765       0.14180359       0.14223218
       0.23027755       0.14186378       0.14233579
       0.23017884       0.14191735       0.14243194
       0.23007172       0.14196411       0.14252027
       0.22995639       0.14200390       0.14260041
       0.22983312       0.14203658       0.14267211
       0.22970220       0.14206208       0.14273515
       0.22956392       0.14208036       0.14278935
       0.22941863       0.14209140       0.14283459
       0.22926667       0.14209521       0.14287081
       0.22910842       0.14209185       0.14289798
       0.22894425       0.14208140       0.14291612
