   0.2329135443533168   0.1440273567597979   0.1446568561053107
   0.2327642034546602   0.1440744911102975   0.1446853735458072
   0.2326185658374016   0.1441322154267314   0.1447308366853368
   0.2324752061548696   0.1441982386509725   0.1447900763602849
   0.2323329051575375   0.1442704497707859   0.1448601531978033
   0.2321906362407232   0.1443469150738844   0.1449383638422697
   0.2320475509486744   0.1444258727091279   0.1450222380964228
   0.2319029640077238   0.1445057260465059   0.1451095337541821
   0.2317563380919726   0.1445850360855304   0.1451982297759240
   0.2316072684817737   0.1446625130512779   0.1452865180134983
   0.2314554677646222   0.1447370073064869   0.1453727936465976
   0.2313007507203728   0.1448074997081144   0.1454556444910370
   0.2311430195245572   0.1448730915373046   0.1455338393436376
   0.2309822493944624   0.1449329941311072   0.1456063155318355
   0.2308184747926139   0.1449865183421170   0.1456721658374149
   0.2306517762915670   0.1450330639485134   0.1457306249625713
   0.2304822681926864   0.1450721091319010   0.1457810557029393
   0.2303100869801273   0.1451032001341194   0.1458229349865272
   0.2301353806797381   0.1451259411970326   0.1458558399300268
   0.2299582991812821   0.1451399848814577   0.1458794340550601
   0.2297789855713795   0.1451450228530778   0.1458934537969407
   0.2295975685140415   0.1451407772145893   0.1458976954277871
   0.2294141557057017   0.1451269924546556   0.1458920025046321
   0.2292288284223162   0.1451034280756189   0.1458762539417981
   0.2290416371674635   0.1450698519534865   0.1458503527954612
   0.2288525984224355   0.1450260344755724   0.1458142158372273
   0.2286616924920900   0.1449717434934078   0.1457677639828289
   0.2284688624337174   0.1449067401212073   0.1457109136318449
   0.2282740140503310   0.1448307754033243   0.1456435689647674
   0.2280770169245869   0.1447435878677781   0.1455656152348121
   0.2278777064649341   0.1446449019771018   0.1454769130836867
   0.2276758869315210   0.1445344274824259   0.1453772939030749
   0.2274713354058023   0.1444118596818876   0.1452665562568978
   0.2272638066646162   0.1442768805800939   0.1451444633734598
   0.2270530389166849   0.1441291609414515   0.1450107417113542
   0.2268387603569530   0.1439683632266624   0.1448650805984679
   0.2266206964918543   0.1437941453985276   0.1447071329395473
   0.2263985781864008   0.1436061655803436   0.1445365169845165
   0.2261721503818692   0.1434040875475683   0.1443528191470264
   0.2259411814307096   0.1431875870309962   0.1441555978604970
   0.2257054729930764   0.1429563588073530   0.1439443884571127
   0.2254648704369768   0.1427101245509138   0.1437187090537825
   0.2252192736813964   0.1424486414173759   0.1434780674278681
   0.2249686484187927   0.1421717113286955   0.1432219688644335
   0.2247130376500049   0.1418791909248039   0.1429499249557460
   0.2244525734608110   0.1415710021449737   0.1426614633326431
   0.2241874889650358   0.1412471433979716   0.1423561383060306
   0.2239181303342092   0.1409077012759088   0.1420335423950229
   0.2236449688282534   0.1405528627617588   0.1416933187159207
   0.2233686127355127   0.1401829278747347   0.1413351742031443
   0.2230898191236278   0.1397983226909891   0.1409588936292088
   0.2228095052952956   0.1393996126693069   0.1405643543856241
   0.2225287598349073   0.1389875162025042   0.1401515419800089
   0.2222488531234703   0.1385629183050461   0.1397205661965052
   0.2219712471902154   0.1381268843358858   0.1392716778565365
   0.2216976047600183   0.1376806736426815   0.1388052861048670
   0.2214297973464046   0.1372257529993700   0.1383219761315898
   0.2211699122307291   0.1367638096936236   0.1378225272239336
   0.2209202581593964   0.1362967641041011   0.1373079310225184
   0.2206833695831092   0.1358267815898019   0.1367794098348301
   0.2204620092554742   0.1353562834955038   0.1362384348342454
   0.2202591690033829   0.1348879570585544   0.1356867439460297
   0.2200780684789010   0.1344247639836384   0.1351263591925573
   0.2199221517025657   0.1339699474341089   0.1345596032389529
   0.2197950812116052   0.1335270371717104   0.1339891148479253
   0.2197007296343094   0.1330998525618219   0.1334178629194807
   0.2196431685242597   0.1326925031495876   0.1328491587583689
   0.2196266543059883   0.1323093865044966   0.1322866661806567
   0.2196556112074945   0.1319551830281831   0.1317344090420969
   0.2197346110853787   0.1316348474236218   0.1311967757465405
   0.2198683500855736   0.1313535965346521   0.1306785202743064
   0.2200616221269455   0.1311168932840577   0.1301847592601451
   0.2203192892464333   0.1309304264673587   0.1297209646502865
   0.2206462489026070   0.1308000861989876   0.1292929514802006
   0.2210473983990094   0.1307319348583931   0.1289068603412024
   0.2215275966584855   0.1307321734462834   0.1285691341468715
   0.2220916236536221   0.1308071033357623   0.1282864888710358
   0.2227441378747613   0.1309630834891491   0.1280658780090081
   0.2234896322937942   0.1312064833078589   0.1279144506134158
   0.2243323893566975   0.1315436313883390   0.1278395028751115
   0.2252764356079098   0.1319807605695476   0.1278484233571610
   0.2263254966123021   0.1325239497740236   0.1279486321435626
   0.2274829528927366   0.1331790632618534   0.1281475143308498
   0.2287517976401770   0.1339516880308836   0.1284523484656112
   0.2301345969763263   0.1348470702031024   0.1288702307087382
   0.2316334535535662   0.1358700513317279   0.1294079956814802
   0.2332499742617999   0.1370250056417772   0.1300721351121481
   0.2349852427756227   0.1383157792745646   0.1308687155482477
   0.2368397976178067   0.1397456326400611   0.1318032965198066
   0.2388136163370339   0.1413171869875058   0.1328808506291215
   0.2409061063006549   0.1430323762822545   0.1341056870946454
   0.2431161024893559   0.1448924054249232   0.1354813802883062
   0.2454418725530715   0.1468977157680483   0.1370107047741413
   0.2478811292499081   0.1490479587775935   0.1386955782817531
   0.2504310502462072   0.1513419785547123   0.1405370139329271
   0.2530883051102157   0.1537778037811844   0.1425350828879581
   0.2558490891880068   0.1563526494845551   0.1446888883956801
   0.2587091639117629   0.1590629288411927   0.1469965520249220
   0.2616639029602306   0.1619042750522717   0.1494552126327536
   0.2647083435712555   0.1648715731437443   0.1520610383940054
   0.2678372421984023   0.1679590013607922   0.1548092519839968
   0.2710451336086412   0.1711600816533704   0.1576941687778335
   0.2743263924364069   0.1744677385847899   0.1607092477091226
   0.2776752961411840   0.1778743658415781   0.1638471542209165
   0.2810860882612706   0.1813718993812454   0.1670998345430172
   0.2845530408158156   0.1849518961258552   0.1704586003421376
   0.2880705146812479   0.1886056169941241   0.1739142226138762
   0.2916330167578793   0.1923241129640225   0.1774570335170112
   0.2952352527492423   0.1960983127727365   0.1810770346908452
   0.2988721744024699   0.1999191107931167   0.1847640104459045
   0.3025390201046726   0.2037774535775801   0.1885076440792974
   0.3062313477997171   0.2076644235344421   0.1922976354420733
   0.3099450592835132   0.2115713182005306   0.1961238177818997
   0.3136764150546925   0.2154897236002215   0.1999762718061524
   0.3174220390413108   0.2194115802367468   0.2038454348642430
   0.3211789126917703   0.2233292403479578   0.2077222031394931
   0.3249443581072468   0.2272355151757524   0.2115980247748470
   0.3287160101001623   0.2311237111449354   0.2154649819362541
   0.3324917772843573   0.2349876540209042   0.2193158599436673
   0.3362697925325849   0.2388217003125868   0.2231442017709891
   0.3400483533703290   0.2426207354028446   0.2269443464294795
   0.3438258531061873   0.2463801581177622   0.2307114499986661
   0.3476007037227394   0.2500958516831836   0.2344414883477848
   0.3513712517629620   0.2537641412558741   0.2381312408914616
   0.3551356886414312   0.2573817384524474   0.2417782550376718
   0.3588919569830582   0.2609456735269666   0.2453807913063064
   0.3626376547419264   0.2644532160639063   0.2489377494159402
   0.3663699389766336   0.2679017852537614   0.2524485759487799
   0.3700854312546743   0.2712888510015550   0.2559131545044733
   0.3737801267256223   0.2746118272820005   0.2593316795387690
   0.3774493089404316   0.2778679592977465   0.2627045153499454
   0.3810874725016109   0.2810542061178000   0.2660320419218514
   0.3846882556063396   0.2841671205708216   0.2693144895546140
   0.3882443844921308   0.2872027282413581   0.2725517644093264
   0.3917476317134347   0.2901564074650163   0.2757432672572538
   0.3951887900693753   0.2930227722398904   0.2788877078521632
   0.3985576638705509   0.2957955599652976   0.2819829174301998
   0.4018430790807724   0.2984675258847768   0.2850256618785668
   0.4050329137037608   0.3010303460491532   0.2880114580952603
   0.4081141496131642   0.3034745305298895   0.2909343959812548
   0.4110729468568449   0.3057893485078594   0.2937869683596420
   0.4138947413156198   0.3079627667462470   0.2965599109023058
   0.4165643664768972   0.3099814028403757   0.2992420538673417
   0.4190662000112629   0.3118304945384013   0.3018201871192713
   0.4213843358326553   0.3134938863664644   0.3042789395363816
   0.4235027823986083   0.3149540347973208   0.3066006735316806
   0.4254056881840748   0.3161920333059354   0.3087653950631363
   0.4270775955568554   0.3171876588988053   0.3107506792347410
   0.4285037247076791   0.3179194421324054   0.3125316114567766
   0.4296702898510850   0.3183647633036329   0.3140807442228253
   0.4305648506137251   0.3184999784618716   0.3153680699744471
   0.4311767023517836   0.3183005802253182   0.3163610113887049
   0.4314973100588884   0.3177414001558629   0.3170244318958713
   0.4315207914858349   0.3167968617323312   0.3173206715087153
   0.4312444560054292   0.3154412958344125   0.3172096163591648
   0.4306694064844934   0.3136493341712837   0.3166488149827484
   0.4298012117709848   0.3113964002957192   0.3155936607115622
   0.4286506570809706   0.3086593227213733   0.3139976679311638
   0.4272345781771588   0.3054171001030965   0.3118128808602502
   0.4255767822202346   0.3016518541942869   0.3089904673517018
   0.4237090528176121   0.2973500118741179   0.3054815673226191
   0.4216722281513819   0.2925037621005275   0.3012384858798577
   0.4195173279738911   0.2871128358399457   0.2962163445786764
   0.4173066863523915   0.2811866547916908   0.2903753291605744
   0.4151150208609147   0.2747468850766154   0.2836836956283471
   0.4130303341221069   0.2678304108835523   0.2761217132787397
   0.4111544994096044   0.2604927050387723   0.2676867244703670
   0.4096033289083800   0.2528115122340863   0.2583994729276106
   0.4085058640043967   0.2448906695692926   0.2483117761723910
   0.4080025682357187   0.2368637628120240   0.2375154686958010
   0.4082420574042723   0.2288971543130465   0.2261522931724946
   0.4093759870547068   0.2211917276946755   0.2144240433614835
   0.4115517620372832   0.2139824981722350   0.2026017566094243
   0.4149028690946140   0.2075350802543901   0.1910321449029984
   0.4195368941413915   0.2021379570535753   0.1801388326117381
   0.4255216917303288   0.1980896506587318   0.1704155144424024
   0.4328707151227577   0.1956803495764322   0.1624081285755108
   0.4415291294978030   0.1951683745112466   0.1566838806722586
   0.4513628889043779   0.1967530391684144   0.1537867248630328
   0.4621532678263297   0.2005468264846029   0.1541817512603330
   0.4735991860997273   0.2065510205649065   0.1581944696716111
   0.4853288927152100   0.2146395531571852   0.1659543229959809
   0.4969211756955513   0.2245553998967186   0.1773536402645231
   0.5079344646327368   0.2359221838432044   0.1920324425632669
   0.5179404285756246   0.2482709173645509   0.2093955335417704
   0.5265574759974283   0.2610786981198226   0.2286618112802188
   0.5334793548687142   0.2738135946125619   0.2489385615754853
   0.5384949475326957   0.2859787344098721   0.2693079608693217
   0.5414971059054963   0.2971491076453684   0.2889109330053555
   0.5424804555858791   0.3069965747033184   0.3070153455521769
   0.5415299345412243   0.3153013041947570   0.3230603271233959
   0.5388030043869116   0.3219505128703157   0.3366743913712352
   0.5345088358162235   0.3269272796749176   0.3476702226835011
   0.5288874384249098   0.3302930872520492   0.3560222519752877
   0.5221909437304941   0.3321676936758064   0.3618342635494525
   0.5146683476354934   0.3327092607564286   0.3653036547206823
   0.5065541981109614   0.3320967178728074   0.3666873566560888
   0.4980610979877413   0.3305154071039500   0.3662725240837355
   0.4893755127535544   0.3281463045460414   0.3643534021657451
   0.4806562003571005   0.3251586033442858   0.3612145175117917
   0.4720345582586923   0.3217051613232776   0.3571195566819022
   0.4636162535340148   0.3179202089555889   0.3523049154748300
   0.4554836163055710   0.3139187223329844   0.3469768093522765
   0.4476984014532275   0.3097969390740280   0.3413109161610547
   0.4403046385159700   0.3056335947638059   0.3354536878099329
   0.4333313855314061   0.3014915594170772   0.3295246576129747
   0.4267952767784056   0.2974196444753769   0.3236192495963596
   0.4207028084263990   0.2934544255352481   0.3178117484609176
   0.4150523431866022   0.2896219835730223   0.3121582090839433
   0.4098358389174147   0.2859395095554854   0.3066991739571261
   0.4050403202307187   0.2824167466904492   0.3014621303379017
   0.4006491193959459   0.2790572640250616   0.2964636815666362
   0.3966429155303913   0.2758595672224403   0.2917114341376623
   0.3930006008953296   0.2728180592777264   0.2872056181061077
   0.3897000012935450   0.2699238673438789   0.2829404667568318
   0.3867184749042647   0.2671655529734272   0.2789053847946894
   0.3840334109267630   0.2645297228419948   0.2750859345517727
   0.3816226464566597   0.2620015560244386   0.2714646681893647
   0.3794648172666907   0.2595652625588883   0.2680218315083951
   0.3775396556858721   0.2572044866197221   0.2647359623632789
   0.3758282465824629   0.2549026662805414   0.2615844041654271
   0.3743132505310767   0.2526433606587200   0.2585437527725056
   0.3729791015319609   0.2504105542166155   0.2555902532881738
   0.3718121850859111   0.2481889471356621   0.2527001619716593
   0.3708010009393071   0.2459642399353934   0.2498500875535343
   0.3699363133255197   0.2437234198156694   0.2470173257124319
   0.3692112899673894   0.2414550554745197   0.2441802001951682
   0.3686216294004306   0.2391496062965843   0.2413184239374176
   0.3681656742651799   0.2367997507018640   0.2384134934071575
   0.3678445060495057   0.2344007369583886   0.2354491290506920
   0.3676620143071712   0.2319507577472783   0.2324117739227182
   0.3676249306367370   0.2294513470652708   0.2292911610192118
   0.3677428147176354   0.2269077944970126   0.2260809571299476
   0.3680279765715200   0.2243295673406860   0.2227794867453393
   0.3684953161323241   0.2217307254202431   0.2193905331973239
   0.3691620584582471   0.2191303066401239   0.2159242052778959
   0.3700473609202596   0.2165526535420740   0.2123978456059760
   0.3711717680133987   0.2140276426183270   0.2088369417121076
   0.3725564907592725   0.2115907695103214   0.2052759822169381
   0.3742224918151398   0.2092830354235546   0.2017591791732931
   0.3761893652375185   0.2071505744783408   0.1983409550031460
   0.3784740121513873   0.2052439600780721   0.1950860709304879
   0.3810891308723687   0.2036171328402386   0.1920692570828246
   0.3840415623307278   0.2023259054628129   0.1893741974725015
   0.3873305581651992   0.2014260231038272   0.1870917318136132
   0.3909460677265856   0.2009707926424796   0.1853171667416773
   0.3948671683290221   0.2010083402707252   0.1841466465629128
   0.3990607860422853   0.2015786117234578   0.1836726203611551
   0.4034808668608199   0.2027102878389341   0.1839785553808294
   0.4080681547788558   0.2044178419855480   0.1851331766093430
   0.4127507096700220   0.2066990049867594   0.1871846424710476
   0.4174452517551726   0.2095329167171300   0.1901551732507424
   0.4220593522825357   0.2128792224751716   0.1940367061860109
   0.4264944076549438   0.2166783119807859   0.1987881359014250
   0.4306492466678359   0.2208528016318173   0.2043345975617510
   0.4344241407407611   0.2253102366282622   0.2105690651205107
   0.4377249285491884   0.2299468559181947   0.2173562892474021
   0.4404669403941548   0.2346521408761949   0.2245388263214275
   0.4425784199386706   0.2393137789558230   0.2319446578484823
   0.4440031907343470   0.2438226316948857   0.2393957137791639
   0.4447023945713271   0.2480773088003860   0.2467165257903829
   0.4446552252783037   0.2519880126010524   0.2537422595498008
   0.4438586801022477   0.2554794168678193   0.2603254977286339
   0.4423264371352503   0.2584924622698259   0.2663413390878925
   0.4400870310365380   0.2609850679416670   0.2716906044057912
   0.4371815352944842   0.2629318582928902   0.2763011582838103
   0.4336609675232070   0.2643230756293294   0.2801275359906076
   0.4295836190475475   0.2651628884055650   0.2831491882435829
   0.4250124780925286   0.2654673139228788   0.2853677193805637
   0.4200128748179574   0.2652619590458239   0.2868035019032503
   0.4146504331098407   0.2645797509913618   0.2874920159046499
   0.4089893737702839   0.2634587904610347   0.2874802010208198
   0.4030911799384103   0.2619404181073096   0.2868230360075322
   0.3970136098179723   0.2600675474297676   0.2855804885902513
   0.3908100242294396   0.2578832855837881   0.2838149138151084
   0.3845289863147185   0.2554298394427639   0.2815889270114765
   0.3782140865402115   0.2527476875091159   0.2789637389691806
   0.3719039464358708   0.2498749880498930   0.2759979152886735
   0.3656323578160211   0.2468471888809008   0.2727465071538553
   0.3594285193091288   0.2436968031913542   0.2692604945959217
   0.3533173379081397   0.2404533174434363   0.2655864832547756
   0.3473197692431959   0.2371432006547714   0.2617665995783973
   0.3414531759176318   0.2337899884693471   0.2578385356183636
   0.3357316882724080   0.2304144197633778   0.2538357018035192
   0.3301665562336588   0.2270346077316491   0.2497874534192369
   0.3247664844320358   0.2236662312265214   0.2457193634266447
   0.3195379456029138   0.2203227354602050   0.2416535204123509
   0.3144854694601533   0.2170155339948778   0.2376088357293556
   0.3096119058750215   0.2137542062495290   0.2336013482567102
   0.3049186623803695   0.2105466865916012   0.2296445187238854
   0.3004059168468176   0.2073994425145762   0.2257495083091863
   0.2960728067211997   0.2043176404928558   0.2219254383391928
   0.2919175965449351   0.2013052989138687   0.2181796294984737
   0.2879378256367315   0.1983654280699165   0.2145178201086219
   0.2841304378745895   0.1955001575972408   0.2109443638439469
   0.2804918954814389   0.1927108520179139   0.2074624077954041
   0.2770182786337376   0.1899982152048321   0.2040740521385555
   0.2737053725931883   0.1873623846781703   0.2007804928572147
   0.2705487439231852   0.1848030166742162   0.1975821490627374
   0.2675438072043232   0.1823193629209021   0.1944787764613573
   0.2646858835146449   0.1799103400209456   0.1914695684825999
   0.2619702517951849   0.1775745922925787   0.1885532465086876
   0.2593921940829004   0.1753105488561246   0.1857281405511367
   0.2569470354630066   0.1731164756870009   0.1829922616159138
   0.2546301794719179   0.1709905232854374   0.1803433668891134
   0.2524371395706067   0.1689307705425087   0.1777790187655365
   0.2503635672060157   0.1669352653123941   0.1752966386355349
   0.2484052768847004   0.1650020621328556   0.1728935562425931
   0.2465582685975330   0.1631292574701292   0.1705670553260266
   0.2448187478564115   0.1613150228007793   0.1683144161699218
   0.2431831435328590   0.1595576357814338   0.1661329555906592
   0.2416481236236354   0.1578555096974259   0.1640200648103669
   0.2402106090095685   0.1562072213229071   0.1619732455815964
   0.2388677852204715   0.1546115372676815   0.1599901448484629
   0.2376171121711192   0.1530674388295878   0.1580685881504880
   0.2364563317908578   0.1515741453156096   0.1562066118965381
   0.2353834734327789   0.1501311357400345   0.1544024945567570
   0.2343968569179290   0.1487381687541171   0.1526547867396870
   0.2334950930463851   0.1473953006092613   0.1509623400394597
   0.2326770813910179   0.1461029009054211   0.1493243344540397
   0.2319420051823705   0.1448616658292267   0.1477403040903615
   0.2312893230953953   0.1436726285435896   0.1462101607867238
   0.2307187577620112   0.1425371663538877   0.1447342151984025
   0.2302302808587680   0.1414570042472940   0.1433131948112432
   0.2298240946574716   0.1404342143836992   0.1419482582727866
   0.2295006099793922   0.1394712111116065   0.1406410053648507
   0.2292604205613132   0.1385707410931398   0.1393934818897498
   0.2291042739243998   0.1377358681517711   0.1382081787095350
   0.2290330389342943   0.1369699525073395   0.1370880241693842
   0.2290476703518211   0.1362766241378789   0.1360363691585992
   0.2291491707961460   0.1356597501086420   0.1350569641216414
   0.2293385506730281   0.1351233958365849   0.1341539274330537
   0.2296167867556164   0.1346717804133894   0.1333317046988730
   0.2299847802385502   0.1343092262902676   0.1325950187467046
   0.2304433152112059   0.1340401038299353   0.1319488103183093
   0.2309930186050519   0.1338687714498256   0.1313981697807606
   0.2316343227546898   0.1337995123081837   0.1309482605198307
   0.2323674317633729   0.1338364687112659   0.1306042350629500
   0.2331922928728323   0.1339835756335155   0.1303711453850243
   0.2341085739961472   0.1342444949297081   0.1302538492601560
   0.2351156484747644   0.1346225519639963   0.1302569149131774
   0.2362125879625336   0.1351206764707311   0.1303845265706789
   0.2373981641198346   0.1357413494820386   0.1306403937836023
   0.2386708595223890   0.1364865580956713   0.1310276675638404
   0.2400288878592947   0.1373577597054835   0.1315488664190670
   0.2414702231248231   0.1383558570725682   0.1322058152612014
   0.2429926371145442   0.1394811852800890   0.1329995998897440
   0.2445937441381498   0.1407335111981463   0.1339305393066927
   0.2462710514815338   0.1421120456024623   0.1349981775115142
   0.2480220138132996   0.1436154675645384   0.1362012956721977
   0.2498440894597762   0.1452419601890481   0.1375379447041855
   0.2517347962896113   0.1469892562482523   0.1390054973571481
   0.2536917648719291   0.1488546917866263   0.1406007179637649
   0.2557127866130511   0.1508352653743775   0.1423198471043250
   0.2577958547409719   0.1529277004054047   0.1441586976469823
   0.2599391962913017   0.1551285076868648   0.1461127579933148
   0.2621412936420880   0.1574340455690423   0.1481772979415066
   0.2644008946288646   0.1598405750211349   0.1503474724112941
   0.2667170108196570   0.1623443073657397   0.1526184183758368
   0.2690889041115849   0.1649414428266362   0.1549853407175978
   0.2715160623921226   0.1676281985956897   0.1574435833509215
   0.2739981655543094   0.1704008257522552   0.1599886827981101
   0.2765350436332023   0.1732556150337463   0.1626164024178616
   0.2791266292116192   0.1761888921176632   0.1653227466026143
   0.2817729065036758   0.1791970036921799   0.1681039554151868
   0.2844738596492046   0.1822762961262285   0.1709564812534673
   0.2872294227337626   0.1854230889683911   0.1738769501459912
   0.2900394338893111   0.1886336457820424   0.1768621111297577
   0.2929035955400975   0.1919041449465575   0.1799087777946915
   0.2958214424548865   0.1952306530155307   0.1830137664613854
   0.2987923187750615   0.1986091030275544   0.1861738355711610
   0.3018153646376563   0.2020352798274920   0.1893856307082968
   0.3048895124353668   0.2055048139990779   0.1926456392585545
   0.3080134921850951   0.2090131854625416   0.1959501580663106
   0.3111858449444629   0.2125557371878569   0.1992952766280608
   0.3144049427506211   0.2161276988515009   0.2026768774059189
   0.3176690131814859   0.2197242196585440   0.2060906538200598
   0.3209761663740134   0.2233404089962701   0.2095321454448560
   0.3243244221882378   0.2269713831097294   0.2129967889485719
   0.3277117351832780   0.2306123156168829   0.2164799824339286
   0.3311360151691261   0.2342584894273476   0.2199771601005855
   0.3345951413061732   0.2379053475024165   0.2234838735932820
   0.3380869680282180   0.2415485398955333   0.2269958760409882
   0.3416093214452313   0.2451839646351024   0.2305092046399128
   0.3451599853180048   0.2488078002427174   0.2340202576812860
   0.3487366761655127   0.2524165280022213   0.2375258621574336
   0.3523370075452580   0.2560069424880121   0.2410233284722385
   0.3559584440164651   0.2595761493027638   0.2445104893042544
   0.3595982457376069   0.2631215494433991   0.2479857202889785
   0.3632534050483318   0.2666408101892013   0.2514479408670978
   0.3669205767296818   0.2701318228691927   0.2548965943556293
   0.3705960039171616   0.2735926483020267   0.2583316070099251
   0.3742754418535084   0.2770214510985718   0.2617533265322193
   0.3779540818093439   0.2804164243660958   0.2651624411273988
   0.3816264775700405   0.2837757066473788   0.2685598807945601
   0.3852864768875175   0.2870972931643764   0.2719467030634972
   0.3889271602291640   0.2903789436122673   0.2753239658319191
   0.3925407890264007   0.2936180888651582   0.2786925903276663
   0.3961187654371250   0.2968117390095372   0.2820532175077951
   0.3996516053946122   0.2999563951164286   0.2854060614110576
   0.4031289264262782   0.3030479670991613   0.2887507631001188
   0.4065394513957007   0.3060816998821680   0.2920862488628025
   0.4098710289579957   0.3090521099292640   0.2954105962857496
   0.4131106711306339   0.3119529339502693   0.2987209116675442
   0.4162446079787124   0.3147770913266022   0.3020132220011613
   0.4192583590062273   0.3175166614750424   0.3052823844289120
   0.4221368204445998   0.3201628770113930   0.3085220156610095
   0.4248643672486773   0.3227061331911801   0.3117244433588267
   0.4274249682609281   0.3251360137035375   0.3148806809270725
   0.4298023126984233   0.3274413324891603   0.3179804265504502
   0.4319799458652988   0.3296101908569105   0.3210120866685031
   0.4339414118050055   0.3316300487999496   0.3239628234287185
   0.4356704004888919   0.3334878090745892   0.3268186250159175
   0.4371508970950579   0.3351699123157824   0.3295643971493785
   0.4383673309656148   0.3366624412330240   0.3321840734910818
   0.4393047219401232   0.3379512317677859   0.3346607422397260
   0.4399488219437832   0.3390219890040726   0.3369767858129890
   0.4402862499540160   0.3398604056098385   0.3391140302576161
   0.4403046187692805   0.3404522806483961   0.3410539008808675
   0.4399926523485838   0.3407836367322713   0.3427775805698370
   0.4393402928674217   0.3408408336914512   0.3442661673541827
   0.4383387970337403   0.3406106771859808   0.3455008279653770
   0.4369808216140985   0.3400805210004446   0.3464629444405262
   0.4352604985245013   0.3392383621055283   0.3471342511974772
   0.4331735002324585   0.3380729279501370   0.3474969604554048
   0.4307170965882563   0.3365737558476903   0.3475338743764301
   0.4278902045472293   0.3347312647345586   0.3472284828452474
   0.4246934325554361   0.3325368200010190   0.3465650463736105
   0.4211291216442036   0.3299827925210717   0.3455286642061511
   0.4172013855109170   0.3270626134341847   0.3441053283082777
   0.4129161520509073   0.3237708266583130   0.3422819645347209
   0.4082812089446286   0.3201031415393791   0.3400464629117257
   0.4033062559907237   0.3160564884686804   0.3373876996242640
   0.3980029669022007   0.3116290807273508   0.3342955539933468
   0.3923850632399196   0.3068204862462863   0.3307609244726502
   0.3864684030308358   0.3016317133990224   0.3267757485063750
   0.3802710863884562   0.2960653153686704   0.3223330319917105
   0.3738135800933574   0.2901255180372364   0.3174268950999177
   0.3671188625677373   0.2838183767173589   0.3120526423482117
   0.3602125899454501   0.2771519673520270   0.3062068660925643
   0.3531232829425475   0.2701366180006957   0.2998875940299350
   0.3458825329061762   0.2627851864431497   0.2930944928382940
   0.3385252236836249   0.2551133894713722   0.2858291416942450
   0.3310897637209300   0.2471401887771913   0.2780953909950973
   0.3236183199795379   0.2388882371122664   0.2698998230127853
   0.3161570417616673   0.2303843863843302   0.2612523321679372
   0.3087562582896898   0.2216602562988021   0.2521668427598634
   0.3014706288609950   0.2127528577526548   0.2426621807957927
   0.2943592186370002   0.2037052591015883   0.2327631133215718
   0.2874854667757121   0.1945672753149909   0.2225015624565343
   0.2809170070008851   0.1853961496213961   0.2119179910740328
   0.2747252943671172   0.1762571843839019   0.2010629415041960
   0.2689849867762325   0.1672242627471047   0.1899986865185191
   0.2637730269276659   0.1583801856115843   0.1788009221777088
   0.2591673714263933   0.1498167308990110   0.1675603945077301
   0.2552453206507924   0.1416343258986124   0.1563843072302835
   0.2520814178230913   0.1339412117863472   0.1453973086319048
   0.2497449105543674   0.1268519763129421   0.1347418075003400
   0.2482968044052515   0.1204853411916033   0.1245773295745529
   0.2477865859171660   0.1149611202407984   0.1150786092791563
   0.2482487502893716   0.1103963174954588   0.1064321314476647
   0.2496993317594984   0.1069004136495151   0.0988309095738022
   0.2521326948725619   0.1045699924768135   0.0924674227777904
   0.2555188911954198   0.1034829783538036   0.0875248363081035
   0.2598019057589966   0.1036928765478362   0.0841668886252762
   0.2648990981865795   0.1052235077746311   0.0825271116547906
   0.2707020765631437   0.1080647822142450   0.0826983103275938
   0.2770791266548659   0.1121700420776657   0.0847234010894881
   0.2838791645226538   0.1174554013513869   0.0885887357870816
   0.2909370072711026   0.1238013278855935   0.0942208762403011
   0.2980795933054470   0.1310564677160757   0.1014874329845500
   0.3051326610715714   0.1390434437951000   0.1102020843270303
   0.3119273393932538   0.1475661208139082   0.1201333379064229
   0.3183061259584624   0.1564176619758665   0.1310160985874436
   0.3241278290316039   0.1653886444952616   0.1425647684196237
   0.3292712006102873   0.1742745558521275   0.1544864930327135
   0.3336371658057839   0.1828821439462963   0.1664932937892037
   0.3371497197335682   0.1910343030829673   0.1783121389440847
   0.3397556923535067   0.1985733980757258   0.1896924237420969
   0.3414236581164927   0.2053631193415732   0.2004107516526105
   0.3421422891213070   0.2112890955458139   0.2102732558472815
   0.3419184272012838   0.2162585578933016   0.2191159243002039
   0.3407750979447263   0.2201993582802734   0.2268034841790992
   0.3387496254276456   0.2230586092341588   0.2332273828390693
   0.3358919448667618   0.2248011574051424   0.2383033122919692
   0.3322631607919887   0.2254080426958936   0.2419686032786233
   0.3279343644444931   0.2248750447479144   0.2441796985490659
   0.3229857051164162   0.2232113837821440   0.2449098247274135
   0.3175057023340163   0.2204386244466831   0.2441469273895432
   0.3115907841797290   0.2165898262812936   0.2418919137545543
   0.3053450367330490   0.2117089877087320   0.2381572545783658
   0.2988801464709999   0.2058508367614785   0.2329660219224749
   0.2923155084583356   0.1990810261610849   0.2263514731163602
   0.2857784562294455   0.1914767886723266   0.2183573254439598
   0.2794045431845636   0.1831280970759754   0.2090388940732240
   0.2733377695490210   0.1741393478387502   0.1984652808315743
   0.2677306037283191   0.1646315443601982   0.1867227953949678
   0.2627435937348825   0.1547448897424352   0.1739197518154947
   0.2585443068858743   0.1446416054951833   0.1601926960006631
   0.2553052811979171   0.1345086679597151   0.1457139630676579
   0.2532006317901094   0.1245599991017684   0.1307002143842040
   0.2524009484071107   0.1150374715817871   0.1154212434786742
   0.2530661708283044   0.1062099123744445   0.1002078646484398
   0.2553362671644916   0.0983691568789493   0.0854571391215767
   0.2593197945476949   0.0918221813102907   0.0716326394161262
   0.2650808089345552   0.0868785089452482   0.0592570688591666
   0.2726250982750571   0.0838325316922017   0.0488945853246676
   0.2818872811727462   0.0829411675796789   0.0411209132108805
   0.2927208210201357   0.0843983626486233   0.0364809974613129
   0.3048932783876571   0.0883091890138977   0.0354365800767063
   0.3180889691641544   0.0946673861479286   0.0383093085960443
   0.3319204722967332   0.1033407292472586   0.0452280075156872
   0.3459491386249781   0.1140681963650731   0.0560904209632751
   0.3597130940053667   0.1264713609621339   0.0705489971674025
   0.3727596013223677   0.1400799456279847   0.0880266779150563
   0.3846775263595447   0.1543686257903099   0.1077627694005937
   0.3951254246076757   0.1687997956775748   0.1288824249487379
   0.4038515471676350   0.1828658462155323   0.1504781424547868
   0.4107036408689752   0.1961248992824413   0.1716896138930976
   0.4156283285401340   0.2082256972413315   0.1917697517952079
   0.4186615757627542   0.2189198337266268   0.2101289547168451
   0.4199128877889818   0.2280619634761588   0.2263550387868467
   0.4195462836030835   0.2356004383141005   0.2402110814780312
   0.4177608479874220   0.2415617074149863   0.2516165925217963
   0.4147729969513987   0.2460318466955671   0.2606186356895018
   0.4108017696599336   0.2491380073793096   0.2673591080770396
   0.4060576917108354   0.2510317185715282   0.2720429868242985
   0.4007351624268292   0.2518751107921272   0.2749106247812514
   0.3950079408476094   0.2518304120641980   0.2762155844691813
   0.3890271213732044   0.2510525704250712   0.2762082859010419
   0.3829209522047249   0.2496845705377910   0.2751249657717383
   0.3767959041634289   0.2478548941172798   0.2731810480174330
   0.3707384983575531   0.2456765702077232   0.2705679069000390
   0.3648175156474395   0.2432473232624887   0.2674520591562471
   0.3590863187896169   0.2406504177176721   0.2639759664264219
   0.3535851094406492   0.2379558932333676   0.2602598040432086
   0.3483430136373482   0.2352219714553514   0.2564037216684044
   0.3433799417393496   0.2324964869924626   0.2524902672876042
   0.3387082048880984   0.2298182510056443   0.2485867624624755
   0.3343338932050073   0.2272182966430238   0.2447475040320338
   0.3302580345088451   0.2247209839506997   0.2410157294892543
   0.3264775590985342   0.2223449605265496   0.2374253250163774
   0.3229860983647617   0.2201039855529424   0.2340022815449787
   0.3197746443477539   0.2180076310358147   0.2307659194722982
   0.3168320950590320   0.2160618767418196   0.2277299102358248
   0.3141457072640750   0.2142696157022597   0.2249031254295165
   0.3117014750282385   0.2126310861388272   0.2222903434382289
   0.3094844490024226   0.2111442438877229   0.2198928410087183
   0.3074790083673569   0.2098050872779808   0.2177088936743930
   0.3056690946692268   0.2086079442317436   0.2157342051031741
   0.3040384145053709   0.2075457292699069   0.2139622816199633
   0.3025706161581839   0.2066101762259488   0.2123847645937283
   0.3012494438056978   0.2057920508459946   0.2109917302004893
   0.3000588718225710   0.2050813461047811   0.2097719633387197
   0.2989832208823041   0.2044674619950380   0.2087132102020859
   0.2980072570344797   0.2039393707383038   0.2078024121984679
   0.2971162746133046   0.2034857677959930   0.2070259225187732
   0.2962961636908532   0.2030952087027410   0.2063697056677650
   0.2955334627778012   0.2027562315684152   0.2058195196278247
   0.2948153975573198   0.2024574650678234   0.2053610799862521
   0.2941299065795707   0.2021877218250038   0.2049802052655290
   0.2934656550150739   0.2019360772700013   0.2046629428013668
   0.2928120377403787   0.2016919342703701   0.2043956747638321
   0.2921591731894475   0.2014450740904811   0.2041652042638227
   0.2914978895346825   0.2011856944860940   0.2039588218866022
   0.2908197048531638   0.2009044359809117   0.2037643534077549
   0.2901168029815095   0.2005923975817965   0.2035701898433410
   0.2893820067657089   0.2002411433603675   0.2033653013410287
   0.2886087503723598   0.1998427014553445   0.2031392367156611
   0.2877910522493874   0.1993895571305745   0.2028821106611864
   0.2869234902135157   0.1988746415596266   0.2025845808274788
   0.2860011800054258   0.1982913180030612   0.2022378170369533
   0.2850197584987788   0.1976333670046134   0.2018334649379208
   0.2839753725829123   0.1968949721642721   0.2013636063582439
   0.2828646745671469   0.1960707079566792   0.2008207185449538
   0.2816848247822644   0.1951555309593958   0.2001976343648696
   0.2804335018856468   0.1941447757437890   0.1994875054098345
   0.2791089212131963   0.1930341565670689   0.1986837698092079
   0.2777098613645042   0.1918197758916785   0.1977801264118369
   0.2762356990574664   0.1904981406507889   0.1967705168684309
   0.2746864521429612   0.1890661870776351   0.1956491170298417
   0.2730628305264976   0.1875213148218526   0.1944103389820193
   0.2713662945978925   0.1858614309863241   0.1930488449670590
   0.2695991206172104   0.1840850046301695   0.1915595743923378
   0.2677644723396143   0.1821911321926372   0.1899377851044445
   0.2658664779771483   0.1801796141922932   0.1881791100971810
   0.2639103113850040   0.1780510434378136   0.1862796308262614
   0.2619022761166601   0.1758069048408177   0.1842359683073027
   0.2598498907097450   0.1734496867356156   0.1820453931644448
   0.2577619732366531   0.1709830033718086   0.1797059557565301
   0.2556487227763129   0.1684117279380090   0.1772166374134606
   0.2535217950337380   0.1657421350819074   0.1745775236390870
   0.2513943688531983   0.1629820513962217   0.1717899998449414
   0.2492811998447398   0.1601410117247575   0.1688569697316074
   0.2471986567845188   0.1572304183929080   0.1657830957864104
   0.2451647358773233   0.1542636995715068   0.1625750604682272
   0.2431990474153464   0.1512564619382686   0.1592418454519067
   0.2413227688736590   0.1482266316143060   0.1557950247583890
   0.2395585581068100   0.1451945760473346   0.1522490656640110
   0.2379304201245698   0.1421831981322841   0.1486216289445758
   0.2364635210149140   0.1392179924752818   0.1449338572786906
   0.2351839430485773   0.1363270524221397   0.1412106375693169
   0.2341183759494878   0.1335410154281615   0.1374808196648266
   0.2332937408562269   0.1308929337212014   0.1337773706750673
   0.2327367457253909   0.1284180572183056   0.1301374410845888
   0.2324733739021598   0.1261535165366396   0.1266023165698095
   0.2325283113189147   0.1241378959359306   0.1232172283354658
   0.2329243222165018   0.1224106893621634   0.1200309954806308
   0.2336815882530628   0.1210116375853543   0.1170954759947331
   0.2348170310928478   0.1199799507774749   0.1144648090239035
   0.2363436436468420   0.1193534286309895   0.1121944404267715
   0.2382698595460969   0.1191674989278785   0.1103399364463321
   0.2405989935606490   0.1194542047391278   0.1089556062124853
   0.2433287869003622   0.1202411793240537   0.1080929718572534
   0.2464510900791054   0.1215506552658739   0.1077991437643926
   0.2499517118877486   0.1233985592845838   0.1081151758218425
   0.2538104558787945   0.1257937454274127   0.1090744890556900
   0.2580013558590843   0.1287374161188231   0.1107014591966202
   0.2624931098771193   0.1322227724766086   0.1130102624388404
   0.2672496991372258   0.1362349226067319   0.1160040626277458
   0.2722311655335551   0.1407510602157728   0.1196746023650149
   0.2773945105566015   0.1457409074235851   0.1240022315819038
   0.2826946705615123   0.1511673971945558   0.1289563730304701
   0.2880855198296132   0.1569875545798641   0.1344963890424543
   0.2935208539776970   0.1631535240146954   0.1405727824569092
   0.2989553118807229   0.1696136837031941   0.1471286411292640
   0.3043452035186407   0.1763137882484112   0.1541012230495075
   0.3096492226583730   0.1831980867619619   0.1614235791694938
   0.3148290353741431   0.1902103744299987   0.1690261228679144
   0.3198497464390755   0.1972949489802400   0.1768380759721529
   0.3246802542270600   0.2043974574796927   0.1847887474729328
   0.3292935100926292   0.2114656313268988   0.1928086280356211
   0.3336667000060248   0.2184499166173050   0.2008303069813363
   0.3377813648607786   0.2253040124141433   0.2087892354850984
   0.3416234721558040   0.2319853307990165   0.2166243687218873
   0.3451834467616461   0.2384553905497334   0.2242787205924140
   0.3484561633320775   0.2446801520197402   0.2316998588664786
   0.3514408985826952   0.2506302955987279   0.2388403584043529
   0.3541412387966748   0.2562814412751924   0.2456582182289736
   0.3565649368431991   0.2616143032760380   0.2521172371225336
   0.3587237136650983   0.2666147720985946   0.2581873340250215
   0.3606330012869767   0.2712739166175933   0.2638447949239060
   0.3623116274150840   0.2755879011079388   0.2690724274027684
   0.3637814450838423   0.2795578154717941   0.2738596070989497
   0.3650669140269203   0.2831894210617494   0.2782022060438127
   0.3661946430991322   0.2864928186129154   0.2821024000228902
   0.3671929048850477   0.2894820483942718   0.2855683594982471
   0.3680911344941031   0.2921746353810916   0.2886138352698699
   0.3689194244925278   0.2945910938352437   0.2912576552012506
   0.3697080270971405   0.2967544061301842   0.2935231516138099
   0.3704868733574156   0.2986894900834405   0.2954375402923764
   0.3712851173079441   0.3004226676675539   0.2970312716140737
   0.3721307112039641   0.3019811460164939   0.2983373724575588
   0.3730500161475760   0.3033925193933078   0.2993907946968984
   0.3740674508163205   0.3046842984792780   0.3002277826798568
   0.3752051797135830   0.3058834711861907   0.3008852685443212
   0.3764828414175118   0.3070160973302481   0.3014003008812215
   0.3779173167142699   0.3081069380329659   0.3018095093653724
   0.3795225362299323   0.3091791196741848   0.3021486057170956
   0.3813093271646324   0.3102538316138684   0.3024519198148733
   0.3832852989071229   0.3113500566853008   0.3027519689679692
   0.3854547675835318   0.3124843335779369   0.3030790582332131
   0.3878187198852491   0.3136705505894783   0.3034609101291189
   0.3903748167473690   0.3149197707381729   0.3039223230335125
   0.3931174375415799   0.3162400887875898   0.3044848587916288
   0.3960377653523379   0.3176365212488290   0.3051665614372240
   0.3991239135889049   0.3191109307991731   0.3059817102600861
   0.4023610936376185   0.3206619867158838   0.3069406115640183
   0.4057318224924623   0.3222851628135801   0.3080494341904682
   0.4092161683563736   0.3239727739632534   0.3093100941033439
   0.4127920311426122   0.3257140515593371   0.3107201929494710
   0.4164354537061751   0.3274952573184722   0.3122730144869458
   0.4201209585945256   0.3292998336005304   0.3139575811291409
   0.4238219042258221   0.3311085871274927   0.3157587706654671
   0.4275108537800080   0.3328999016489078   0.3176574906295963
   0.4311599498109052   0.3346499738869279   0.3196309049790589
   0.4347412877238862   0.3363330661154242   0.3216527049481638
   0.4382272818559986   0.3379217681049177   0.3236934133746667
   0.4415910189560949   0.3393872609992792   0.3257207097082816
   0.4448065953733961   0.3406995760579488   0.3276997614875859
   0.4478494361772106   0.3418278421466139   0.3295935474793821
   0.4506965966775873   0.3427405174089307   0.3313631580167324
   0.4533270493083920   0.3434056026963223   0.3329680594008440
   0.4557219614720801   0.3437908370494587   0.3343663115550238
   0.4578649726261514   0.3438638787841859   0.3355147314160374
   0.4597424815106079   0.3435924795108857   0.3363689987968407
   0.4613439568675072   0.3429446626979775   0.3368837066598052
   0.4626622871735669   0.3418889231861972   0.3370123639658171
   0.4636941866590840   0.3403944693998577   0.3367073666675489
   0.4644406760432389   0.3384315359259554   0.3359199612678123
   0.4649076567267594   0.3359718006735792   0.3346002360739017
   0.4651065962855263   0.3329889479671251   0.3326971883890562
   0.4650553404795450   0.3294594265358478   0.3301589320428431
   0.4647790618895745   0.3253634590952340   0.3269331295562546
   0.4643113467006840   0.3206863673726349   0.3229677574283633
   0.4636954077235035   0.3154202817555169   0.3182123416907309
   0.4629853917899076   0.3095663061628307   0.3126198333242626
   0.4622477211957008   0.3031372030464556   0.3061493271201914
   0.4615623697923647   0.2961606459213222   0.2987698582037578
   0.4610239228536714   0.2886830510241831   0.2904655287379367
   0.4607422052158623   0.2807739373065840   0.2812422084022765
   0.4608421859703642   0.2725306653372193   0.2711359935012218
   0.4614627858880139   0.2640832613824929   0.2602234696252101
   0.4627541380705793   0.2555988369430908   0.2486335627514462
   0.4648728046098536   0.2472848693873874   0.2365603431072445
   0.4679744650749793   0.2393903364566466   0.2242755372996768
   0.4722037099852039   0.2322034443728250   0.2121387176574161
   0.4776808426788525   0.2260445408572807   0.2006022593979356
   0.4844860558872783   0.2212528836012135   0.1902073890443450
   0.4926420115861801   0.2181663867435101   0.1815673363505951
   0.5020966563393126   0.2170944156081977   0.1753342054920823
   0.5127088980577605   0.2182851681981769   0.1721481472195543
   0.5242403040598709   0.2218910063122868   0.1725709381910552
   0.5363559492802035   0.2279368641527226   0.1770107959979363
   0.5486366915809527   0.2362979359545076   0.1856500497513209
   0.5606034187140922   0.2466925616786926   0.1983903643800774
   0.5717514584671524   0.2586942055798514   0.2148297431166828
   0.5815909579877874   0.2717628578212199   0.2342805647648348
   0.5896873716814459   0.2852919706346100   0.2558292258504349
   0.5956958639653096   0.2986634844118692   0.2784281123580599
   0.5993846196732890   0.3113018074987978   0.3010030040919404
   0.6006444077053024   0.3227183206741124   0.3225562573399813
   0.5994845167525191   0.3325407162103212   0.3422488720893064
   0.5960175619590173   0.3405252021443620   0.3594513263629973
   0.5904370861274901   0.3465530884299159   0.3737611220487021
   0.5829921942044255   0.3506156396933959   0.3849917286422213
   0.5739628726006156   0.3527920187642338   0.3931415338787879
   0.5636385513626223   0.3532248561450096   0.3983523430647150
   0.5523012662047526   0.3520969362297605   0.4008656804948151
   0.5402137518800266   0.3496111888618254   0.4009827391578160
   0.5276120817979962   0.3459749806425745   0.3990312576445740
   0.5147020723281980   0.3413888031344441   0.3953404716614999
   0.5016585333936063   0.3360388962910681   0.3902238244573030
   0.4886264844158119   0.3300930774424641   0.3839683053965826
   0.4757235867752403   0.3236989858791700   0.3768289730270989
   0.4630432107119315   0.3169840176339270   0.3690272330207248
   0.4506577180098965   0.3100563489331085   0.3607516308351422
   0.4386216821497593   0.3030065859870464   0.3521601753301684
   0.4269748778494862   0.2959097081109721   0.3433834664282417
   0.4157449525582073   0.2888270790761797   0.3345281233690105
   0.4049497477367198   0.2818083851525284   0.3256801879251912
   0.3945992730821283   0.2748934192638454   0.3169083093122201
   0.3846973575031655   0.2681136728148301   0.3082666106021234
   0.3752430111029901   0.2614937243014923   0.2997971983811695
   0.3662315361765751   0.2550524306808515   0.2915323161177543
   0.3576554248536186   0.2488039368686598   0.2834961640123654
   0.3495050783144804   0.2427585231409751   0.2757064193195646
   0.3417693786753442   0.2369233114584253   0.2681754952236792
   0.3344361404394698   0.2313028510909119   0.2609115761238548
   0.3274924642961154   0.2258996022595456   0.2539194645514603
   0.3209250122626979   0.2207143343918592   0.2472012711518551
   0.3147202198210060   0.2157464533517711   0.2407569749918670
   0.3088644578250339   0.2109942698578045   0.2345848773617558
   0.3033441545393923   0.2064552193465509   0.2286819684720702
   0.2981458861620849   0.2021260418177647   0.2230442231132848
   0.2932564425421436   0.1980029287208721   0.2176668384794734
   0.2886628734678721   0.1940816426976645   0.2125444249400049
   0.2843525198246965   0.1903576149598470   0.2076711585348307
   0.2803130330575111   0.1868260242262367   0.2030409023188244
   0.2765323856815314   0.1834818604457968   0.1986473023365258
   0.2729988750346687   0.1803199759640886   0.1944838629210139
   0.2697011220255253   0.1773351263295745   0.1905440051349856
   0.2666280662814592   0.1745220025629273   0.1868211114697569
   0.2637689588221926   0.1718752564104991   0.1833085593559854
   0.2611133531611645   0.1693895198584747   0.1799997455909761
   0.2586510955572446   0.1670594199855099   0.1768881034288130
   0.2563723149939582   0.1648795900693961   0.1739671137926776
   0.2542674133444625   0.1628446777298502   0.1712303118384766
   0.2523270560821916   0.1609493507786699   0.1686712899130603
   0.2505421638147107   0.1591883013552163   0.1662836977989836
   0.2489039048482992   0.1575562488454860   0.1640612410130147
   0.2474036889303744   0.1560479420137160   0.1619976778210545
   0.2460331622640325   0.1546581607140375   0.1600868155427362
   0.2447842038422198   0.1533817174942200   0.1583225066407325
   0.2436489231073224   0.1522134593525779   0.1566986450196056
   0.2426196589045682   0.1511482698615899   0.1552091628945305
   0.2416889796641774   0.1501810718269901   0.1538480285296809
   0.2408496847174593   0.1493068306086045   0.1526092450882934
   0.2400948066260026   0.1485205581888114   0.1514868507806873
   0.2394176143807994   0.1478173180362106   0.1504749204424506
   0.2388116173097005   0.1471922307760153   0.1495675686225941
   0.2382705695171783   0.1466404806451009   0.1487589542109335
   0.2377884746700925   0.1461573226788569   0.1480432865857227
   0.2373595909371291   0.1457380905493822   0.1474148332172026
   0.2369784358878355   0.1453782049504646   0.1468679286208930
   0.2366397911596730   0.1450731824045650   0.1463969845168384
   0.2363387067081111   0.1448186443509368   0.1459965010182794
   0.2360705044652830   0.1446103263622713   0.1456610786459603
   0.2358307812467796   0.1444440873299739   0.1453854309429855
   0.2356154107633718   0.1443159184553468   0.1451643974501522
   0.2354205446143516   0.1442219518854717   0.1449929567931967
   0.2352426121612035   0.1441584688382391   0.1448662396313953
   0.2350783192038872   0.1441219070704222   0.1447795412212737
   0.2349246454065094   0.1441088675555364   0.1447283333594558
   0.2347788404439751   0.1441161202539606   0.1447082754843735
   0.2346384188657281   0.1441406088758623   0.1447152247370236
   0.2345011536963679   0.1441794545572848   0.1447452448053987
   0.2343650688152401   0.1442299583906938   0.1447946134047823
   0.2342284301776013   0.1442896027727597   0.1448598282758755
   0.2340897359583017   0.1443560515535608   0.1449376116138008
   0.2339477057148012   0.1444271489922337   0.1450249128725025
