0.71192597
0.73003982
0.72986164
0.7132309199999999
0.68241423
0.63992836
0.58838295
0.53035074
0.4682684
0.40436718
0.34062977
0.2787682
0.22021751
0.16613979
0.11743435
0.07475062999999999
0.03850164999999999
0.008876958200000001
-0.014145262
-0.030786442
-0.041455373
-0.04673444
-0.04736330899999999
-0.044219369
-0.03829451999999999
-0.030668415
-0.02247869699999999
-0.014889154
-0.0090569871
-0.006100504199999999
-0.0070684199
-0.012911729
-0.024458692
-0.042392986
-0.067234594
-0.09932254399999999
-0.1387982899999999
-0.18558848
-0.23938586
-0.2996277
-0.3654716399999999
-0.43577016
-0.50904596
-0.58347227
-0.6568638
-0.7266850599999999
-0.7900842599999999
-0.84396087
-0.88507342
-0.91019175
-0.91629232
-0.90078897
-0.86178303
-0.79830891
-0.71054483
-0.59995551
-0.46933648
-0.32273885
-0.16526761
-0.0027655492
0.15858742
0.3127148399999999
0.45407273
0.5780174999999999
0.68107387
0.76108028
0.81720854
0.8498708999999999
0.86054077
0.85151903
0.8256783900000001
0.78621357
0.7364178400000001
0.67949845
0.6184358300000001
0.55588563
0.4941188699999999
0.4349933799999999
0.37994914
0.3300207
0.28586122
0.24777366
0.21574632
0.18949081
0.16848151
0.15199579
0.13915481
0.12896444
0.12035592
0.11222553
0.1034727699999999
0.09303609099999998
0.07992563099999999
0.063252505
0.042254447
0.016317986
-0.01500232999999999
-0.051966928
-0.09463550899999999
-0.14285181
-0.19622824
-0.2541301799999999
-0.3156607
-0.37964702
-0.44463132
-0.50886965
-0.57034335
-0.62678842
-0.67574812
-0.71465339
-0.74093368
-0.75215796
-0.7462010000000001
-0.72142506
-0.67686187
-0.61237509
-0.52878119
-0.42790729
-0.31256919
-0.186461
-0.053959377
0.080142769
0.21094714
0.3337724
0.44445303
0.5395837
0.6166865800000001
0.67429088