-1.017004999999999
-0.87522748
-0.69931653
-0.49462396
-0.26870405
-0.03082596199999999
0.20873912
0.43956769
0.65195383
0.83767838
0.99057744
1.106849699999999
1.185090299999999
1.2260829
1.232413699999999
1.2079833
1.1574936
1.0859683
0.9983507799999999
0.89919776
0.7924742400000001
0.68144
0.56861316
0.45579263
0.34412283
0.23418601
0.12611111
0.019690934
-0.08549743599999999
-0.18997229
-0.29422889
-0.39862416
-0.5032659899999999
-0.60790903
-0.71186049
-0.8139011699999999
-0.9122290899999999
-1.0044356
-1.0875253
-1.1579923
-1.2119641
-1.245419
-1.254478299999999
-1.23576
-1.186770799999999
-1.1062955
-0.99473381
-0.85432986
-0.6892419699999999
-0.50541921
-0.31027627
-0.11219104
0.080118924
0.25826253
0.41479697
0.54372735
0.64083
0.7037775100000001
0.73207661
0.72685653
0.6905614500000001
0.62660408
0.5390315199999999
0.43224109
0.31076829
0.17915364
0.041882039
-0.09662123599999999
-0.23196028
-0.35972961
-0.47549277
-0.57480282
-0.65328441
-0.70678948
-0.73162768
-0.7248594800000001
-0.68462403
-0.6104603
-0.50356929
-0.36696309
-0.20545437
-0.025459658
0.16538249
0.35874507
0.5462365
0.72003596
0.8734584999999999
1.0013817
1.100491399999999
1.1693338
1.2081928
1.2188302
1.2041419
1.1677799
1.1137862
1.0462704
0.9691501499999999
0.8859606599999999
0.79973157
0.71292142
0.62739896
0.5444591899999999
0.46486337
0.38889431
0.31642046
0.24696444
0.17977322
0.11388895
0.04821972299999999
-0.01838912
-0.08708262799999999
-0.15892189
-0.2348068
-0.31539527
-0.40101867
-0.4915942099999999
-0.58653626
-0.68467092
-0.7841602899999999
-0.8824467600000001
-0.97623046
-1.061496299999999
-1.133608699999999
-1.1874903
-1.2178974
-1.219792599999999
-1.1888011
-1.1217169