-0.1236961766562159
-0.1002615737500006
-0.07238808825304771
-0.03920250841508583
0.0004572128952073108
0.04761281343415188
0.1027732401846656
0.1656322520953433
0.2347643924503007
0.3072569799345562
0.3783287655305073
0.4411419662828567
0.4871104618350064
0.5069515481901394
0.4924965164468198
0.4389339957748348
0.3468515752073159
0.2233234850702102
0.08146359748597283
-0.06169340216140263
-0.1885457305691437
-0.2845901492970923
-0.3412866252413242
-0.357221247647313
-0.3372302515136215
-0.2898646083848025
-0.2241707607174908
-0.1469992571262421
-0.06182444534223078
0.03055647783185424
0.129841641219873
0.2335692553385228
0.3352123097234275
0.4239715632597687
0.4865556508474731
0.5104514038746849
0.4875840423712006
0.4170805956078866
0.3061489953668472
0.168747062908745
0.02247960816364864
-0.1152628265929127
-0.2307285885732472
-0.315852559263653
-0.3685485288094455
-0.3914993169594686
-0.3901531051747727
-0.3707608384435055
-0.3390801214482964
-0.2999553768287798
-0.2575619140854817
-0.2158523086868407
-0.1787514856478779
-0.1498741118912695
-0.1318521542003122
-0.1256030129925184
-0.1299283115609599
-0.1416935824956566
-0.1565781512502836
-0.1701326707261695
-0.1787567255971155
-0.1802616642335141
-0.1738790048704199
-0.1598131630328273
-0.1386070543068627
-0.1106201913783172
-0.07581350615008837
-0.03386145901510553
0.0155349229480561
0.07230944725860213
0.1357820527710073
0.2044991388811594
0.2760742811100165
0.3469493974692716
0.4121108712137457
0.4649545927799866
0.4975949242000164
0.5018631692003273
0.4710152926790079
0.4018331746604277
0.296500021035895
0.1635159062849016
0.01709193648898745
-0.1250960457129965
-0.2453424432614002
-0.3296027554859287
-0.3703236721024062
-0.3675145569351889
-0.3277324301028607
-0.2613745229234817
-0.1792723393505865
-0.08981904239095081
0.002367152423712518
0.09585847042932148
0.1902963278752133
0.2837364348025461
0.3706839834206094
0.441774210670392
0.4853998487901244
0.4908055480261433
0.451568276959756
0.3681965758241975
0.2488786037975445
0.1080667314696613
-0.03665501469921648
-0.1684053169856633
-0.274351337325508
-0.3476359108891025
-0.3875227204664401
-0.3980300305996091
-0.3857796443256907
-0.3579126531455327
-0.3207107078379852
-0.2791409713324641
-0.2371149803933838
-0.1979963688805511
-0.1648948803636134
-0.1405069433864576
-0.1265746342318656
-0.1232766757328126
-0.128926102985195
-0.1402125720170215
-0.1529710042576928
-0.1632119776955713
-0.168030033575688
-0.1660641259231407
-0.157383830194187
-0.1429158980015418