   0.3839820560415074   0.2000879435485594   0.1858591300017907
   0.3886653290595349   0.2035669719925544   0.1898308117976414
   0.3930929774970892   0.2076581426207437   0.1949624648454064
   0.3970824939031506   0.2122110886194916   0.2010949970270070
   0.4004604408803855   0.2170471177134313   0.2080046397966838
   0.4030740243215958   0.2219716440836557   0.2154190671138528
   0.4048009427961012   0.2267880430217747   0.2230381578221378
   0.4055564171216985   0.2313113363575658   0.2305574353134711
   0.4052967072256587   0.2353799998147816   0.2376908742026250
   0.4040189891166871   0.2388646111205920   0.2441900835087499
   0.4017579958080756   0.2416726888810671   0.2498578006079026
   0.3985802119047191   0.2437497307621070   0.2545548360574442
   0.3945765978291099   0.2450769960545762   0.2582007638457105
   0.3898548111615595   0.2456669058021865   0.2607695063422932
   0.3845317378103470   0.2455570390972580   0.2622814089196004
   0.3787269120655357   0.2448036283595136   0.2627934581482128
   0.3725571555722488   0.2434752681069440   0.2623890757047871
   0.3661325467413645   0.2416473202944171   0.2611685505994170
   0.3595536682057145   0.2393972780175014   0.2592407714717088
   0.3529099760379774   0.2368011696060413   0.2567165671382226
   0.3462790835986141   0.2339309584330296   0.2537036957841273
   0.3397267421796299   0.2308528178867845   0.2503033483357909
   0.3333073161305427   0.2276261262537875   0.2466079377361812
   0.3270645798459489   0.2243030207609299   0.2426999129932069
   0.3210326988689297   0.2209283625799615   0.2386513441637118
   0.3152372915493736   0.2175399863632708   0.2345240543012616
   0.3096964979141502   0.2141691326624089   0.2303701139096613
   0.3044220072635695   0.2108409855305204   0.2262325541771564
   0.2994200153245327   0.2075752586805961   0.2221461924185313
   0.2946920960641281   0.2043867909536914   0.2181384945134530
   0.2902359833036792   0.2012861254976538   0.2142304241473469
   0.2860462639491704   0.1982800573314777   0.2104372477259121
   0.2821149887865664   0.1953721414133810   0.2067692777838087
   0.2784322090764465   0.1925631585158192   0.2032325475179911
   0.2749864481807526   0.1898515396679247   0.1998294156865294
   0.2717651175936406   0.1872337521071856   0.1965591053450492
   0.2687548863435503   0.1847046509523774   0.1934181824179080
   0.2659420120075933   0.1822578014513798   0.1904009814474703
   0.2633126406830079   0.1798857768815514   0.1874999864315797
   0.2608530822898937   0.1775804371387715   0.1847061747394693
   0.2585500665903235   0.1753331928488130   0.1820093318980326
   0.2563909843273285   0.1731352595388005   0.1793983447058164
   0.2543641169180461   0.1709779060552649   0.1768614797525843
   0.2524588571684915   0.1688527010234746   0.1743866540495025
   0.2506659224928273   0.1667517607060304   0.1719617041287626
   0.2489775610912984   0.1646680011168264   0.1695746596447039
   0.2473877504391606   0.1625953966452604   0.1672140271698283
   0.2458923862358788   0.1605292466988280   0.1648690894735534
   0.2444894586366989   0.1584664509237304   0.1625302250202608
   0.2431792111248339   0.1564057923493415   0.1601892516227412
   0.2419642757861751   0.1543482262568419   0.1578397970094063
   0.2408497770487558   0.1522971706322960   0.1554776973578754
   0.2398433942096443   0.1502587916810197   0.1531014224461841
   0.2389553714011018   0.1482422750325970   0.1507125228037781
   0.2381984622101432   0.1462600699813541   0.1483160899524809
   0.2375877951902659   0.1443280904847661   0.1459212154084638
   0.2371406462891715   0.1424658528822813   0.1435414275655088
   0.2368761051236611   0.1406965267302117   0.1411950780579786
   0.2368146244684700   0.1390468722611162   0.1389056411123491
   0.2369774466989749   0.1375470364219692   0.1367018814678634
   0.2373859075845297   0.1362301800295068   0.1346178398032810
   0.2380606269569930   0.1351319122030239   0.1326925807927449
   0.2390206072860592   0.1342895157743752   0.1309696498418201
   0.2402822745768331   0.1337409595115166   0.1294961923253480
   0.2418585102359257   0.1335237099622828   0.1283217057090219
   0.2437577360118960   0.1336733770452279   0.1274964215654963
   0.2459831246406924   0.1342222517232406   0.1270693511583586
   0.2485320139037983   0.1351978186068500   0.1270860729541634
   0.2513955989480015   0.1366213474995360   0.1275863886750605
   0.2545589649952935   0.1385066813753003   0.1286020193783446
   0.2580014992470252   0.1408593397443663   0.1301545457606232
   0.2616976878595820   0.1436760424977122   0.1322538082522937
   0.2656182643956128   0.1469447288926225   0.1348969650317054
   0.2697316351278548   0.1506451010725661   0.1380683564687790
   0.2740054702748788   0.1547496664083394   0.1417402453269705
   0.2784083251270961   0.1592251958137687   0.1458744026527047
   0.2829111463026877   0.1640344653339927   0.1504244047118750
   0.2874885287656518   0.1691381146137675   0.1553384145726233
   0.2921196181109558   0.1744964447577129   0.1605621599451229
   0.2967885959274041   0.1800709919909911   0.1660417985880774
   0.3014847370561683   0.1858257501394211   0.1717263879358152
   0.3062020782184502   0.1917279678076784   0.1775697416751505
   0.3109387800401463   0.1977485060549448   0.1835315503273378
   0.3156962929817960   0.2038617994390393   0.1895777484616052
   0.3204784488712616   0.2100455088784677   0.1956802102657692
   0.3252905934913655   0.2162799829875741   0.2018159329281180
   0.3301388546084912   0.2225476529972814   0.2079659140093424
   0.3350296085264357   0.2288324761587404   0.2141139413371762
   0.3399691722573548   0.2351195174848815   0.2202454944770539
   0.3449637132126141   0.2413947253759052   0.2263469125984081
   0.3500193385439244   0.2476449192183195   0.2324049243021445
   0.3551423050939880   0.2538579720819865   0.2384065711221554
   0.3603392798702883   0.2600231435493872   0.2443394973618139
   0.3656175799605508   0.2661314991851510   0.2501925318133565
   0.3709853284811030   0.2721763450896878   0.2559564559441551
   0.3764514772354235   0.2781536076841191   0.2616248395092738
   0.3820256646195558   0.2840620984693543   0.2671948268344769
   0.3877178963664220   0.2899036184522055   0.2726677719024350
   0.3935380548015170   0.2956828745534515   0.2780496435893774
   0.3994952578257625   0.3014071982086350   0.2833511495657085
   0.4055971009494442   0.3070860727105041   0.2885875547189108
   0.4118488240734949   0.3127304894744761   0.2937781947370457
   0.4182524494991620   0.3183521638397513   0.2989457061329033
   0.4248059392601916   0.3239626482670034   0.3041150099803025
   0.4315024188250909   0.3295723851978944   0.3093120982464241
   0.4383295109897011   0.3351897438646987   0.3145626795372964
   0.4452688187465350   0.3408200854057652   0.3198907461117778
   0.4522955893355984   0.3464648990435463   0.3253171267624869
   0.4593785837323573   0.3521210489391897   0.3308580908728624
   0.4664801666836305   0.3577801666419085   0.3365240675392809
   0.4735566223004299   0.3634282177425069   0.3423185397290698
   0.4805586895259958   0.3690452634117553   0.3482371665734433
   0.4874323010427386   0.3746054281005927   0.3542671767430159
   0.4941194990301029   0.3800770741633441   0.3603870624316796
   0.5005594923841770   0.3854231731336807   0.3665665872647015
   0.5066898132932776   0.3906018526218087   0.3727671034376148
   0.5124475270430364   0.3955670881886871   0.3789421549901574
   0.5177704479886887   0.4002695019296151   0.3850383269518398
   0.5225983168815507   0.4046572245341823   0.3909962857493804
   0.5268738999653177   0.4086767756728168   0.3967519460192785
   0.5305439779909745   0.4122739187499804   0.4022376935801854
   0.5335602028759212   0.4153944500966200   0.4073835939246334
   0.5358798104177749   0.4179848890361636   0.4121185197204945
   0.5374661885723830   0.4199930433018066   0.4163711385345161
   0.5382893117663162   0.4213684333619091   0.4200707121147267
   0.5383260621922850   0.4220625688087277   0.4231476698938393
   0.5375604689230904   0.4220290798007571   0.4255339309114314
   0.5359839050925075   0.4212237166427133   0.4271629594962155
   0.5335952926291571   0.4196042413082257   0.4279695507125529
   0.5304013735063159   0.4171302467966845   0.4278893522744485
   0.5264171166253833   0.4137629547926832   0.4268581415819437
   0.5216663406237743   0.4094650606971627   0.4248108917959170
   0.5161826451545986   0.4042007196843738   0.4216806825702415
   0.5100107560423437   0.3979358003888587   0.4173975437794471
   0.5032084017087961   0.3906385768425431   0.4118873708413647
   0.4958488462461016   0.3822810870638502   0.4050711271203794
   0.4880242026153390   0.3728414601746043   0.3968646645689786
   0.4798496275135518   0.3623076026204738   0.3871796634472479
   0.4714684409520122   0.3506827320596935   0.3759264323964590
   0.4630580931653379   0.3379933379412461   0.3630196345831104
   0.4548366828508525   0.3243001942536764   0.3483884118649119
   0.4470693669482414   0.3097129835660719   0.3319928249265862
   0.4400734421474786   0.2944087956917540   0.3138488875539442
   0.4342200872242515   0.2786540628231854   0.2940644710302326
   0.4299297593088837   0.2628281584456701   0.2728874798722016
   0.4276572032221422   0.2474447042858162   0.2507651590696641
   0.4278613811920782   0.2331635642826482   0.2284082149527832
   0.4309561359358287   0.2207830287686579   0.2068449591966065
   0.4372401616544889   0.2111992224371814   0.1874397026400636
   0.4468109117819269   0.2053209503856209   0.1718400691531158
   0.4594764525656865   0.2039363872205128   0.1618180922426076
   0.4746896587969889   0.2075452017708432   0.1589907767812100
   0.4915350958853691   0.2161929151757693   0.1644529398019360
   0.5087934185975465   0.2293628924614015   0.1784169275945859
   0.5250873953062041   0.2459799895980247   0.1999956149043018
   0.5390829953278858   0.2645491699954131   0.2272455181500151
   0.5496932011955702   0.2834012083221799   0.2574944081984076
   0.5562272486968556   0.3009728143705276   0.2878556452621218
   0.5584484309462416   0.3160370709178292   0.3157539676388724
   0.5565380749918523   0.3278274962237749   0.3393007839047510
   0.5509930764891084   0.3360458857913382   0.3574426140523158
   0.5424968394335470   0.3407832062440014   0.3699036731206187
   0.5317983976775652   0.3423988433827031   0.3770020167502397
   0.5196201521662454   0.3413981778067050   0.3794263010064044
   0.5066000620688309   0.3383327634215491   0.3780352888373191
   0.4932643137793962   0.3337316880232033   0.3737093508650987
   0.4800222157187832   0.3280621705623757   0.3672578359097810
   0.4671747630044402   0.3217126235588982   0.3593725729264611
   0.4549299913372538   0.3149905888023778   0.3506135774212742
   0.4434204266557625   0.3081291607672176   0.3414141825305191
   0.4327198642027626   0.3012973309789840   0.3320959961412170
   0.4228581166446083   0.2946113718177127   0.3228873977006127
   0.4138332687439401   0.2881456584176433   0.3139419379810828
   0.4056214822290677   0.2819421849723533   0.3053548363093110
   0.3981846374656284   0.2760185501837891   0.2971769044402158
   0.3914761825931378   0.2703744678366614   0.2894258592890195
   0.3854455586446268   0.2649969892864449   0.2820952956055003
   0.3800415265337180   0.2598646679139794   0.2751617070159530
   0.3752146649235211   0.2549508925777320   0.2685899582298536
   0.3709192504785577   0.2502265927608496   0.2623375770378193
   0.3671146798148177   0.2456624863744058   0.2563581829772419
   0.3637665473106018   0.2412310089201923   0.2506043162066781
   0.3608474543572877   0.2369080325656026   0.2450298821440678
   0.3583375922273437   0.2326744558033702   0.2395923864198358
   0.3562251109463064   0.2285177175553242   0.2342550992304016
   0.3545062590870003   0.2244332619369030   0.2289892549648641
   0.3531852535950518   0.2204259493151550   0.2237763575571743
   0.3522738148835138   0.2165113738697262   0.2186106191903919
   0.3517902820450362   0.2127170064464655   0.2135015043171367
   0.3517582092403778   0.2090830343720403   0.2084762776515144
   0.3522043420247173   0.2056627197577887   0.2035823611299499
   0.3531558881453047   0.2025220508115306   0.1988891925518956
   0.3546370387955653   0.1997384273773299   0.1944891569590340
   0.3566647705526281   0.1973981176694302   0.1904970510085361
   0.3592440692105506   0.1955922669312978   0.1870474742130573
   0.3623628615111607   0.1944113496604504   0.1842895650251608
   0.3659871053785013   0.1939381478632947   0.1823786658624307
   0.3700566455718735   0.1942396057668664   0.1814648506583866
   0.3744825478170702   0.1953582285377108   0.1816787886950216
   0.3791466311142830   0.1973039999957161   0.1831160962426514
   0.3839037816759638   0.2000480065702645   0.1858220131064626
   0.3885873340709798   0.2035189783615317   0.1897787381423388
   0.3930173692557977   0.2076037239225308   0.1948978512490058
   0.3970112787431447   0.2121519345148154   0.2010197869699530
   0.4003954916252608   0.2169851410541657   0.2079213022100591
   0.4030169772099012   0.2219088747669259   0.2153304854058156
   0.4047531082633126   0.2267264978065992   0.2229474328168865
   0.4055187183226845   0.2312528906444570   0.2304676609004992
   0.4052696528917871   0.2353262792539605   0.2376049225060682
   0.4040026811940421   0.2388169150725427   0.2441104290568715
   0.4017521671403077   0.2416319509130722   0.2497864018636495
   0.3985842857996338   0.2437165149291450   0.2544930802491105
   0.3945897599746172   0.2450515228771110   0.2581494701676432
   0.3898760848096969   0.2456490991935904   0.2607289751987233
   0.3845600548641778   0.2455465849397294   0.2622515015507283
   0.3787611750166958   0.2448000364620097   0.2627736911673211
   0.3725962875711468   0.2434779312125195   0.2623787176270340
   0.3661755290537543   0.2416555660040971   0.2611667110916295
   0.3595995657400383   0.2394104115114107   0.2592464777764426
   0.3529579525016343   0.2368185066266932   0.2567288252860283
   0.3463284082420192   0.2339518490803399   0.2537215365298656
   0.3397767901403851   0.2308766624022752   0.2503258592259021
   0.3333575642232200   0.2276523842404891   0.2466342834704306
   0.3271145993616861   0.2243312153062824   0.2427293464781638
   0.3210821466300933   0.2209580806201510   0.2386832105529373
   0.3152859001569476   0.2175708764249459   0.2345577900312943
   0.3097440658558488   0.2142009008937956   0.2304052423809181
   0.3044683893296745   0.2108733907203858   0.2262686793648327
   0.2994651136067664   0.2076081067768060   0.2221829913695597
   0.2947358516856809   0.2044199294394309   0.2181757094089204
   0.2902783689385330   0.2013194378626501   0.2142678543891835
   0.2860872771284187   0.1983134577843533   0.2104747423381482
   0.2821546459513871   0.1954055699147758   0.2068067282947447
   0.2784705403157133   0.1925965761651421   0.2032698814016519
   0.2750234925811348   0.1898849244449533   0.1998665903816491
   0.2718009191277490   0.1872670949493193   0.1965961028304340
   0.2687894902245266   0.1847379521360676   0.1934550042985860
   0.2659754614446058   0.1822910672396884   0.1904376444919993
   0.2633449739801202   0.1799190163971728   0.1875365184938630
   0.2608843302399202   0.1776136594219452   0.1847426109959355
   0.2585802501251122   0.1753664040615294   0.1820457113313715
   0.2564201123962261   0.1731684602800901   0.1794347067685170
   0.2543921845770588   0.1710110887569358   0.1768978611466691
   0.2524858438739531   0.1688858474014383   0.1744230855628505
   0.2506917906053404   0.1667848392494945   0.1719982074733467
   0.2490022546084771   0.1647009646064431   0.1696112442482909
   0.2474111939893643   0.1626281797022121   0.1672506868808296
   0.2459144843796856   0.1605617633802767   0.1649057991495992
   0.2445100955381722   0.1584985923965452   0.1625669369858004
   0.2431982506702786   0.1564374246939879   0.1602258920007726
   0.2419815622433754   0.1543791884770678   0.1578762619587159
   0.2408651363734955   0.1523272729738105   0.1555138492812985
   0.2398566361170310   0.1502878143933205   0.1531370862786098
   0.2389662923246449   0.1482699677413984   0.1507474825416655
   0.2382068492688623   0.1462861518727370   0.1483500856494075
   0.2375934312699371   0.1443522515330677   0.1459539409321179
   0.2371433163143400   0.1424877563773334   0.1435725294868847
   0.2368756035483719   0.1407158133697134   0.1412241561167563
   0.2368107639423707   0.1390631660631074   0.1389322507633743
   0.2369700677694693   0.1375599526719135   0.1367255390481218
   0.2373748891753459   0.1362393353975382   0.1346380308487672
   0.2380458972229720   0.1351369370419908   0.1327087719595067
   0.2390021542922695   0.1342900684344519   0.1309813047245473
   0.2402601561023311   0.1337367422846216   0.1295027912038423
   0.2418328618797744   0.1335144860107092   0.1283227688817700
   0.2437287767075322   0.1336589873965212   0.1274915354618007
   0.2459511586924805   0.1342026311623203   0.1270581958913456
   0.2484974287718246   0.1351730091117465   0.1270684494492730
   0.2513588582397168   0.1365915077986695   0.1275622430705501
   0.2545205964751285   0.1384720912972547   0.1285714621494289
   0.2579620781253554   0.1408203983145740   0.1301178630669399
   0.2616578161242633   0.1436332592110088   0.1322114634198693
   0.2655785474359670   0.1468987082201040   0.1348495888698274
   0.2696926572946411   0.1505965209713820   0.1380167262280431
   0.2739677712462910   0.1546992522904663   0.1416852533874538
   0.2783723789566075   0.1591736919799283   0.1458170172905011
   0.2828773447911114   0.1639826061907604   0.1503656263063152
   0.2874571703512592   0.1690865980024265   0.1552792311925907
   0.2920909028724348   0.1744459094239917   0.1605035062752393
   0.2967626266375682   0.1800220006653120   0.1659845216159875
   0.3014615256113857   0.1857787789752272   0.1716712218226625
   0.3061815562896539   0.1916834021639177   0.1775172929600632
   0.3109208125068851   0.1977066419295589   0.1834822933004416
   0.3156806926436135   0.2038228493590647   0.1895320293942332
   0.3204649910647154   0.2100096107829959   0.1956382583720231
   0.3252790295295281   0.2162472106096222   0.2017778755303572
   0.3301289233381945   0.2225180264260156   0.2079317933902851
   0.3350210456983845   0.2288059715830219   0.2140837311133376
   0.3399617177654208   0.2350960755092163   0.2202191139090724
   0.3449571165376178   0.2413742576898821   0.2263242379350788
   0.3500133629108726   0.2476273137337978   0.2323857969179396
   0.3551367309167155   0.2538430968922872   0.2383908027610653
   0.3603339080266215   0.2600108501969354   0.2443268731880315
   0.3656122353380789   0.2661216257530779   0.2501828121731289
   0.3709798640867599   0.2721687195775869   0.2559493777759900
   0.3764457789992063   0.2781480520151058   0.2616201182366484
   0.3820196568671432   0.2840584333332139   0.2671921593824695
   0.3877115478037358   0.2899016690430360   0.2726668412445264
   0.3935313847555962   0.2956824771288951   0.2780501249935513
   0.3994883424233008   0.3014082072931142   0.2833527184989105
   0.4055900788847416   0.3070883686913248   0.2885898962020502
   0.4118419016162532   0.3127339862961521   0.2937810138235472
   0.4182459044134377   0.3183568164839091   0.2989487391082737
   0.4248001233432629   0.3239684597068944   0.3041180358394511
   0.4314977588246931   0.3295794125324298   0.3093149499896667
   0.4383265077171734   0.3351981033631182   0.3145652548269297
   0.4452680442702680   0.3408299562285470   0.3198930168441815
   0.4522976822126216   0.3464765254476457   0.3253191471351181
   0.4593842423146130   0.3521347408268135   0.3308600035636847
   0.4664901406171936   0.3577962983724640   0.3365261076722408
   0.4735717024170827   0.3634472251968238   0.3423210363770030
   0.4805796964023376   0.3690676393742466   0.3482405416508461
   0.4874600725666157   0.3746317161047639   0.3542719412633121
   0.4941548773616509   0.3801078610232941   0.3603938102404431
   0.5006033107239944   0.3854590804521935   0.3665759865013222
   0.5067428828696638   0.3906435276175065   0.3727798861100974
   0.5125106247026745   0.3956151942148801   0.3789591051577805
   0.5178443047221306   0.4003247090624895   0.3850602680868974
   0.5226836075403105   0.4047202005872080   0.3910240678849934
   0.5269712343370585   0.4087481779499729   0.3967864332834811
   0.5306538932997854   0.4123543867872029   0.4022797526708942
   0.5336831576723442   0.4154845995647053   0.4074340840039891
   0.5360161797231580   0.4180853068952166   0.4121782841113216
   0.5376162600474865   0.4201042842120648   0.4164409984976103
   0.5384532825858066   0.4214910172710604   0.4201514628827115
   0.5385040362236090   0.4221969795514995   0.4232400790412424
   0.5377524537273008   0.4221757644592407   0.4256387390523523
   0.5361898081818817   0.4213830853191107   0.4272808832160597
   0.5338149163276527   0.4197766668457732   0.4281012875484904
   0.5306344076605063   0.4173160638367036   0.4280355874438815
   0.5266631283039864   0.4139624573601104   0.4270195559949865
   0.5219247598255690   0.4096784972443875   0.4249881706424293
   0.5164527454264394   0.4044282841716926   0.4218745233964035
   0.5102916288114270   0.3981776175155616   0.4176086623966735
   0.5034989230949178   0.3908946789438807   0.4121165025507705
   0.4961476352082141   0.3825513794445803   0.4053190194695875
   0.4883295696148364   0.3731256707755560   0.3971320560382125
   0.4801595136225063   0.3626052109855410   0.3874672399316493
   0.4717803487657933   0.3509928717750618   0.3762347499958655
   0.4633690133732885   0.3383146664450438   0.3633489930736613
   0.4551430243612515   0.3246307248779415   0.3487386587525511
   0.4473669045837402   0.3100498780716502   0.3323630664420435
   0.4403573045006310   0.2947481231999272   0.3142370831131565
   0.4344848180747804   0.2789905453061418   0.2944668966841622
   0.4301694974506618   0.2631549461896818   0.2732980722506376
   0.4278660334528286   0.2477532577849882   0.2511748047797938
   0.4280339056015492   0.2334437578758179   0.2288041399665800
   0.4310882875353678   0.2210236224607862   0.2072104945122619
   0.4373302190047542   0.2113888444568302   0.1877548216113827
   0.4468605690419425   0.2054496555253917   0.1720831244296747
   0.4594916732252757   0.2039976735147018   0.1619689997927030
   0.4746809490487053   0.2075380955131358   0.1590354005267302
   0.4915168600728884   0.2161234744281575   0.1643876877689505
   0.5087822709260892   0.2292444156554584   0.1782519280228468
   0.5250996718539707   0.2458315078885249   0.1997548361552959
   0.5391320793481391   0.2643924178413487   0.2269631495619475
   0.5497874234537656   0.2832569132874815   0.2572083944085610
   0.5563689348228634   0.3008574361371896   0.2876005394975888
   0.5586342325793643   0.3159608722532204   0.3155554272777492
   0.5567602833722189   0.3277942234176899   0.3391730582166562
   0.5512413862392926   0.3360537455820268   0.3573889992405247
   0.5427600551800744   0.3408265254302481   0.3699189368250964
   0.5320657618677151   0.3424698194630277   0.3770755426599039
   0.5198821855954744   0.3414883366679947   0.3795449943910403
   0.5068489621417647   0.3384339733464534   0.3781857573781717
   0.4934940274154360   0.3338367455261294   0.3738792695586893
   0.4802283130445633   0.3281650541543493   0.3674366279398798
   0.4673542143936756   0.3218085282795703   0.3595516129947545
   0.4550809174382144   0.3150758375112112   0.3507861108505446
   0.4435418616222900   0.3082010606031986   0.3415751054322713
   0.4328115509380086   0.3013540174864268   0.3322415906625095
   0.4229203394088252   0.2946516636169963   0.3230150753087254
   0.4138667211311480   0.2881689323408811   0.3140500156828404
   0.4056271652197497   0.2819482739502177   0.3054423536995649
   0.3981637813459888   0.2760076622088799   0.2972434803532149
   0.3914301868463792   0.2703471226440656   0.2894715827044346
   0.3853759447566445   0.2649539689818708   0.2821206442066382
   0.3799498996179383   0.2598069779958809   0.2751674870086954
   0.3751026809610566   0.2548797302551943   0.2685772598583139
   0.3707885867128591   0.2501433199505756   0.2623077411994654
   0.3669670064231300   0.2455686051628894   0.2563127751988272
   0.3636034989211953   0.2411281375606562   0.2505451048788865
   0.3606706003328579   0.2367978802414192   0.2449588182880028
   0.3581484049414895   0.2325587944528613   0.2395115823751713
   0.3560249315968466   0.2283983490580271   0.2341668035436024
   0.3542962609745954   0.2243119789672734   0.2288958204722465
   0.3529664033047301   0.2203044882541638   0.2236801992893460
   0.3520468324901441   0.2163913584265813   0.2185141584031106
   0.3515556023545577   0.2125998811996480   0.2134070948679369
   0.3515159471769369   0.2089699884194083   0.2083861113485247
   0.3519542665249654   0.2055546021876031   0.2034983499003907
   0.3528974101887459   0.2024192818390690   0.1988128276660397
   0.3543692202417010   0.1996409116971873   0.1944213494073155
   0.3563863609127854   0.1973051696319971   0.1904379625839122
   0.3589535769005745   0.1955025600885860   0.1869963556276956
   0.3620586640360571   0.1943229052740092   0.1842446246057033
   0.3656675989391461   0.1938483771147690   0.1823369983645232
   0.3697204287295669   0.1941454175965064   0.1814224581461593
   0.3741286266176257   0.1952562084978142   0.1816307215916307
   0.3787746256490324   0.1971906552574413   0.1830567305333338
   0.3835141082389941   0.1999200594725459   0.1857454590458861
