0.98064909
0.97709662
0.95149621
0.90747795
0.84889347
0.7795649199999999
0.7030924
0.62272082
0.5412606199999999
0.4610528999999999
0.3839683
0.31142908
0.24444553
0.18365953
0.12939028
0.08167876100000001
0.04032932899999999
0.0049475768
-0.025025411
-0.050281981
-0.07161940300000001
-0.089913316
-0.10609266
-0.12111579
-0.13594759
-0.15153767
-0.1687996
-0.1885912
-0.21169594
-0.23880509
-0.2705003699999999
-0.30723632
-0.34932199
-0.39690097
-0.44992911
-0.50814976
-0.57106632
-0.6379131400000001
-0.70762636
-0.7788178399999999
-0.8497562300000001
-0.91836106
-0.98221639
-1.0386115
-1.084615399999999
-1.1171906
-1.1333484
-1.130341599999999
-1.1058866
-1.0583975
-0.9872069
-0.8927482700000001
-0.7766663999999999
-0.64183271
-0.49224785
-0.33282943
-0.1690994
-0.006801429599999999
0.14850908
0.29185514
0.41916404
0.52749544
0.61515373
0.68168375
0.72776424
0.75502376
0.7658090699999999
0.7629353
0.74944339
0.7283832399999999
0.70263434
0.6747689199999999
0.6469578799999999
0.6209162799999999
0.59788311
0.57862965
0.56349014
0.55240932
0.5450015600000001
0.5406170399999999
0.5384106499999999
0.53741004
0.5365794099999999
0.5348762999999999
0.53129937
0.52492561
0.51493643
0.50063289
0.48144091
0.45690807
0.42669427
0.39055856
0.34834469
0.29996823
0.24540736
0.1846997599999999
0.11794722
0.045329389
-0.032872538
-0.11624211
-0.20418452
-0.29587576
-0.39020716
-0.48572968
-0.5806042299999999
-0.67256636
-0.75891496
-0.8365362899999999
-0.90197436
-0.9515573
-0.98158512
-0.98857757
-0.96957146
-0.92244504
-0.8462363399999999
-0.74141293
-0.61004767
-0.45585958
-0.28409275
-0.10122826
0.085449639
0.2683866699999999
0.44032649
0.59484223
0.7267673399999999
0.83247994
0.91001989
0.95904434