         -0.029359502009150558          0.083149272570487764
         -0.000000000001226725         -0.000000000000581376
          0.664705506118698164          0.000000000000000000
          0.000000000001095645         -0.000000000000023475
         -0.315520063671489659          0.040204152131730592
          0.000000000000056720         -0.000000000000036331
          0.074147975036389230         -0.004904314221725603
         -0.000000000000108315         -0.000000000000054647
         -0.008142591957766772          0.000744787558335893
         -0.000000000000000142          0.000000000000024043
          0.000092315327826844         -0.000007558554342380
         -0.000000000000013861         -0.000000000000002431
          0.000157389682914035         -0.000013451441060886
         -0.000000000000005295         -0.000000000000002454
         -0.000036557874599448          0.000003070817793770
          0.000000000000000069         -0.000000000000000197
          0.000005101759696048         -0.000000431463981479
         -0.000000000000000101         -0.000000000000000007
         -0.000000486875481523          0.000000041068127868
          0.000000000000000493          0.000000000000000228
          0.000000024891176042         -0.000000002101766181
         -0.000000000000000033          0.000000000000000970
          0.000000001551472103         -0.000000000130950970
          0.000000000000000964          0.000000000000000426
         -0.000000000590903852          0.000000000049882783
          0.000000000000000162          0.000000000000000131
          0.000000000088918057         -0.000000000007505694
         -0.000000000000000439         -0.000000000000000235
         -0.000000000009170740          0.000000000000774176
         -0.000000000000000231          0.000000000000000025
          0.000000000000637186         -0.000000000000053895
          0.000000000000000827         -0.000000000000000015
         -0.000000000000012902          0.000000000000001133
         -0.000000000000000072         -0.000000000000000132
         -0.000000000000004364          0.000000000000000371
          0.000000000000000060         -0.000000000000000005
          0.000000000000001106         -0.000000000000000072
          0.000000000000000088          0.000000000000000068
         -0.000000000000000097         -0.000000000000000035
         -0.000000000000000102         -0.000000000000000047
          0.000000000000000016          0.000000000000000011
         -0.000000000000000173          0.000000000000000001
         -0.000000000000000065          0.000000000000000005
          0.000000000000000018          0.000000000000000027
          0.000000000000000011         -0.000000000000000006
          0.000000000000000033          0.000000000000000015
         -0.000000000000000098          0.000000000000000014
         -0.000000000000000021          0.000000000000000015
         -0.000000000000000068          0.000000000000000002
         -0.000000000000000049         -0.000000000000000071
          0.000000000000000034         -0.000000000000000012
          0.000000000000000041          0.000000000000000024
         -0.000000000000000094          0.000000000000000015
         -0.000000000000000016          0.000000000000000014
         -0.000000000000000050          0.000000000000000028
         -0.000000000000000026         -0.000000000000000005
          0.000000000000000039          0.000000000000000011
          0.000000000000000012          0.000000000000000013
         -0.000000000000000024          0.000000000000000031
         -0.000000000000000011         -0.000000000000000019
          0.000000000000000058         -0.000000000000000027
          0.000000000000000042         -0.000000000000000008
          0.000000000000000028         -0.000000000000000006
         -0.000000000000000016         -0.000000000000000006
         -0.101387687289879708          0.287140852775194022
          0.000000000001518901          0.000000000000157543
          0.589130361325134633         -0.000000000002116196
         -0.000000000001347956         -0.000000000001266569
         -0.051391937984186266          0.006548456122479115
          0.000000000000438364          0.000000000000249155
         -0.031547982231449591          0.002086654663881917
         -0.000000000000080874         -0.000000000000035956
          0.011780477409735375         -0.001077538092468714
          0.000000000000004900          0.000000000000001914
         -0.002247172575301974          0.000183993020584800
          0.000000000000000716          0.000000000000000411
          0.000273188748794685         -0.000023348305206116
         -0.000000000000000158         -0.000000000000000333
         -0.000019236722987938          0.000001615861750568
         -0.000000000000000049          0.000000000000000151
         -0.000000405661304629          0.000000034307426231
          0.000000000000000004         -0.000000000000000460
          0.000000364836895420         -0.000000030774127503
         -0.000000000000000279         -0.000000000000000015
         -0.000000065338745175          0.000000005517085997
          0.000000000000000074         -0.000000000000000177
          0.000000007663423837         -0.000000000646826268
         -0.000000000000000739         -0.000000000000000026
         -0.000000000617385188          0.000000000052118414
          0.000000000000000083          0.000000000000000038
          0.000000000022096539         -0.000000000001865198
          0.000000000000000660          0.000000000000000083
          0.000000000003040705         -0.000000000000256666
         -0.000000000000000101         -0.000000000000000063
         -0.000000000000776322          0.000000000000065587
         -0.000000000000000074          0.000000000000000101
          0.000000000000102231         -0.000000000000008651
         -0.000000000000000008         -0.000000000000000038
         -0.000000000000009505          0.000000000000000837
         -0.000000000000000004          0.000000000000000027
          0.000000000000000504         -0.000000000000000014
         -0.000000000000000134         -0.000000000000000016
          0.000000000000000002         -0.000000000000000030
          0.000000000000000008         -0.000000000000000008
         -0.000000000000000044         -0.000000000000000016
          0.000000000000000039         -0.000000000000000022
         -0.000000000000000002         -0.000000000000000001
         -0.000000000000000025         -0.000000000000000001
         -0.000000000000000044         -0.000000000000000009
         -0.000000000000000026          0.000000000000000015
         -0.000000000000000020          0.000000000000000007
          0.000000000000000021         -0.000000000000000002
          0.000000000000000110         -0.000000000000000031
         -0.000000000000000019         -0.000000000000000002
          0.000000000000000025         -0.000000000000000005
          0.000000000000000004          0.000000000000000018
          0.000000000000000028         -0.000000000000000012
          0.000000000000000009         -0.000000000000000006
         -0.000000000000000037         -0.000000000000000028
         -0.000000000000000005         -0.000000000000000001
          0.000000000000000015         -0.000000000000000013
         -0.000000000000000008         -0.000000000000000016
          0.000000000000000063         -0.000000000000000009
          0.000000000000000006          0.000000000000000012
         -0.000000000000000010         -0.000000000000000015
         -0.000000000000000038         -0.000000000000000004
          0.000000000000000021         -0.000000000000000003
         -0.000000000000000009          0.000000000000000014
         -0.029359502009147248         -0.083149272570487917
         -0.000000000001226725          0.000000000000581375
          0.664705506118699274          0.000000000000000000
          0.000000000001095646          0.000000000000023482
         -0.315520063671488715         -0.040204152131732673
          0.000000000000056719          0.000000000000036323
          0.074147975036389202          0.004904314221725867
         -0.000000000000108325          0.000000000000054685
         -0.008142591957766752         -0.000744787558335935
         -0.000000000000000142         -0.000000000000024031
          0.000092315327826844          0.000007558554342380
         -0.000000000000013859          0.000000000000002416
          0.000157389682914035          0.000013451441060887
         -0.000000000000005295          0.000000000000002462
         -0.000036557874599448         -0.000003070817793771
          0.000000000000000070          0.000000000000000182
          0.000005101759696048          0.000000431463981479
         -0.000000000000000101          0.000000000000000008
         -0.000000486875481523         -0.000000041068127868
          0.000000000000000493         -0.000000000000000228
          0.000000024891176042          0.000000002101766181
         -0.000000000000000033         -0.000000000000000970
          0.000000001551472103          0.000000000130950970
          0.000000000000000964         -0.000000000000000426
         -0.000000000590903852         -0.000000000049882783
          0.000000000000000162         -0.000000000000000131
          0.000000000088918057          0.000000000007505694
         -0.000000000000000439          0.000000000000000235
         -0.000000000009170740         -0.000000000000774176
         -0.000000000000000231         -0.000000000000000025
          0.000000000000637186          0.000000000000053895
          0.000000000000000827          0.000000000000000015
         -0.000000000000012902         -0.000000000000001133
         -0.000000000000000072          0.000000000000000132
         -0.000000000000004364         -0.000000000000000371
          0.000000000000000060          0.000000000000000005
          0.000000000000001106          0.000000000000000072
          0.000000000000000088         -0.000000000000000068
         -0.000000000000000097          0.000000000000000035
         -0.000000000000000102          0.000000000000000047
          0.000000000000000016         -0.000000000000000011
         -0.000000000000000173         -0.000000000000000001
         -0.000000000000000065         -0.000000000000000005
          0.000000000000000018         -0.000000000000000027
          0.000000000000000011          0.000000000000000006
          0.000000000000000033         -0.000000000000000015
         -0.000000000000000098         -0.000000000000000014
         -0.000000000000000021         -0.000000000000000015
         -0.000000000000000068         -0.000000000000000002
         -0.000000000000000049          0.000000000000000071
          0.000000000000000034          0.000000000000000012
          0.000000000000000041         -0.000000000000000024
         -0.000000000000000094         -0.000000000000000015
         -0.000000000000000016         -0.000000000000000014
         -0.000000000000000050         -0.000000000000000028
         -0.000000000000000026          0.000000000000000005
          0.000000000000000039         -0.000000000000000011
          0.000000000000000012         -0.000000000000000013
         -0.000000000000000024         -0.000000000000000031
         -0.000000000000000011          0.000000000000000019
          0.000000000000000058          0.000000000000000027
          0.000000000000000042          0.000000000000000008
          0.000000000000000028          0.000000000000000006
         -0.000000000000000016          0.000000000000000006
         -0.101387687289868494         -0.287140852775195410
          0.000000000001518901         -0.000000000000157543
          0.589130361325135410          0.000000000002117306
         -0.000000000001347956          0.000000000001266568
         -0.051391937984186058         -0.006548456122479597
          0.000000000000438362         -0.000000000000249134
         -0.031547982231449577         -0.002086654663882024
         -0.000000000000080852          0.000000000000035598
          0.011780477409735347          0.001077538092468762
          0.000000000000004961         -0.000000000000002027
         -0.002247172575301971         -0.000183993020584807
          0.000000000000000738         -0.000000000000000604
          0.000273188748794684          0.000023348305206118
         -0.000000000000000160          0.000000000000000355
         -0.000019236722987938         -0.000001615861750568
         -0.000000000000000047         -0.000000000000000169
         -0.000000405661304629         -0.000000034307426231
          0.000000000000000004          0.000000000000000460
          0.000000364836895420          0.000000030774127503
         -0.000000000000000279          0.000000000000000015
         -0.000000065338745175         -0.000000005517085997
          0.000000000000000074          0.000000000000000177
          0.000000007663423837          0.000000000646826268
         -0.000000000000000739          0.000000000000000026
         -0.000000000617385188         -0.000000000052118414
          0.000000000000000083         -0.000000000000000038
          0.000000000022096539          0.000000000001865198
          0.000000000000000660         -0.000000000000000083
          0.000000000003040705          0.000000000000256666
         -0.000000000000000101          0.000000000000000063
         -0.000000000000776322         -0.000000000000065587
         -0.000000000000000074         -0.000000000000000101
          0.000000000000102231          0.000000000000008651
         -0.000000000000000008          0.000000000000000038
         -0.000000000000009505         -0.000000000000000837
         -0.000000000000000004         -0.000000000000000027
          0.000000000000000504          0.000000000000000014
         -0.000000000000000134          0.000000000000000016
          0.000000000000000002          0.000000000000000030
          0.000000000000000008          0.000000000000000008
         -0.000000000000000044          0.000000000000000016
          0.000000000000000039          0.000000000000000022
         -0.000000000000000002          0.000000000000000001
         -0.000000000000000025          0.000000000000000001
         -0.000000000000000044          0.000000000000000009
         -0.000000000000000026         -0.000000000000000015
         -0.000000000000000020         -0.000000000000000007
          0.000000000000000021          0.000000000000000002
          0.000000000000000110          0.000000000000000031
         -0.000000000000000019          0.000000000000000002
          0.000000000000000025          0.000000000000000005
          0.000000000000000004         -0.000000000000000018
          0.000000000000000028          0.000000000000000012
          0.000000000000000009          0.000000000000000006
         -0.000000000000000037          0.000000000000000028
         -0.000000000000000005          0.000000000000000001
          0.000000000000000015          0.000000000000000013
         -0.000000000000000008          0.000000000000000016
          0.000000000000000063          0.000000000000000009
          0.000000000000000006         -0.000000000000000012
         -0.000000000000000010          0.000000000000000015
         -0.000000000000000038          0.000000000000000004
          0.000000000000000021          0.000000000000000003
         -0.000000000000000009         -0.000000000000000014
          0.000000000001188352         -0.000000000000004409
          0.519567257340080135          0.000000000000000027
         -0.000000000015859939         -0.000000000000003348
         -0.328105438774878078         -0.000000000000000025
          0.000000000007421437          0.000000000000000860
         -0.022564903407581560          0.000000000000000006
         -0.000000000001893107         -0.000000000000000215
          0.026442914855314800         -0.000000000000000001
          0.000000000000215792          0.000000000000000026
         -0.006395645849190992          0.000000000000000000
          0.000000000000001576          0.000000000000000000
          0.000976735278812215          0.000000000000000000
         -0.000000000000002097          0.000000000000000000
         -0.000093886935514068          0.000000000000000000
         -0.000000000000001206          0.000000000000000000
          0.000003468822300368          0.000000000000000000
         -0.000000000000003875          0.000000000000000000
          0.000000738297143657          0.000000000000000000
         -0.000000000000000055          0.000000000000000000
         -0.000000194871470547          0.000000000000000000
         -0.000000000000000879          0.000000000000000000
          0.000000027549318896          0.000000000000000000
         -0.000000000000000314          0.000000000000000000
         -0.000000002707146665          0.000000000000000000
         -0.000000000000000698          0.000000000000000000
          0.000000000165793345          0.000000000000000000
          0.000000000000000542          0.000000000000000000
          0.000000000001345211          0.000000000000000000
          0.000000000000000234          0.000000000000000000
         -0.000000000002082465          0.000000000000000000
         -0.000000000000000159          0.000000000000000000
          0.000000000000349194          0.000000000000000000
          0.000000000000000102          0.000000000000000000
         -0.000000000000038125          0.000000000000000000
          0.000000000000000092          0.000000000000000000
          0.000000000000002896          0.000000000000000000
         -0.000000000000000009          0.000000000000000000
          0.000000000000000063          0.000000000000000000
         -0.000000000000000017          0.000000000000000000
         -0.000000000000000005          0.000000000000000000
          0.000000000000000052          0.000000000000000000
         -0.000000000000000058          0.000000000000000000
         -0.000000000000000047          0.000000000000000000
          0.000000000000000017          0.000000000000000000
          0.000000000000000011          0.000000000000000000
          0.000000000000000062          0.000000000000000000
          0.000000000000000076          0.000000000000000000
          0.000000000000000028          0.000000000000000000
         -0.000000000000000024          0.000000000000000000
          0.000000000000000053          0.000000000000000000
         -0.000000000000000108          0.000000000000000000
          0.000000000000000058          0.000000000000000000
         -0.000000000000000018          0.000000000000000000
          0.000000000000000002          0.000000000000000000
          0.000000000000000046          0.000000000000000000
         -0.000000000000000003          0.000000000000000000
          0.000000000000000055          0.000000000000000000
          0.000000000000000023          0.000000000000000000
         -0.000000000000000025          0.000000000000000000
         -0.000000000000000027          0.000000000000000000
         -0.000000000000000024          0.000000000000000000
         -0.000000000000000015          0.000000000000000000
         -0.000000000000000017          0.000000000000000000
          0.000000000000000059          0.000000000000000000
         -0.000000000001735161          0.000000000000000938
         -0.328451188063402566          0.000000000000000030
         -0.000000000017995649         -0.000000000000000682
          0.690960997030047541          0.000000000000000000
          0.000000000001827981          0.000000000000000435
         -0.186502423109762394         -0.000000000000000014
          0.000000000000606218          0.000000000000000130
          0.032424255065401843          0.000000000000000003
         -0.000000000000246649         -0.000000000000000034
         -0.002140226867655067          0.000000000000000000
          0.000000000000047129          0.000000000000000007
         -0.000239861365487684          0.000000000000000000
         -0.000000000000006679         -0.000000000000000001
          0.000097552440765480          0.000000000000000000
          0.000000000000000835          0.000000000000000000
         -0.000016893503244607          0.000000000000000000
         -0.000000000000000659          0.000000000000000000
          0.000001954256112750          0.000000000000000000
         -0.000000000000001574          0.000000000000000000
         -0.000000146869703779          0.000000000000000000
          0.000000000000000300          0.000000000000000000
          0.000000002267314672          0.000000000000000000
         -0.000000000000000399          0.000000000000000000
          0.000000001414943658          0.000000000000000000
          0.000000000000000122          0.000000000000000000
         -0.000000000285941139          0.000000000000000000
         -0.000000000000000144          0.000000000000000000
          0.000000000035108781          0.000000000000000000
          0.000000000000000087          0.000000000000000000
         -0.000000000003031139          0.000000000000000000
         -0.000000000000000051          0.000000000000000000
          0.000000000000149866          0.000000000000000000
          0.000000000000000048          0.000000000000000000
          0.000000000000006088          0.000000000000000000
         -0.000000000000000041          0.000000000000000000
         -0.000000000000002414          0.000000000000000000
         -0.000000000000000002          0.000000000000000000
          0.000000000000000360          0.000000000000000000
          0.000000000000000000          0.000000000000000000
         -0.000000000000000102          0.000000000000000000
         -0.000000000000000022          0.000000000000000000
          0.000000000000000013          0.000000000000000000
         -0.000000000000000006          0.000000000000000000
         -0.000000000000000007          0.000000000000000000
         -0.000000000000000037          0.000000000000000000
          0.000000000000000048          0.000000000000000000
          0.000000000000000053          0.000000000000000000
         -0.000000000000000006          0.000000000000000000
          0.000000000000000108          0.000000000000000000
          0.000000000000000025          0.000000000000000000
         -0.000000000000000017          0.000000000000000000
          0.000000000000000021          0.000000000000000000
         -0.000000000000000029          0.000000000000000000
         -0.000000000000000027          0.000000000000000000
          0.000000000000000028          0.000000000000000000
          0.000000000000000000          0.000000000000000000
          0.000000000000000060          0.000000000000000000
         -0.000000000000000030          0.000000000000000000
          0.000000000000000000          0.000000000000000000
         -0.000000000000000048          0.000000000000000000
         -0.000000000000000012          0.000000000000000000
          0.000000000000000005          0.000000000000000000
          0.000000000000000056          0.000000000000000000
          0.000000000000000022          0.000000000000000000
          0.827569225866688463          0.000000000000000000
          0.000000000001348089         -0.000000000004877402
          0.041855379871691190          0.301280306170197909
          0.000000000001003709          0.000000000003565953
          0.021176281180381121         -0.026910438211574468
          0.000000000000009024         -0.000000000000255808
          0.005726231850363745         -0.016317892081449407
         -0.000000000000020206         -0.000000000000228711
         -0.003251670154498770          0.006122352681049653
         -0.000000000000001239          0.000000000000088023
          0.000539818280143817         -0.001165817997193036
         -0.000000000000001431         -0.000000000000008596
         -0.000069296776904415          0.000141824348403734
          0.000000000000001473          0.000000000000000782
          0.000004774004924481         -0.000009983864277603
          0.000000000000000888          0.000000000000001119
          0.000000101541910435         -0.000000210560765563
         -0.000000000000000154          0.000000000000000328
         -0.000000091021105262          0.000000189362755830
         -0.000000000000000301         -0.000000000000000292
          0.000000016322448942         -0.000000033913588521
         -0.000000000000000865          0.000000000000000726
         -0.000000001913449419          0.000000003977617224
         -0.000000000000000075          0.000000000000000142
          0.000000000154183446         -0.000000000320448300
         -0.000000000000000276          0.000000000000000060
         -0.000000000005517897          0.000000000011469158
         -0.000000000000000016          0.000000000000000082
         -0.000000000000759322          0.000000000001578217
         -0.000000000000000114         -0.000000000000000019
          0.000000000000194109         -0.000000000000403268
          0.000000000000000027         -0.000000000000000122
         -0.000000000000025442          0.000000000000052987
          0.000000000000000089         -0.000000000000000014
          0.000000000000002401         -0.000000000000004907
         -0.000000000000000053         -0.000000000000000088
         -0.000000000000000270          0.000000000000000287
         -0.000000000000000112         -0.000000000000000074
         -0.000000000000000006         -0.000000000000000038
         -0.000000000000000040         -0.000000000000000085
          0.000000000000000028          0.000000000000000005
         -0.000000000000000010         -0.000000000000000012
         -0.000000000000000070          0.000000000000000002
         -0.000000000000000031         -0.000000000000000070
          0.000000000000000027          0.000000000000000017
          0.000000000000000087          0.000000000000000010
         -0.000000000000000012         -0.000000000000000017
          0.000000000000000024         -0.000000000000000035
         -0.000000000000000042         -0.000000000000000009
         -0.000000000000000010         -0.000000000000000177
         -0.000000000000000036         -0.000000000000000046
          0.000000000000000048          0.000000000000000072
         -0.000000000000000023         -0.000000000000000001
          0.000000000000000001          0.000000000000000004
         -0.000000000000000023          0.000000000000000021
         -0.000000000000000042          0.000000000000000012
         -0.000000000000000001          0.000000000000000052
          0.000000000000000030         -0.000000000000000001
         -0.000000000000000021          0.000000000000000031
          0.000000000000000044         -0.000000000000000020
          0.000000000000000003         -0.000000000000000028
          0.000000000000000011          0.000000000000000001
         -0.000000000000000040          0.000000000000000001
          0.000000000000000031         -0.000000000000000004
         -0.239644684693913534          0.000000000004952663
         -0.000000000000228254          0.000000000001359835
         -0.047224694740281098         -0.339929311944082213
         -0.000000000000647110         -0.000000000006292270
         -0.130011473524979881          0.165216248075228722
          0.000000000000080463          0.000000000001713634
          0.013458499288244033         -0.038352330935772942
         -0.000000000000040619         -0.000000000000331173
         -0.002247533977772039          0.004231731701125193
          0.000000000000003389          0.000000000000029642
          0.000022176090129776         -0.000047892570388880
          0.000000000000000077          0.000000000000000770
          0.000039923305003745         -0.000081707937536235
         -0.000000000000000311         -0.000000000000000988
         -0.000009072619773114          0.000018973546511013
         -0.000000000000000096          0.000000000000000186
          0.000001277031911171         -0.000002648096857073
          0.000000000000000228         -0.000000000000000252
         -0.000000121467825262          0.000000252704932884
         -0.000000000000000036         -0.000000000000000287
          0.000000006218132109         -0.000000012919578919
         -0.000000000000000042         -0.000000000000000053
          0.000000000387380912         -0.000000000805274779
         -0.000000000000000108          0.000000000000000112
         -0.000000000147570089          0.000000000306703368
         -0.000000000000000028          0.000000000000000094
          0.000000000022203879         -0.000000000046151822
          0.000000000000000089          0.000000000000000050
         -0.000000000002290251          0.000000000004760211
         -0.000000000000000048         -0.000000000000000223
          0.000000000000159145         -0.000000000000330639
         -0.000000000000000034          0.000000000000000118
         -0.000000000000003103          0.000000000000006515
          0.000000000000000024         -0.000000000000000030
         -0.000000000000001142          0.000000000000002268
         -0.000000000000000015          0.000000000000000017
          0.000000000000000283         -0.000000000000000512
          0.000000000000000288          0.000000000000000216
         -0.000000000000000132          0.000000000000000039
         -0.000000000000000145          0.000000000000000057
         -0.000000000000000028          0.000000000000000024
         -0.000000000000000101          0.000000000000000001
         -0.000000000000000038         -0.000000000000000053
          0.000000000000000082          0.000000000000000005
         -0.000000000000000019          0.000000000000000006
          0.000000000000000015          0.000000000000000072
         -0.000000000000000009          0.000000000000000012
          0.000000000000000027         -0.000000000000000071
         -0.000000000000000094          0.000000000000000033
         -0.000000000000000001          0.000000000000000011
         -0.000000000000000047          0.000000000000000016
          0.000000000000000038          0.000000000000000005
         -0.000000000000000023          0.000000000000000023
          0.000000000000000007          0.000000000000000004
          0.000000000000000027         -0.000000000000000038
          0.000000000000000011         -0.000000000000000011
         -0.000000000000000004          0.000000000000000031
         -0.000000000000000146         -0.000000000000000021
         -0.000000000000000012         -0.000000000000000026
          0.000000000000000045         -0.000000000000000001
         -0.000000000000000037         -0.000000000000000018
         -0.000000000000000023         -0.000000000000000010
          0.000000000000000071         -0.000000000000000011
          0.000000000000000014          0.000000000000000001
          0.827569225866688574          0.000000000000000000
          0.000000000001347999          0.000000000004877501
          0.041855379871689788         -0.301280306170197132
          0.000000000001003534         -0.000000000003565792
          0.021176281180381364          0.026910438211574423
          0.000000000000009054          0.000000000000255703
          0.005726231850363865          0.016317892081449417
         -0.000000000000020161          0.000000000000228695
         -0.003251670154498808         -0.006122352681049661
         -0.000000000000001252         -0.000000000000088024
          0.000539818280143823          0.001165817997193038
         -0.000000000000001432          0.000000000000008597
         -0.000069296776904415         -0.000141824348403734
          0.000000000000001476         -0.000000000000000784
          0.000004774004924480          0.000009983864277604
          0.000000000000000894         -0.000000000000001123
          0.000000101541910435          0.000000210560765563
         -0.000000000000000155         -0.000000000000000328
         -0.000000091021105262         -0.000000189362755830
         -0.000000000000000301          0.000000000000000292
          0.000000016322448942          0.000000033913588521
         -0.000000000000000865         -0.000000000000000726
         -0.000000001913449419         -0.000000003977617224
         -0.000000000000000075         -0.000000000000000142
          0.000000000154183446          0.000000000320448300
         -0.000000000000000276         -0.000000000000000060
         -0.000000000005517897         -0.000000000011469158
         -0.000000000000000016         -0.000000000000000082
         -0.000000000000759322         -0.000000000001578217
         -0.000000000000000114          0.000000000000000019
          0.000000000000194109          0.000000000000403268
          0.000000000000000027          0.000000000000000122
         -0.000000000000025442         -0.000000000000052987
          0.000000000000000089          0.000000000000000014
          0.000000000000002401          0.000000000000004907
         -0.000000000000000053          0.000000000000000088
         -0.000000000000000270         -0.000000000000000287
         -0.000000000000000112          0.000000000000000074
         -0.000000000000000006          0.000000000000000038
         -0.000000000000000040          0.000000000000000085
          0.000000000000000028         -0.000000000000000005
         -0.000000000000000010          0.000000000000000012
         -0.000000000000000070         -0.000000000000000002
         -0.000000000000000031          0.000000000000000070
          0.000000000000000027         -0.000000000000000017
          0.000000000000000087         -0.000000000000000010
         -0.000000000000000012          0.000000000000000017
          0.000000000000000024          0.000000000000000035
         -0.000000000000000042          0.000000000000000009
         -0.000000000000000010          0.000000000000000177
         -0.000000000000000036          0.000000000000000046
          0.000000000000000048         -0.000000000000000072
         -0.000000000000000023          0.000000000000000001
          0.000000000000000001         -0.000000000000000004
         -0.000000000000000023         -0.000000000000000021
         -0.000000000000000042         -0.000000000000000012
         -0.000000000000000001         -0.000000000000000052
          0.000000000000000030          0.000000000000000001
         -0.000000000000000021         -0.000000000000000031
          0.000000000000000044          0.000000000000000020
          0.000000000000000003          0.000000000000000028
          0.000000000000000011         -0.000000000000000001
         -0.000000000000000040         -0.000000000000000001
          0.000000000000000031          0.000000000000000004
         -0.239644684693913534         -0.000000000004952538
         -0.000000000000228395         -0.000000000001359698
         -0.047224694740279238          0.339929311944081936
         -0.000000000000647165          0.000000000006292371
         -0.130011473524980936         -0.165216248075228972
          0.000000000000080509         -0.000000000001713707
          0.013458499288244245          0.038352330935772970
         -0.000000000000040616          0.000000000000331178
         -0.002247533977772063         -0.004231731701125196
          0.000000000000003377         -0.000000000000029633
          0.000022176090129775          0.000047892570388880
          0.000000000000000045         -0.000000000000000747
          0.000039923305003747          0.000081707937536235
         -0.000000000000000295          0.000000000000000977
         -0.000009072619773115         -0.000018973546511013
         -0.000000000000000101         -0.000000000000000183
          0.000001277031911171          0.000002648096857073
          0.000000000000000228          0.000000000000000252
         -0.000000121467825262         -0.000000252704932884
         -0.000000000000000037          0.000000000000000287
          0.000000006218132109          0.000000012919578919
         -0.000000000000000042          0.000000000000000053
          0.000000000387380912          0.000000000805274779
         -0.000000000000000108         -0.000000000000000112
         -0.000000000147570089         -0.000000000306703368
         -0.000000000000000028         -0.000000000000000094
          0.000000000022203879          0.000000000046151822
          0.000000000000000089         -0.000000000000000050
         -0.000000000002290251         -0.000000000004760211
         -0.000000000000000048          0.000000000000000223
          0.000000000000159145          0.000000000000330639
         -0.000000000000000034         -0.000000000000000118
         -0.000000000000003103         -0.000000000000006515
          0.000000000000000024          0.000000000000000030
         -0.000000000000001142         -0.000000000000002268
         -0.000000000000000015         -0.000000000000000017
          0.000000000000000283          0.000000000000000512
          0.000000000000000288         -0.000000000000000216
         -0.000000000000000132         -0.000000000000000039
         -0.000000000000000145         -0.000000000000000057
         -0.000000000000000028         -0.000000000000000024
         -0.000000000000000101         -0.000000000000000001
         -0.000000000000000038          0.000000000000000053
          0.000000000000000082         -0.000000000000000005
         -0.000000000000000019         -0.000000000000000006
          0.000000000000000015         -0.000000000000000072
         -0.000000000000000009         -0.000000000000000012
          0.000000000000000027          0.000000000000000071
         -0.000000000000000094         -0.000000000000000033
         -0.000000000000000001         -0.000000000000000011
         -0.000000000000000047         -0.000000000000000016
          0.000000000000000038         -0.000000000000000005
         -0.000000000000000023         -0.000000000000000023
          0.000000000000000007         -0.000000000000000004
          0.000000000000000027          0.000000000000000038
          0.000000000000000011          0.000000000000000011
         -0.000000000000000004         -0.000000000000000031
         -0.000000000000000146          0.000000000000000021
         -0.000000000000000012          0.000000000000000026
          0.000000000000000045          0.000000000000000001
         -0.000000000000000037          0.000000000000000018
         -0.000000000000000023          0.000000000000000010
          0.000000000000000071          0.000000000000000011
          0.000000000000000014         -0.000000000000000001
          0.000000000005013724         -0.000000000000005419
          0.436593289301328458          0.000000000000000034
         -0.000000000009209007         -0.000000000000001300
         -0.357388850036158501         -0.000000000000000042
          0.000000000003849435          0.000000000000000310
         -0.023113547062437755          0.000000000000000010
         -0.000000000000971650         -0.000000000000000195
          0.027934331308026951         -0.000000000000000002
          0.000000000000083708          0.000000000000000045
         -0.006679678507657136          0.000000000000000000
          0.000000000000007381         -0.000000000000000005
          0.001024501685439129          0.000000000000000000
         -0.000000000000001479          0.000000000000000000
         -0.000098312450667761          0.000000000000000000
         -0.000000000000001682          0.000000000000000000
          0.000003634810568865          0.000000000000000000
         -0.000000000000003868          0.000000000000000000
          0.000000773424058330          0.000000000000000000
         -0.000000000000000143          0.000000000000000000
         -0.000000204164173356          0.000000000000000000
         -0.000000000000000803          0.000000000000000000
          0.000000028861884674          0.000000000000000000
         -0.000000000000000353          0.000000000000000000
         -0.000000002836171245          0.000000000000000000
         -0.000000000000000667          0.000000000000000000
          0.000000000173694215          0.000000000000000000
          0.000000000000000527          0.000000000000000000
          0.000000000001409291          0.000000000000000000
          0.000000000000000270          0.000000000000000000
         -0.000000000002181759          0.000000000000000000
         -0.000000000000000172          0.000000000000000000
          0.000000000000365850          0.000000000000000000
          0.000000000000000101          0.000000000000000000
         -0.000000000000039976          0.000000000000000000
          0.000000000000000090          0.000000000000000000
          0.000000000000003049          0.000000000000000000
         -0.000000000000000014          0.000000000000000000
          0.000000000000000058          0.000000000000000000
         -0.000000000000000013          0.000000000000000000
         -0.000000000000000009          0.000000000000000000
          0.000000000000000061          0.000000000000000000
         -0.000000000000000064          0.000000000000000000
         -0.000000000000000041          0.000000000000000000
          0.000000000000000014          0.000000000000000000
          0.000000000000000009          0.000000000000000000
          0.000000000000000061          0.000000000000000000
          0.000000000000000067          0.000000000000000000
          0.000000000000000029          0.000000000000000000
         -0.000000000000000024          0.000000000000000000
          0.000000000000000056          0.000000000000000000
         -0.000000000000000120          0.000000000000000000
          0.000000000000000069          0.000000000000000000
         -0.000000000000000020          0.000000000000000000
         -0.000000000000000008          0.000000000000000000
          0.000000000000000046          0.000000000000000000
         -0.000000000000000006          0.000000000000000000
          0.000000000000000066          0.000000000000000000
          0.000000000000000023          0.000000000000000000
         -0.000000000000000028          0.000000000000000000
         -0.000000000000000025          0.000000000000000000
         -0.000000000000000031          0.000000000000000000
         -0.000000000000000014          0.000000000000000000
         -0.000000000000000017          0.000000000000000000
          0.000000000000000065          0.000000000000000000
         -0.000000000004959233          0.000000000000000997
         -0.275998116790508174          0.000000000000000035
         -0.000000000010979615         -0.000000000000001306
          0.752629267807650049          0.000000000000000000
          0.000000000000028581          0.000000000000001208
         -0.191037047928759973         -0.000000000000000013
          0.000000000000421964         -0.000000000000000087
          0.034253027261488878          0.000000000000000003
         -0.000000000000133937          0.000000000000000001
         -0.002235275020923444          0.000000000000000000
          0.000000000000022021          0.000000000000000004
         -0.000251591581203444          0.000000000000000000
         -0.000000000000002966         -0.000000000000000001
          0.000102150735539053          0.000000000000000000
          0.000000000000000344          0.000000000000000000
         -0.000017701882315092          0.000000000000000000
         -0.000000000000000770          0.000000000000000000
          0.000002047236274292          0.000000000000000000
         -0.000000000000001459          0.000000000000000000
         -0.000000153873378916          0.000000000000000000
          0.000000000000000310          0.000000000000000000
          0.000000002375339098          0.000000000000000000
         -0.000000000000000384          0.000000000000000000
          0.000000001482380868          0.000000000000000000
          0.000000000000000212          0.000000000000000000
         -0.000000000299567412          0.000000000000000000
         -0.000000000000000147          0.000000000000000000
          0.000000000036781924          0.000000000000000000
          0.000000000000000117          0.000000000000000000
         -0.000000000003175584          0.000000000000000000
         -0.000000000000000058          0.000000000000000000
          0.000000000000157009          0.000000000000000000
          0.000000000000000051          0.000000000000000000
          0.000000000000006385          0.000000000000000000
         -0.000000000000000042          0.000000000000000000
         -0.000000000000002505          0.000000000000000000
         -0.000000000000000008          0.000000000000000000
          0.000000000000000376          0.000000000000000000
         -0.000000000000000001          0.000000000000000000
         -0.000000000000000104          0.000000000000000000
         -0.000000000000000026          0.000000000000000000
          0.000000000000000016          0.000000000000000000
          0.000000000000000002          0.000000000000000000
         -0.000000000000000009          0.000000000000000000
         -0.000000000000000041          0.000000000000000000
          0.000000000000000043          0.000000000000000000
          0.000000000000000050          0.000000000000000000
         -0.000000000000000003          0.000000000000000000
          0.000000000000000112          0.000000000000000000
          0.000000000000000022          0.000000000000000000
         -0.000000000000000025          0.000000000000000000
          0.000000000000000026          0.000000000000000000
         -0.000000000000000029          0.000000000000000000
         -0.000000000000000026          0.000000000000000000
          0.000000000000000025          0.000000000000000000
          0.000000000000000000          0.000000000000000000
          0.000000000000000076          0.000000000000000000
         -0.000000000000000029          0.000000000000000000
         -0.000000000000000001          0.000000000000000000
         -0.000000000000000043          0.000000000000000000
         -0.000000000000000020          0.000000000000000000
          0.000000000000000007          0.000000000000000000
          0.000000000000000065          0.000000000000000000
          0.000000000000000018          0.000000000000000000
          0.000000000000714829         -0.000000000000804314
         -0.210641757634181304         -0.273376957517917740
          0.000000000000088149          0.000000000005008183
          0.670526102946504832          0.000000000000000000
          0.000000000000480600         -0.000000000002218927
         -0.167460788174750769         -0.042474614007187786
         -0.000000000000113777          0.000000000000470350
          0.030257632439133077          0.003724662659486302
          0.000000000000043122         -0.000000000000043512
         -0.001968633739064994         -0.000335841122174189
         -0.000000000000001714         -0.000000000000005853
         -0.000221837683470943         -0.000033862961832979
          0.000000000000000805          0.000000000000000703
          0.000090030443844344          0.000014377187180465
          0.000000000000000666         -0.000000000000000305
         -0.000015604321694134         -0.000002447384398701
          0.000000000000002547          0.000000000000000550
          0.000001804526925757          0.000000284987497656
          0.000000000000001035         -0.000000000000000559
         -0.000000135634642620         -0.000000021362226600
          0.000000000000000419          0.000000000000000189
          0.000000002093765087          0.000000000330115448
          0.000000000000000524         -0.000000000000000068
          0.000000001306664864          0.000000000205930884
          0.000000000000000834          0.000000000000000057
         -0.000000000264057900         -0.000000000041622505
         -0.000000000000000784         -0.000000000000000224
          0.000000000032421469          0.000000000005110107
         -0.000000000000000759         -0.000000000000000091
         -0.000000000002798936         -0.000000000000441113
          0.000000000000000077         -0.000000000000000071
          0.000000000000138010          0.000000000000021794
         -0.000000000000000159         -0.000000000000000030
          0.000000000000005577          0.000000000000000862
         -0.000000000000000138         -0.000000000000000021
         -0.000000000000002345         -0.000000000000000359
          0.000000000000000012          0.000000000000000071
          0.000000000000000331          0.000000000000000069
          0.000000000000000019          0.000000000000000013
         -0.000000000000000042          0.000000000000000001
          0.000000000000000001         -0.000000000000000036
          0.000000000000000132          0.000000000000000107
          0.000000000000000071          0.000000000000000017
         -0.000000000000000067         -0.000000000000000003
         -0.000000000000000027         -0.000000000000000004
         -0.000000000000000039         -0.000000000000000002
          0.000000000000000082          0.000000000000000059
         -0.000000000000000005          0.000000000000000004
          0.000000000000000003          0.000000000000000026
         -0.000000000000000070         -0.000000000000000016
          0.000000000000000137          0.000000000000000108
          0.000000000000000076          0.000000000000000010
         -0.000000000000000006         -0.000000000000000005
          0.000000000000000026         -0.000000000000000009
          0.000000000000000063          0.000000000000000023
         -0.000000000000000001         -0.000000000000000001
         -0.000000000000000068          0.000000000000000007
         -0.000000000000000053          0.000000000000000013
          0.000000000000000063          0.000000000000000009
          0.000000000000000001         -0.000000000000000005
          0.000000000000000065          0.000000000000000005
          0.000000000000000028          0.000000000000000003
          0.000000000000000001          0.000000000000000001
         -0.000000000000000108         -0.000000000000000020
          0.000000000002723678          0.000000000002672445
         -0.333207990324088099         -0.432446954677536355
          0.000000000000551504          0.000000000004461616
          0.318401852148034237          0.000000000003835682
          0.000000000000055849         -0.000000000000055584
          0.020261058525576768          0.005138997908057436
          0.000000000000053113         -0.000000000000261969
         -0.024675971635878750         -0.003037569787316970
         -0.000000000000047199          0.000000000000075931
          0.005882873629810129          0.001003594951297595
          0.000000000000011069         -0.000000000000010098
         -0.000903341357868033         -0.000137892775675901
         -0.000000000000004420          0.000000000000002919
          0.000086647575486721          0.000013836968454344
         -0.000000000000001462         -0.000000000000000580
         -0.000003204108602985         -0.000000502532924479
          0.000000000000001776         -0.000000000000000069
         -0.000000681731050271         -0.000000107665240997
          0.000000000000001591          0.000000000000000742
          0.000000179964429578          0.000000028344092384
         -0.000000000000000462          0.000000000000000044
         -0.000000025440591887         -0.000000004011120607
         -0.000000000000000114          0.000000000000000015
          0.000000002499982281          0.000000000393998313
         -0.000000000000000251          0.000000000000000053
         -0.000000000153103912         -0.000000000024133232
          0.000000000000000265         -0.000000000000000022
         -0.000000000001242187         -0.000000000000195839
         -0.000000000000000418          0.000000000000000024
          0.000000000001923164          0.000000000000303022
          0.000000000000000263          0.000000000000000015
         -0.000000000000322291         -0.000000000000050796
         -0.000000000000000062          0.000000000000000019
          0.000000000000035383          0.000000000000005599
         -0.000000000000000003          0.000000000000000018
         -0.000000000000002739         -0.000000000000000408
          0.000000000000000065          0.000000000000000063
          0.000000000000000263          0.000000000000000037
         -0.000000000000000052         -0.000000000000000027
         -0.000000000000000003          0.000000000000000000
         -0.000000000000000009          0.000000000000000032
         -0.000000000000000025          0.000000000000000000
          0.000000000000000045         -0.000000000000000029
         -0.000000000000000020          0.000000000000000003
          0.000000000000000010         -0.000000000000000008
         -0.000000000000000045          0.000000000000000039
          0.000000000000000020          0.000000000000000040
          0.000000000000000020         -0.000000000000000025
         -0.000000000000000051         -0.000000000000000043
         -0.000000000000000010          0.000000000000000000
          0.000000000000000045          0.000000000000000003
          0.000000000000000078          0.000000000000000017
         -0.000000000000000056         -0.000000000000000018
          0.000000000000000007         -0.000000000000000007
         -0.000000000000000048         -0.000000000000000014
          0.000000000000000013         -0.000000000000000010
         -0.000000000000000052          0.000000000000000032
          0.000000000000000044         -0.000000000000000013
          0.000000000000000009          0.000000000000000010
          0.000000000000000021         -0.000000000000000001
          0.000000000000000030          0.000000000000000002
          0.000000000000000036          0.000000000000000004
         -0.000000000000000071         -0.000000000000000002
         -0.000000000000000013         -0.000000000000000002
          0.000000000000714432          0.000000000000804540
         -0.210641757634180832          0.273376957517917518
          0.000000000000089023         -0.000000000005007639
          0.670526102946504943          0.000000000000000000
          0.000000000000480245          0.000000000002218541
         -0.167460788174750796          0.042474614007187696
         -0.000000000000113724         -0.000000000000470285
          0.030257632439133080         -0.003724662659486331
          0.000000000000043122          0.000000000000043504
         -0.001968633739064993          0.000335841122174190
         -0.000000000000001716          0.000000000000005853
         -0.000221837683470943          0.000033862961832979
          0.000000000000000805         -0.000000000000000702
          0.000090030443844344         -0.000014377187180465
          0.000000000000000666          0.000000000000000305
         -0.000015604321694134          0.000002447384398701
          0.000000000000002547         -0.000000000000000550
          0.000001804526925757         -0.000000284987497656
          0.000000000000001035          0.000000000000000559
         -0.000000135634642620          0.000000021362226600
          0.000000000000000419         -0.000000000000000189
          0.000000002093765087         -0.000000000330115448
          0.000000000000000524          0.000000000000000068
          0.000000001306664864         -0.000000000205930884
          0.000000000000000834         -0.000000000000000057
         -0.000000000264057900          0.000000000041622505
         -0.000000000000000784          0.000000000000000224
          0.000000000032421469         -0.000000000005110107
         -0.000000000000000759          0.000000000000000091
         -0.000000000002798936          0.000000000000441113
          0.000000000000000077          0.000000000000000071
          0.000000000000138010         -0.000000000000021794
         -0.000000000000000159          0.000000000000000030
          0.000000000000005577         -0.000000000000000862
         -0.000000000000000138          0.000000000000000021
         -0.000000000000002345          0.000000000000000359
          0.000000000000000012         -0.000000000000000071
          0.000000000000000331         -0.000000000000000069
          0.000000000000000019         -0.000000000000000013
         -0.000000000000000042         -0.000000000000000001
          0.000000000000000001          0.000000000000000036
          0.000000000000000132         -0.000000000000000107
          0.000000000000000071         -0.000000000000000017
         -0.000000000000000067          0.000000000000000003
         -0.000000000000000027          0.000000000000000004
         -0.000000000000000039          0.000000000000000002
          0.000000000000000082         -0.000000000000000059
         -0.000000000000000005         -0.000000000000000004
          0.000000000000000003         -0.000000000000000026
         -0.000000000000000070          0.000000000000000016
          0.000000000000000137         -0.000000000000000108
          0.000000000000000076         -0.000000000000000010
         -0.000000000000000006          0.000000000000000005
          0.000000000000000026          0.000000000000000009
          0.000000000000000063         -0.000000000000000023
         -0.000000000000000001          0.000000000000000001
         -0.000000000000000068         -0.000000000000000007
         -0.000000000000000053         -0.000000000000000013
          0.000000000000000063         -0.000000000000000009
          0.000000000000000001          0.000000000000000005
          0.000000000000000065         -0.000000000000000005
          0.000000000000000028         -0.000000000000000003
          0.000000000000000001         -0.000000000000000001
         -0.000000000000000108          0.000000000000000020
          0.000000000002723768         -0.000000000002672316
         -0.333207990324087377          0.432446954677535911
          0.000000000000551763         -0.000000000004461284
          0.318401852148034126         -0.000000000003835719
          0.000000000000056000          0.000000000000055499
          0.020261058525576778         -0.005138997908057416
          0.000000000000053043          0.000000000000261937
         -0.024675971635878754          0.003037569787316983
         -0.000000000000047182         -0.000000000000075919
          0.005882873629810130         -0.001003594951297597
          0.000000000000011067          0.000000000000010096
         -0.000903341357868034          0.000137892775675899
         -0.000000000000004420         -0.000000000000002919
          0.000086647575486721         -0.000013836968454344
         -0.000000000000001462          0.000000000000000580
         -0.000003204108602985          0.000000502532924479
          0.000000000000001776          0.000000000000000069
         -0.000000681731050271          0.000000107665240997
          0.000000000000001591         -0.000000000000000742
          0.000000179964429578         -0.000000028344092384
         -0.000000000000000462         -0.000000000000000044
         -0.000000025440591887          0.000000004011120607
         -0.000000000000000114         -0.000000000000000015
          0.000000002499982281         -0.000000000393998313
         -0.000000000000000251         -0.000000000000000053
         -0.000000000153103912          0.000000000024133232
          0.000000000000000265          0.000000000000000022
         -0.000000000001242187          0.000000000000195839
         -0.000000000000000418         -0.000000000000000024
          0.000000000001923164         -0.000000000000303022
          0.000000000000000263         -0.000000000000000015
         -0.000000000000322291          0.000000000000050796
         -0.000000000000000062         -0.000000000000000019
          0.000000000000035383         -0.000000000000005599
         -0.000000000000000003         -0.000000000000000018
         -0.000000000000002739          0.000000000000000408
          0.000000000000000065         -0.000000000000000063
          0.000000000000000263         -0.000000000000000037
         -0.000000000000000052          0.000000000000000027
         -0.000000000000000003          0.000000000000000000
         -0.000000000000000009         -0.000000000000000032
         -0.000000000000000025          0.000000000000000000
          0.000000000000000045          0.000000000000000029
         -0.000000000000000020         -0.000000000000000003
          0.000000000000000010          0.000000000000000008
         -0.000000000000000045         -0.000000000000000039
          0.000000000000000020         -0.000000000000000040
          0.000000000000000020          0.000000000000000025
         -0.000000000000000051          0.000000000000000043
         -0.000000000000000010          0.000000000000000000
          0.000000000000000045         -0.000000000000000003
          0.000000000000000078         -0.000000000000000017
         -0.000000000000000056          0.000000000000000018
          0.000000000000000007          0.000000000000000007
         -0.000000000000000048          0.000000000000000014
          0.000000000000000013          0.000000000000000010
         -0.000000000000000052         -0.000000000000000032
          0.000000000000000044          0.000000000000000013
          0.000000000000000009         -0.000000000000000010
          0.000000000000000021          0.000000000000000001
          0.000000000000000030         -0.000000000000000002
          0.000000000000000036         -0.000000000000000004
         -0.000000000000000071          0.000000000000000002
         -0.000000000000000013          0.000000000000000002
         -0.086025926925390434          0.000000000000000371
          0.000000000000028169          0.000000000000000000
          0.150719151700267201         -0.000000000000002401
          0.000000000000088423          0.000000000000000001
         -0.154596613431417007          0.000000000000013774
         -0.000000000000000142         -0.000000000000000005
         -0.047355463351989605         -0.000000000000001315
         -0.000000000000020557          0.000000000000000084
          0.024974256108166854          0.000000000000000178
          0.000000000000027052         -0.000000000000000016
         -0.004252273175408050          0.000000000000000008
          0.000000000000012762         -0.000000000000000004
          0.000540326394966255         -0.000000000000000005
          0.000000000000003248          0.000000000000000006
         -0.000037364853034753         -0.000000000000000001
         -0.000000000000000512          0.000000000000000010
         -0.000000793511853639          0.000000000000000000
         -0.000000000000000041          0.000000000000000000
          0.000000711718979262          0.000000000000000000
         -0.000000000000000633          0.000000000000000000
         -0.000000127599858229          0.000000000000000000
          0.000000000000001955          0.000000000000000000
          0.000000014959661899          0.000000000000000000
         -0.000000000000000579          0.000000000000000000
         -0.000000001205391026          0.000000000000000000
          0.000000000000000528          0.000000000000000000
          0.000000000043139588          0.000000000000000000
         -0.000000000000000037          0.000000000000000000
          0.000000000005936379          0.000000000000000000
         -0.000000000000000111          0.000000000000000000
         -0.000000000001516463          0.000000000000000000
         -0.000000000000000129          0.000000000000000000
          0.000000000000199451          0.000000000000000000
          0.000000000000000022          0.000000000000000000
         -0.000000000000018438          0.000000000000000000
          0.000000000000000030          0.000000000000000000
          0.000000000000001126          0.000000000000000000
         -0.000000000000000058          0.000000000000000000
          0.000000000000000001          0.000000000000000000
          0.000000000000000092          0.000000000000000000
          0.000000000000000086          0.000000000000000000
         -0.000000000000000004          0.000000000000000000
          0.000000000000000041          0.000000000000000000
         -0.000000000000000165          0.000000000000000000
          0.000000000000000075          0.000000000000000000
         -0.000000000000000006          0.000000000000000000
         -0.000000000000000066          0.000000000000000000
         -0.000000000000000101          0.000000000000000000
          0.000000000000000014          0.000000000000000000
         -0.000000000000000077          0.000000000000000000
         -0.000000000000000125          0.000000000000000000
          0.000000000000000066          0.000000000000000000
          0.000000000000000054          0.000000000000000000
          0.000000000000000053          0.000000000000000000
          0.000000000000000035          0.000000000000000000
          0.000000000000000072          0.000000000000000000
          0.000000000000000113          0.000000000000000000
          0.000000000000000005          0.000000000000000000
          0.000000000000000038          0.000000000000000000
         -0.000000000000000072          0.000000000000000000
         -0.000000000000000034          0.000000000000000000
         -0.000000000000000005          0.000000000000000000
          0.000000000000000012          0.000000000000000000
          0.000000000000000011          0.000000000000000000
          0.024911095635492351          0.000000000000000506
         -0.000000000000066755          0.000000000000000000
         -0.170053788729950917         -0.000000000000001464
         -0.000000000000238795          0.000000000000000002
          0.949143682951890666          0.000000000000000000
          0.000000000000029553         -0.000000000000000001
         -0.111300674932755556          0.000000000000001027
         -0.000000000000007401         -0.000000000000000044
          0.017262048887642750         -0.000000000000000393
          0.000000000000000636         -0.000000000000000025
         -0.000174686179924847          0.000000000000000058
          0.000000000000000537         -0.000000000000000060
         -0.000311293200521352         -0.000000000000000005
          0.000000000000000285          0.000000000000000030
          0.000071008955765977          0.000000000000000000
         -0.000000000000000088         -0.000000000000000009
         -0.000009979524098958          0.000000000000000000
         -0.000000000000000209          0.000000000000000000
          0.000000949790240494          0.000000000000000000
         -0.000000000000000130          0.000000000000000000
         -0.000000048609910215          0.000000000000000000
          0.000000000000000429          0.000000000000000000
         -0.000000003028606772          0.000000000000000000
          0.000000000000000253          0.000000000000000000
          0.000000001153688179          0.000000000000000000
          0.000000000000000133          0.000000000000000000
         -0.000000000173592282          0.000000000000000000
         -0.000000000000000152          0.000000000000000000
          0.000000000017904948          0.000000000000000000
         -0.000000000000000393          0.000000000000000000
         -0.000000000001243980          0.000000000000000000
          0.000000000000000091          0.000000000000000000
          0.000000000000024575          0.000000000000000000
          0.000000000000000085          0.000000000000000000
          0.000000000000008590          0.000000000000000000
          0.000000000000000111          0.000000000000000000
         -0.000000000000001862          0.000000000000000000
         -0.000000000000000008          0.000000000000000000
          0.000000000000000124          0.000000000000000000
          0.000000000000000184          0.000000000000000000
          0.000000000000000037          0.000000000000000000
          0.000000000000000001          0.000000000000000000
         -0.000000000000000125          0.000000000000000000
          0.000000000000000030          0.000000000000000000
          0.000000000000000015          0.000000000000000000
          0.000000000000000118          0.000000000000000000
          0.000000000000000049          0.000000000000000000
         -0.000000000000000164          0.000000000000000000
          0.000000000000000096          0.000000000000000000
          0.000000000000000035          0.000000000000000000
         -0.000000000000000027          0.000000000000000000
         -0.000000000000000062          0.000000000000000000
          0.000000000000000007          0.000000000000000000
          0.000000000000000027          0.000000000000000000
         -0.000000000000000007          0.000000000000000000
         -0.000000000000000026          0.000000000000000000
          0.000000000000000022          0.000000000000000000
         -0.000000000000000011          0.000000000000000000
         -0.000000000000000050          0.000000000000000000
          0.000000000000000042          0.000000000000000000
         -0.000000000000000007          0.000000000000000000
          0.000000000000000000          0.000000000000000000
         -0.000000000000000027          0.000000000000000000
          0.000000000000000004          0.000000000000000000
