0.2840150889879677
0.2102173610304119
0.1351156172978498
0.05977273966237489
-0.01468515963843025
-0.0870651464669141
-0.1561089668255564
-0.2205013606126519
-0.2788866666744759
-0.3298947980889612
-0.3721770867302766
-0.4044517347045399
-0.4255576878020617
-0.4345147132524913
-0.4305864052898061
-0.4133418742894655
-0.382711139167661
-0.3390288857108805
-0.2830614055063689
-0.2160122756165132
-0.1395036903263229
-0.05553223478139364
0.03359987666058433
0.1253747389559449
0.2171643720995924
0.3063448611335815
0.3904109403017361
0.4670828770250516
0.5343983193214785
0.5907833295704745
0.6350989109808631
0.6666616505792522
0.6852393533903672
0.6910244656558667
0.6845894960071502
0.6668294530085376
0.6388965296442399
0.6021319608660736
0.5579992898358455
0.5080223533478098
0.4537302835797038
0.3966108448130139
0.3380725694201883
0.2794154803522659
0.2218097077380861
0.1662810190158347
0.1137021612018187
0.06478892617514692
0.02009995719952575
-0.01996051969833898
-0.055137665387376
-0.08531913591675235
-0.110526601791102
-0.1309058229102174
-0.1467153419664364
-0.158313825588915
-0.1661460948577175
-0.1707279380741252
-0.1726298784682217
-0.1724601649992252
-0.1708473514531348
-0.1684229136385366
-0.1658044140583309
-0.1635797481891686
-0.1622929904473876
-0.1624322995505627
-0.1644202454135237
-0.1686067903124362
-0.1752650065768989
-0.1845894544898536
-0.1966969911321787
-0.2116296466744604
-0.2293591001678521
-0.2497922202679395
-0.2727771119543568
-0.2981091288422782
-0.3255363693621894
-0.3547642684312999
-0.3854590169268568
-0.4172496810040863
-0.449729043550486
-0.4824533425636677
-0.5149412281890626
-0.5466723941966797
-0.5770864536376874
-0.6055827149644929
-0.6315215662288158
-0.6542281827830183
-0.6729992297275991
-0.6871131264044847
-0.6958442708690681
-0.6984813857398937
-0.6943498472831932
-0.6828375089133146
-0.6634231492693601
-0.6357062934983609
-0.5994368118397109
-0.554542434090346
-0.5011521737208435
-0.4396136665657739
-0.3705026185795671
-0.2946229293633368
-0.2129965958400068
-0.1268431649185423
-0.03754923848225624
0.05337072990826272
0.1443204414472313
0.2336721274372231
0.3198185199604052
0.4012235280881604
0.4764688475637645
0.5442940706154894
0.6036283877504359
0.6536126329868983
0.6936111543590696
0.7232137245648979
0.7422283773252753
0.7506666085519819
0.7487227786802074
0.7367497733197416
0.7152330228077148
0.6847648633203815
0.6460209714275685
0.5997402558377961
0.546709181560942
0.4877510667202166
0.4237204585925693
0.355502283571229