   0.3162010858283729   0.2304158289555009   0.2398188642547704
   0.3134336035440857   0.2279705893330451   0.2384772729200290
   0.3103607584813340   0.2251892716814051   0.2367879399930694
   0.3069870977368755   0.2220644642222817   0.2347336122117822
   0.3033201629040919   0.2185903703905426   0.2322970523726630
   0.2993708307117254   0.2147632939254695   0.2294620199582556
   0.2951536145805652   0.2105820191828253   0.2262136804434927
   0.2906869618091754   0.2060482107766899   0.2225390167667868
   0.2859935461413258   0.2011668434959165   0.2184272828694034
   0.2811005509074151   0.1959466650010409   0.2138705120121961
   0.2760399354212072   0.1904006915007456   0.2088640888609783
   0.2708486746932700   0.1845467347792802   0.2034073939550705
   0.2655689593955992   0.1784079565397165   0.1975045288184951
   0.2602483392956677   0.1720134427002066   0.1911651287848372
   0.2549397890858578   0.1653987858112942   0.1844052680988876
   0.2497016707554259   0.1586066579640218   0.1772484575411951
   0.2445975615738269   0.1516873492846184   0.1697267281435907
   0.2396959116935987   0.1446992382952867   0.1618817849242899
   0.2350694908224011   0.1377091501327275   0.1537662013730033
   0.2307945800443228   0.1307925471406659   0.1454446081579935
   0.2269498636066359   0.1240334842798241   0.1369948079466045
   0.2236149774809272   0.1175242501268486   0.1285087225119521
   0.2208686781107378   0.1113646044668053   0.1200930493363240
   0.2187866074384880   0.1056605176996621   0.1118694746358587
   0.2174386504747355   0.1005223181308972   0.1039742613820250
   0.2168859104271255   0.0960621638080056   0.0965570093282749
   0.2171773641596039   0.0923907791745715   0.0897783757418182
   0.2183463068002688   0.0896134363786485   0.0838065582937085
   0.2204067463753535   0.0878252184451777   0.0788123836748038
   0.2233499631785235   0.0871056765307698   0.0749629242946591
   0.2271414978487352   0.0875130829200968   0.0724136850739402
   0.2317188686407892   0.0890785782296823   0.0712995613418998
   0.2369903329088922   0.0918006042030851   0.0717249574712779
   0.2428349915546853   0.0956400876250104   0.0737536545735498
   0.2491044816264088   0.1005168794539043   0.0773991952366458
   0.2556264094006717   0.1063079405042229   0.0826166782803499
   0.2622095484775367   0.1128476899795530   0.0892968907380276
   0.2686506762473955   0.1199307937133626   0.0972636196793403
   0.2747427657150791   0.1273174746318432   0.1062747721331992
   0.2802841104387948   0.1347412006094841   0.1160276005224822
   0.2850878607990019   0.1419183765478900   0.1261679234095752
   0.2889914079218832   0.1485594750219152   0.1363028087902583
   0.2918650763394792   0.1543809175992378   0.1460158226782369
   0.2936196750689080   0.1591169913020468   0.1548837084640497
   0.2942125941890708   0.1625311600819608   0.1624933026607322
   0.2936522949791637   0.1644262995470626   0.1684576302884986
   0.2920011948995116   0.1646536170906133   0.1724304444662273
   0.2893770614464858   0.1631202784248788   0.1741189354114305
   0.2859530716570040   0.1597959969848958   0.1732948673816351
   0.2819566438777514   0.1547190033836413   0.1698049277544357
   0.2776669918129170   0.1480018463677384   0.1635815001803219
   0.2734110868151134   0.1398373333243293   0.1546552992598022
   0.2695573600821684   0.1305045481410734   0.1431711976079413
   0.2665060775670841   0.1203742474940944   0.1294079701004485
   0.2646749668343272   0.1099120245531422   0.1138013743449431
   0.2644785183081085   0.0996765062683821   0.0969677982622961
   0.2662996446200335   0.0903087210712486   0.0797226033070958
   0.2704533281982015   0.0825080546419210   0.0630836360110393
   0.2771437446724939   0.0769905592382584   0.0482472349455816
   0.2864191292879515   0.0744275825399170   0.0365233901853867
   0.2981319167632898   0.0753672941604028   0.0292211045499755
   0.3119143676363063   0.0801484371265915   0.0274864912539394
   0.3271804139090703   0.0888227977559156   0.0321141110969075
   0.3431613161646875   0.1011072609380226   0.0433712876637518
   0.3589755423038348   0.1163843279999753   0.0608861002659301
   0.3737236877408481   0.1337599295816502   0.0836428553552098
   0.3865907945587087   0.1521715189455262   0.1101014725218077
   0.3969349747800389   0.1705239095889961   0.1384183819764400
   0.4043447525357560   0.1878221173250003   0.1667136578356156
   0.4086566706596281   0.2032732253419560   0.1933177445060035
   0.4099355325121801   0.2163410997212419   0.2169450385572620
   0.4084279510965858   0.2267526897503545   0.2367713378256621
   0.4045033102375334   0.2344664806944458   0.2524225766167368
   0.3985949977381665   0.2396191634856525   0.2639018080034532
   0.3911507224575468   0.2424660222291603   0.2714868034406681
   0.3825960524575392   0.2433263251912628   0.2756254069392221
   0.3733115180705922   0.2425398188848892   0.2768458513341528
   0.3636212967643951   0.2404360737025596   0.2756895038790133
   0.3537905332897744   0.2373156191592987   0.2726664573666280
   0.3440283319627057   0.2334404636456121   0.2682304766476786
   0.3344939426102435   0.2290312967558868   0.2627683977573772
   0.3253043122925411   0.2242689634436003   0.2565992052838577
   0.3165417933938269   0.2192983278225881   0.2499788696915817
   0.3082612970539111   0.2142331962448588   0.2431080739860686
   0.3004965402772285   0.2091614405917918   0.2361409147285222
   0.2932652712091644   0.2041498207093091   0.2291934158427055
   0.2865734980753096   0.1992482543575134   0.2223512324575673
   0.2804188214253565   0.1944934440772479   0.2156762778382480
   0.2747930000361437   0.1899118661688733   0.2092122236644487
   0.2696838854767995   0.1855221780292022   0.2029889443600101
   0.2650768508310162   0.1813371223700653   0.1970260334524173
   0.2609558230497727   0.1773650118196041   0.1913355385931332
   0.2573040104625091   0.1736108728368680   0.1859240586714444
   0.2541043996477386   0.1700773187118522   0.1807943322387655
   0.2513400803967756   0.1667652106764329   0.1759464278474255
   0.2489944443574419   0.1636741555083224   0.1713786276904879
   0.2470512921412941   0.1608028783282271   0.1670880780888009
   0.2454948750192939   0.1581495009216310   0.1630712647830358
   0.2443098905260723   0.1557117489229884   0.1593243578860595
   0.2434814460328095   0.1534871054913679   0.1558434606248394
   0.2429950003442956   0.1514729245246861   0.1526247873795211
   0.2428362903756162   0.1496665128279402   0.1496647896835371
   0.2429912477596805   0.1480651878010968   0.1469602434598734
   0.2434459086615034   0.1466663149981005   0.1445083065465217
   0.2441863189985811   0.1454673282104572   0.1423065522676437
   0.2451984365892474   0.1444657334551182   0.1403529822457565
   0.2464680313970762   0.1436590973304689   0.1386460196829807
   0.2479805849513098   0.1430450196013637   0.1371844828690612
   0.2497211901546536   0.1426210895569372   0.1359675376418088
   0.2516744530002460   0.1423848256380667   0.1349946269043836
   0.2538243981698858   0.1423335980462593   0.1342653750892726
   0.2561543810331636   0.1424645345144113   0.1337794656608604
   0.2586470091631200   0.1427744101289811   0.1335364903810008
   0.2612840770712834   0.1432595230179056   0.1335357701314165
   0.2640465183778414   0.1439155588177399   0.1337761485802803
   0.2669143799989639   0.1447374480451405   0.1342557618543946
   0.2698668230778817   0.1457192217378785   0.1349717895489738
   0.2728821552376250   0.1468538718939835   0.1359201947434371
   0.2759378982310606   0.1481332242033196   0.1370954630158048
   0.2790108941683148   0.1495478312056411   0.1384903525413996
   0.2820774522027308   0.1510868942001322   0.1400956689788124
   0.2851135358815163   0.1527382218714580   0.1419000797400335
   0.2880949893855966   0.1544882326211316   0.1438899821919288
   0.2909977987067357   0.1563220059869097   0.1460494391829384
   0.2937983815874656   0.1582233863455852   0.1483601929641666
   0.2964738979554382   0.1601751394408035   0.1508017651267198
   0.2990025708024430   0.1621591593337914   0.1533516457842613
   0.3013640061630285   0.1641567203653118   0.1559855701911155
   0.3035395001805224   0.1661487658915805   0.1586778757003315
   0.3055123213013964   0.1681162231631833   0.1614019268888815
   0.3072679564409851   0.1700403319707057   0.1641305922691260
   0.3087943114738121   0.1719029737422904   0.1668367526749740
   0.3100818585130252   0.1736869877276187   0.1694938194619358
   0.3111237249935240   0.1753764617338689   0.1720762402547910
   0.3119157223634508   0.1769569865015472   0.1745599711174082
   0.3124563150056808   0.1784158650599512   0.1769228965538142
   0.3127465326505419   0.1797422710723345   0.1791451823958229
   0.3127898318281669   0.1809273530357344   0.1812095510199365
   0.3125919137132530   0.1819642840103951   0.1831014730554432
   0.3121605069591272   0.1828482591172780   0.1848092743976733
   0.3115051247790100   0.1835764452031784   0.1863241615787667
   0.3106368056367195   0.1841478887303228   0.1876401721089371
   0.3095678465232389   0.1845633890565100   0.1887540591175216
   0.3083115370133817   0.1848253448400605   0.1896651214271495
   0.3068819012265282   0.1849375813800796   0.1903749911062153
   0.3052934535675770   0.1849051663651942   0.1908873906540325
   0.3035609728018053   0.1847342208478739   0.1912078714161725
   0.3016992977086014   0.1844317313861204   0.1913435437656433
   0.2997231463336362   0.1840053682942499   0.1913028081844234
   0.2976469597666040   0.1834633139025060   0.1910950947940262
   0.2954847704425003   0.1828141037084247   0.1907306172462491
   0.2932500942118788   0.1820664823611985   0.1902201453016696
   0.2909558448492184   0.1812292755869665   0.1895747989704460
   0.2886142692576791   0.1803112784563674   0.1888058658167494
   0.2862369013654613   0.1793211598218817   0.1879246419599897
   0.2838345325721238   0.1782673823081005   0.1869422964488808
   0.2814171965694751   0.1771581369131631   0.1858697580299714
   0.2789941664083846   0.1760012910601303   0.1847176228624038
   0.2765739617890557   0.1748043488069761   0.1834960814215612
   0.2741643646994816   0.1735744218666769   0.1822148626595846
   0.2717724416993001   0.1723182100888065   0.1808831934241444
   0.2694045713314005   0.1710419900967737   0.1795097711535860
   0.2670664753314779   0.1697516108479185   0.1781027479445213
   0.2647632524889514   0.1684524949766577   0.1766697242081806
   0.2624994141860092   0.1671496448852896   0.1752177502787238
   0.2602789208016962   0.1658476526563012   0.1737533344977637
   0.2581052183129311   0.1645507129691181   0.1722824564650154
   0.2559812745533555   0.1632626383095692   0.1708105843081673
   0.2539096147039687   0.1619868758595208   0.1693426949808466
   0.2518923556872084   0.1607265255456042   0.1678832967426471
   0.2499312392194735   0.1594843588089415   0.1664364531077367
   0.2480276633472947   0.1582628377319913   0.1650058076676676
   0.2461827123507511   0.1570641342241892   0.1635946092995653
   0.2443971849457063   0.1558901490253482   0.1622057373632706
   0.2426716207552900   0.1547425303353422   0.1608417265710156
   0.2410063250520617   0.1536226919210774   0.1595047912817892
   0.2394013917966121   0.1525318305878593   0.1581968490307716
   0.2378567250170276   0.1514709429326624   0.1569195431532048
   0.2363720585875844   0.1504408413222075   0.1556742644028961
   0.2349469744750964   0.1494421690597605   0.1544621714992844
   0.2335809195281759   0.1484754147217891   0.1532842105645745
   0.2322732208889258   0.1475409256595751   0.1521411334347583
   0.2310231001087545   0.1466389206720580   0.1510335148461711
   0.2298296860505376   0.1457695018650090   0.1499617685132741
   0.2286920266585948   0.1449326657184653   0.1489261621242247
   0.2276090996762263   0.1441283133895252   0.1479268312890173
   0.2265798223880774   0.1433562602813863   0.1469637924810144
   0.2256030604616120   0.1426162449121489   0.1460369550169210
   0.2246776359586031   0.1419079371186062   0.1451461321230285
   0.2238023345839484   0.1412309456311765   0.1442910511371406
   0.2229759122353845   0.1405848250564485   0.1434713628962271
   0.2221971009138792   0.1399690823036363   0.1426866503597429
   0.2214646140507124   0.1393831824906723   0.1419364365178439
   0.2207771513035323   0.1388265543647995   0.1412201916325839
   0.2201334028700533   0.1382985952714262   0.1405373398586849
   0.2195320533645587   0.1377986757037338   0.1398872652887337
   0.2189717852990055   0.1373261434641386   0.1392693174657502
   0.2184512822073136   0.1368803274672319   0.1386828164040451
   0.2179692314483561   0.1364605412122927   0.1381270571571966
   0.2175243267202664   0.1360660859519205   0.1376013139698540
   0.2171152703159306   0.1356962535817722   0.1371048440479624
   0.2167407751469364   0.1353503292748417   0.1366368909799045
   0.2163995665608062   0.1350275938821941   0.1361966878390018
   0.2160903839740466   0.1347273261205740   0.1357834599958168
   0.2158119823413758   0.1344488045658468   0.1353964276667523
   0.2155631334794694   0.1341913094698233   0.1350348082235703
   0.2153426272616538   0.1339541244166461   0.1346978182866439
   0.2151492726981946   0.1337365378335999   0.1343846756230175
   0.2149818989151544   0.1335378443699337   0.1340946008686867
   0.2148393560432274   0.1333573461560645   0.1338268190929053
   0.2147205160264999   0.1331943539543590   0.1335805612208031
   0.2146242733597154   0.1330481882115663   0.1333550653291267
   0.2145495457613563   0.1329181800219044   0.1331495778285173
   0.2144952747886675   0.1328036720087732   0.1329633545443981
   0.2144604263996539   0.1327040191320927   0.1327956617072577
   0.2144439914660694   0.1326185894273352   0.1326457768618978
   0.2144449862404845   0.1325467646814366   0.1325129897040367
   0.2144624527796659   0.1324879410499390   0.1323966028515486
   0.2144954593257268   0.1324415296189310   0.1322959325565560
   0.2145431006458072   0.1324069569146120   0.1322103093635829
   0.2146044983304197   0.1323836653626207   0.1321390787180217
   0.2146788010500437   0.1323711136986286   0.1320816015282652
   0.2147651847690743   0.1323687773311102   0.1320372546840056
   0.2148628529158248   0.1323761486566684   0.1320054315324151
   0.2149710365069478   0.1323927373278096   0.1319855423131815
   0.2150889942243700   0.1324180704726366   0.1319770145527042
   0.2152160124426413   0.1324516928655524   0.1319792934171330
   0.2153514052044669   0.1324931670477575   0.1319918420233838
   0.2154945141421246   0.1325420733960577   0.1320141417067739
   0.2156447083424654   0.1325980101383075   0.1320456922434974
   0.2158013841532589   0.1326605933136661   0.1320860120258045
   0.2159639649287548   0.1327294566757669   0.1321346381874592
   0.2161319007125086   0.1328042515368710   0.1321911266768374
   0.2163046678557441   0.1328846465511183   0.1322550522748752
   0.2164817685697947   0.1329703274350763   0.1323260085550032
   0.2166627304114895   0.1330609966239373   0.1324036077821973
   0.2168471057007046   0.1331563728619199   0.1324874807483372
   0.2170344708696991   0.1332561907256838   0.1325772765412009
   0.2172244257442810   0.1333602000798753   0.1326726622446187
   0.2174165927573055   0.1334681654642721   0.1327733225675738
   0.2176106160954858   0.1335798654123917   0.1328789594003630
   0.2178061607809881   0.1336950917018640   0.1329892912963084
   0.2180029116897962   0.1338136485373403   0.1331040528779527
   0.2182005725093411   0.1339353516672093   0.1332229941671438
   0.2183988646384115   0.1340600274359205   0.1333458798389488
   0.2185975260328787   0.1341875117742632   0.1334724883998989
   0.2187963100012720   0.1343176491305083   0.1336026112916560
   0.2189949839547484   0.1344502913458971   0.1337360519218184
   0.2191933281164771   0.1345852964785352   0.1338726246242126
   0.2193911341959272   0.1347225275803235   0.1340121535516700
   0.2195882040339891   0.1348618514321284   0.1341544715049346
   0.2197843482252816   0.1350031372429457   0.1342994187019995
   0.2199793847243867   0.1351462553193522   0.1344468414928033
   0.2201731374431165   0.1352910757120526   0.1345965910248395
   0.2203654348462541   0.1354374668468152   0.1347485218658306
   0.2205561085535105   0.1355852941475506   0.1349024905901828
   0.2207449919557098   0.1357344186597014   0.1350583543364745
   0.2209319188534597   0.1358846956825031   0.1352159693437212
   0.2211167221267697   0.1360359734190085   0.1353751894746132
   0.2212992324442665   0.1361880916530783   0.1355358647343242
   0.2214792770207999   0.1363408804627861   0.1356978397938406
   0.2216566784323704   0.1364941589799071   0.1358609525270681
   0.2218312534974011   0.1366477342053188   0.1360250325712203
   0.2220028122334639   0.1368013998902702   0.1361898999201943
   0.2221711568986267   0.1369549354935560   0.1363553635607876
   0.2223360811266297   0.1371081052246690   0.1365212201617112
   0.2224973691651261   0.1372606571830086   0.1366872528254088
   0.2226547952262345   0.1374123226031879   0.1368532299127065
   0.2228081229586467   0.1375628152164146   0.1370189039502909
   0.2229571050505259   0.1377118307378250   0.1371840106309599
   0.2231014829724067   0.1378590464895295   0.1373482679165037
   0.2232409868692711   0.1380041211689821   0.1375113752529707
   0.2233753356109370   0.1381466947721284   0.1376730129079522
   0.2235042370098321   0.1382863886806056   0.1378328414393908
   0.2236273882151579   0.1384228059220816   0.1379905013052860
   0.2237444762923596   0.1385555316126234   0.1381456126235425
   0.2238551789967052   0.1386841335897784   0.1382977750910865
   0.2239591657496438   0.1388081632448461   0.1384465680712734
   0.2240560988264402   0.1389271565626027   0.1385915508585207
   0.2241456347633791   0.1390406353765241   0.1387322631290398
   0.2242274259925743   0.1391481088473291   0.1388682255865017
   0.2243011227121094   0.1392490751724401   0.1389989408114632
   0.2243663749988570   0.1393430235337100   0.1391238943233968
   0.2244228351708691   0.1394294362905167   0.1392425558642176
   0.2244701604056849   0.1395077914250444   0.1393543809122693
   0.2245080156202535   0.1395775652462667   0.1394588124358278
   0.2245360766173964   0.1396382353587992   0.1395552828952900
   0.2245540335028359   0.1396892839023979   0.1396432165033371
   0.2245615943757538   0.1397302010674129   0.1397220317524765
   0.2245584892946250   0.1397604888909750   0.1397911442194754
   0.2245444745186516   0.1397796653380514   0.1398499696562752
   0.2245193370235026   0.1397872686707550   0.1398979273770076
   0.2244828992882107   0.1397828621083968   0.1399344439507001
   0.2244350243479782   0.1397660387797129   0.1399589572091366
   0.2243756211052723   0.1397364269674456   0.1399709205790944
   0.2243046498889245   0.1396936956439825   0.1399698077477901
   0.2242221282479767   0.1396375602950321   0.1399551176697942
   0.2241281369637145   0.1395677890262927   0.1399263799228719
   0.2240228262596722   0.1394842089457305   0.1398831604191454
   0.2239064221853838   0.1393867128113747   0.1398250674765875
   0.2237792331452684   0.1392752659314308   0.1397517582541081
   0.2236416565392692   0.1391499132999619   0.1396629455513190
   0.2234941854767190   0.1390107869473624   0.1395584049714018
   0.2233374155193814   0.1388581134803038   0.1394379824422962
   0.2231720514037268   0.1386922217807415   0.1393016020876032
   0.2229989136862797   0.1385135508279010   0.1391492744340966
   0.2228189452493376   0.1383226576008935   0.1389811049374841
   0.2226332175975753   0.1381202250127278   0.1387973028020019
   0.2224429368690639   0.1379070698189845   0.1385981900624926
   0.2222494494771344   0.1376841504363110   0.1383842108897559
   0.2220542472924016   0.1374525745972119   0.1381559410711352
   0.2218589722672506   0.1372136067583873   0.1379140976084758
   0.2216654203983192   0.1369686751701896   0.1376595483647441
   0.2214755449161489   0.1367193785047192   0.1373933216787571
   0.2212914585854152   0.1364674919297827   0.1371166158546534
   0.2211154349941955   0.1362149725055702   0.1368308084190295
   0.2209499087068348   0.1359639637706382   0.1365374650241662
   0.2207974741523787   0.1357167993738795   0.1362383478606299
   0.2206608831195591   0.1354760055998767   0.1359354234269802
   0.2205430407302212   0.1352443026266974   0.1356308694885758
   0.2204469997662097   0.1350246043481717   0.1353270810419094
   0.2203759532303926   0.1348200165873870   0.1350266750858891
   0.2203332250310192   0.1346338335249961   0.1347324939874902
   0.2203222586903029   0.1344695321654473   0.1344476072167789
   0.2203466039932604   0.1343307646668949   0.1341753112160533
   0.2204099015116976   0.1342213483668876   0.1339191271604485
   0.2205158649609837   0.1341452533464465   0.1336827963635558
   0.2206682613740492   0.1341065873903806   0.1334702730821947
   0.2208708891079055   0.1341095782220832   0.1332857144802836
   0.2211275537328463   0.1341585529170513   0.1331334675236195
   0.2214420418931658   0.1342579144312747   0.1330180525961119
   0.2218180932703622   0.1344121152186892   0.1329441436544093
   0.2222593708248934   0.1346256279561313   0.1329165447725770
   0.2227694295399148   0.1349029134445700   0.1329401629721114
   0.2233516839391955   0.1352483858115113   0.1330199772854556
   0.2240093747005109   0.1356663752008096   0.1331610040634864
   0.2247455347339737   0.1361610882018786   0.1333682586090206
   0.2255629551405749   0.1367365663393526   0.1336467132987666
   0.2264641515080255   0.1373966430152350   0.1340012524444750
   0.2274513310371202   0.1381448993667796   0.1344366242390276
   0.2285263610204284   0.1389846195728123   0.1349573902331114
   0.2296907392143088   0.1399187462066783   0.1355678728907276
   0.2309455666532220   0.1409498362930315   0.1362721018743917
   0.2322915234503237   0.1420800187756500   0.1370737598103245
   0.2337288481088707   0.1433109541416562   0.1379761283766534
   0.2352573208337873   0.1446437969712431   0.1389820356397219
   0.2368762512809811   0.1460791621886799   0.1400938056309060
   0.2385844711132913   0.1476170957776590   0.1413132112046077
   0.2403803316464860   0.1492570506899885   0.1426414312431941
   0.2422617067673710   0.1509978686198166   0.1440790132726474
   0.2442260011903664   0.1528377682351886   0.1456258425202034
   0.2462701639911787   0.1547743403548404   0.1472811183795938
   0.2483907072194781   0.1568045504315841   0.1490433391489442
   0.2505837292505382   0.1589247485563560   0.1509102957703880
   0.2528449423929863   0.1611306870318405   0.1528790751298843
   0.2551697041310153   0.1634175453854365   0.1549460732729414
   0.2575530512498155   0.1657799625030122   0.1571070186609297
   0.2599897359779286   0.1682120753730031   0.1593570053389897
   0.2624742631849070   0.1707075637411627   0.1616905356172753
   0.2650009276019282   0.1732596997962892   0.1641015715907753
   0.2675638499911047   0.1758614018431996   0.1665835945485782
   0.2701570111795120   0.1785052907776047   0.1691296710611164
   0.2727742828987708   0.1811837480642859   0.1717325242937281
   0.2754094544314588   0.1838889738402255   0.1743846088864998
   0.2780562541614962   0.1866130437221097   0.1770781875726471
   0.2807083652554059   0.1893479628956321   0.1798054075881587
   0.2833594348621455   0.1920857161035406   0.1825583748598358
   0.2860030764070282   0.1948183122301779   0.1853292239509936
   0.2886328647650439   0.1975378223006565   0.1881101817955004
   0.2912423243248335   0.2002364098697396   0.1908936233609234
   0.2938249101902688   0.2029063529647406   0.1936721175475758
   0.2963739830053781   0.2055400569631239   0.1964384618476432
   0.2988827781235339   0.2081300580231354   0.1991857045511226
   0.3013443700668514   0.2106690169384537   0.2019071535857299
   0.3037516334305295   0.2131497035490759   0.2045963714080452
   0.3060972015738078   0.2155649721040823   0.2072471557144329
   0.3083734245993958   0.2179077282314090   0.2098535061040053
   0.3105723282524713   0.2201708884195066   0.2124095771935527
   0.3126855754652467   0.2223473331504124   0.2149096190476961
   0.3147044323310804   0.2244298550384216   0.2173479061386347
   0.3166197403114269   0.2264111035187530   0.2197186563812654
   0.3184218964587024   0.2282835277924483   0.2220159420939925
   0.3201008433784314   0.2300393198637168   0.2242335950064104
   0.3216460705558245   0.2316703596011372   0.2263651076657189
   0.3230466285372662   0.2331681638122373   0.2284035337781427
   0.3242911572891146   0.2345238413404376   0.2303413901541972
   0.3253679298590564   0.2357280561735584   0.2321705630026570
   0.3262649122443016   0.2367710004945564   0.2338822213339457
   0.3269698401327257   0.2376423795097606   0.2354667401874485
   0.3274703129350849   0.2383314097610245   0.2369136362890917
   0.3277539052769566   0.2388268324710360   0.2382115185782215
   0.3278082958768118   0.2391169432923781   0.2393480558221555
   0.3276214135104485   0.2391896396394139   0.2403099632719815
   0.3271815995602687   0.2390324865877536   0.2410830100169689
   0.3264777864778929   0.2386328021402418   0.2416520483835576
   0.3254996913559826   0.2379777624930037   0.2420010664177072
   0.3242380237130442   0.2370545278020893   0.2421132642084537
   0.3226847065434289   0.2358503888618378   0.2419711545797697
   0.3208331096698097   0.2343529350697379   0.2415566885219750
   0.3186782944486464   0.2325502440760563   0.2408514056775012
   0.3162172689068218   0.2304310936027808   0.2398366102615683
