0.10514831
0.075953804
0.03907370699999999
-0.0052933379
-0.056796214
-0.11492379
-0.17899143
-0.2481217399999999
-0.32122052
-0.39695055
-0.47370663
-0.54959705
-0.62243769
-0.68976583
-0.74888124
-0.79692106
-0.83097332
-0.8482302000000001
-0.8461768899999999
-0.82280553
-0.77683662
-0.7079240200000001
-0.61681561
-0.50544148
-0.37690657
-0.2353745
-0.08584377999999999
0.066166665
0.2149909899999999
0.35520738
0.48200176
0.59146437
0.68079027
0.74836997
0.79377245
0.8176358999999999
0.8214908599999999
0.80754384
0.77844875
0.73708861
0.68638372
0.6291355
0.56790923
0.50495422
0.44215693
0.38102113
0.32266883
0.26785615
0.21699951
0.17020832
0.12732171
0.08794760299999999
0.051503159
0.01725612099999999
-0.01563319499999999
-0.048069328
-0.08097858499999999
-0.1152655
-0.15176891
-0.19121777
-0.2341869
-0.28105285
-0.33195038
-0.38673035
-0.44492027
-0.50568967
-0.56782325
-0.62970617
-0.68932652
-0.74430152
-0.7919337699999999
-0.8293036900000001
-0.85340193
-0.86130245
-0.8503710399999999
-0.8184978100000001
-0.76433477
-0.6875130099999999
-0.58881037
-0.47024026
-0.3350381399999999
-0.18753296
-0.032906293
0.1231415699999999
0.27478389
0.41647381
0.54331797
0.6513763599999999
0.7378597400000001
0.80121229
0.84108371
0.85820872
0.85422067
0.83142922
0.79259028
0.74069104
0.67876579
0.60975101
0.53638167
0.46112576
0.38615138
0.31331864
0.2441887899999999
0.18004362
0.12190905
0.070578674
0.026634159
-0.009538993400000001
-0.037740753
-0.057950301
-0.07032286
-0.075187784
-0.073045893
-0.064564067
-0.050565432
-0.032013976
-0.009993090000000001
0.014321726
0.039695053
0.06486704799999999
0.088590262
0.10966555
0.12697499
0.13950998
0.14639323
0.14689422
0.1404380299999999
0.12660871