-0.065436691
-0.09844730599999999
-0.13491651
-0.1756412
-0.22126871
-0.2722599
-0.32885037
-0.3910096
-0.45839838
-0.5303258300000001
-0.60570818
-0.68303339
-0.76033681
-0.83519552
-0.90474991
-0.9657621600000001
-1.0147207
-1.047997099999999
-1.0620577
-1.053723699999999
-1.0204656
-0.96070726
-0.8741032199999999
-0.76175174
-0.6263017500000001
-0.47192295
-0.30412334
-0.1294203
0.045104645
0.21231719
0.36554531
0.49903527
0.60829622
0.69030131
0.74353652
0.76791128
0.76456202
0.73558903
0.6837683000000001
0.61227487
0.52444509
0.42359432
0.31289679
0.19532581
0.073646468
-0.049550874
-0.17178998
-0.2906358
-0.4036237899999999
-0.5082055399999999
-0.60172362
-0.6814267100000001
-0.74453287
-0.78834491
-0.8104154700000001
-0.8087524800000001
-0.7820473
-0.72990059
-0.6530147300000001
-0.55332033
-0.4340078199999999
-0.29944426
-0.15497103
-0.0065949109
0.13939698
0.2768553699999999
0.40017115
0.50461597
0.58658595
0.6437298
0.67496054
0.68036625
0.6610462400000001
0.61890515
0.5564363099999999
0.47652161
0.38226686
0.27688337
0.16361809
0.045727558
-0.073514423
-0.19078942
-0.30270353
-0.40577014
-0.49642279
-0.57107216
-0.62621692
-0.65861159
-0.66548599
-0.6448003500000001
-0.59550986
-0.51780347
-0.41327714
-0.28500343
-0.13746847
0.02363564199999999
0.19175348
0.35991196
0.5212186799999999
0.66935273
0.79898919
0.90611013
0.98817468
1.0441429
1.0743693
1.0803959
1.0646838
1.030321
0.9807381899999999
0.91945904
0.8498958999999999
0.7751984
0.69815217
0.62112163
0.54602822
0.47435492
0.4071686599999999
0.34515373
0.2886505999999999
0.23769683
0.19206757
0.15131463
0.11480369
0.081749842
0.05125176299999999
0.022324917
-0.0060657544
-0.034973379