-0.61692705
-0.51301141
-0.39130089
-0.25578476
-0.11134724
0.03653104
0.18213824
0.31992307
0.4448686399999999
0.5528068099999999
0.64064151
0.70646436
0.74956134
0.77032411
0.77008878
0.75093054
0.71544152
0.6665158500000001
0.60715884
0.54033089
0.46882951
0.39520835
0.32172839
0.25033446
0.18265025
0.1199849
0.063345811
0.013453638
-0.02924319999999999
-0.06455554199999999
-0.092542048
-0.11349839
-0.12794557
-0.13661578
-0.14043405
-0.14049465
-0.13803139
-0.1343820199999999
-0.1309470799999999
-0.1291446799999999
-0.1303626
-0.1359093
-0.14696574
-0.16453874
-0.18941705
-0.22213001
-0.26290878
-0.31164951
-0.3678783999999999
-0.4307187599999999
-0.49886163
-0.57054271
-0.64353061
-0.71513294
-0.78222888
-0.8413376
-0.8887313300000001
-0.92059985
-0.9332677500000001
-0.9234588999999999
-0.88859238
-0.8270842699999999
-0.73862009
-0.62435728
-0.48701838
-0.33084389
-0.16139099
0.01481356799999999
0.19073407
0.359348
0.51416627
0.64968879
0.76174406
0.8476820999999999
0.90641361
0.9383107000000001
0.9450005300000001
0.9290920099999999
0.89387564
0.8430314700000001
0.78037014
0.70962192
0.63427894
0.5574882900000001
0.48198911
0.41008411
0.34363578
0.28407862
0.23244026
0.18936673
0.15514896
0.12974947
0.11282935
0.10377655
0.10173673
0.10564764
0.11427785
0.12626959
0.14018495
0.1545539
0.16792218
0.17889674
0.18618659
0.18863736
0.18525841
0.1752420799999999
0.15797569
0.13304741
0.10024792
0.059570131
0.011209115
-0.044435452
-0.1067528899999999
-0.17491032
-0.2478369
-0.32420509
-0.4024118299999999
-0.4805641099999999
-0.55647477
-0.62767547
-0.69145429
-0.74492506
-0.78513379
-0.8092043900000001
-0.8145209700000001
-0.79893775
-0.7610004599999999
-0.7001565499999999