0.62330982
0.79183473
0.9315065900000001
1.0389875
1.112991099999999
1.1541211
1.1645603
1.1476725
1.1075752
1.0487356
0.97562184
0.8924317699999999
0.80290064
0.7101848300000001
0.6168092299999999
0.52466441
0.43503975
0.34868022
0.26585716
0.18644582
0.11000502
0.035855901
-0.036841311
-0.10901311
-0.18160064
-0.2554892
-0.33143852
-0.41001336
-0.49151423
-0.5759087499999999
-0.66276538
-0.75119241
-0.8397870599999999
-0.92660148
-1.0091345
-1.084359899999999
-1.1488012
-1.1986656
-1.230040199999999
-1.239154499999999
-1.2226965
-1.1781638
-1.1042147
-1.000976
-0.87025814
-0.71563143
-0.542332
-0.35698582
-0.16716944
0.019146671
0.19420474
0.35103949
0.48395966
0.58887833
0.6634662399999999
0.7071312
0.72085142
0.70690633
0.66855433
0.60970327
0.53460973
0.44763006
0.35303334
0.2548752799999999
0.15692412
0.062625334
-0.024910278
-0.10290938
-0.16894186
-0.220938
-0.25722133
-0.2765568099999999
-0.27820965
-0.26200641
-0.2283872399999999
-0.17843705
-0.1138844299999999
-0.03705963
0.049191981
0.1416389899999999
0.23682739
0.33126489
0.4216091399999999
0.50484205
0.5784139099999999
0.64034518
0.6892793099999999
0.7244858
0.74581849
0.7536378400000001
0.74870864
0.7320850899999999
0.70499436
0.66872788
0.62454703
0.5736076
0.51690499
0.45524033
0.38920674
0.31919381
0.2454085
0.16791048
0.086660046
0.0015772241
-0.08738938999999999
-0.18018537
-0.27656648
-0.3760103599999999
-0.47762735
-0.58007584
-0.68148927
-0.77942487
-0.87084626
-0.95215395
-1.0192783
-1.067846899999999
-1.0934341
-1.0918892
-1.059727899999999
-0.9945554700000001
-0.8954744
-0.7634165
-0.60133897
-0.41423081
-0.2088995
0.0064594346
0.22286967
0.43128495