   0.2211974785293220   0.1368557258422284   0.1384338878991181
   0.2208020645578065   0.1362327587455589   0.1378013029345603
   0.2204113709238973   0.1355939795701343   0.1371342820329417
   0.2200302813218987   0.1349431940422252   0.1364349393754013
   0.2196641187543356   0.1342846744183940   0.1357057744941187
   0.2193186517382893   0.1336231981665440   0.1349497931995310
   0.2190000911349138   0.1329640671509751   0.1341705488156290
   0.2187150817715232   0.1323131226711799   0.1333721779465953
   0.2184706886511869   0.1316767566908984   0.1325594342002455
   0.2182743772584557   0.1310619186686876   0.1317377195638859
   0.2181339874438295   0.1304761172550566   0.1309131126955958
   0.2180577003841392   0.1299274160499044   0.1300923932167853
   0.2180539981547359   0.1294244225655586   0.1292830609506611
   0.2181316155118354   0.1289762695114774   0.1284933489246083
   0.2182994835712588   0.1285925875088581   0.1277322288413034
   0.2185666651851884   0.1282834683609237   0.1270094076273692
   0.2189422819633320   0.1280594180523110   0.1263353135958721
   0.2194354330603637   0.1279312987338494   0.1257210707179997
   0.2200551060581019   0.1279102590721827   0.1251784594991866
   0.2208100805077776   0.1280076525117393   0.1247198630059431
   0.2217088249625570   0.1282349432132605   0.1243581967022316
   0.2227593886189898   0.1286035997008120   0.1241068209386867
   0.2239692889919451   0.1291249765684077   0.1239794352035382
   0.2253453973622577   0.1298101849661209   0.1239899535981194
   0.2268938240488095   0.1306699529989320   0.1241523614466960
   0.2286198058538932   0.1317144776212358   0.1244805534903941
   0.2305275982972158   0.1329532700838607   0.1249881547434382
   0.2326203754730141   0.1343949974726705   0.1256883257957823
   0.2349001405188027   0.1360473233486394   0.1265935551116499
   0.2373676497556258   0.1379167509356402   0.1277154416732569
   0.2400223535318262   0.1400084726784457   0.1290644721205269
   0.2428623566611546   0.1423262302825826   0.1306497973017796
   0.2458844010811079   0.1448721895227270   0.1324790138327875
   0.2490838729633022   0.1476468341422439   0.1345579568147640
   0.2524548359852435   0.1506488830420670   0.1368905102379944
   0.2559900918298963   0.1538752346571649   0.1394784417522723
   0.2596812682313878   0.1573209419360068   0.1423212683802454
   0.2635189340549881   0.1609792206748450   0.1454161593580193
   0.2674927400171037   0.1648414931269991   0.1487578815958766
   0.2715915827521224   0.1688974678313198   0.1523387922645805
   0.2758037890572422   0.1731352555178177   0.1561488817519288
   0.2801173163353777   0.1775415197954664   0.1601758687413689
   0.2845199645504678   0.1821016601578071   0.1644053474986691
   0.2889995944461287   0.1868000237107005   0.1688209856877214
   0.2935443463885539   0.1916201409884848   0.1734047692568845
   0.2981428540004346   0.1965449803319437   0.1781372892321458
   0.3027844467669274   0.2015572145991587   0.1829980637107984
   0.3074593360187156   0.2066394935038407   0.1879658870496316
   0.3121587791211590   0.2117747146479277   0.1930191972515165
   0.3168752173020280   0.2169462863448329   0.1981364519218922
   0.3216023833039847   0.2221383756108842   0.2032965029181850
   0.3263353759155588   0.2273361352154636   0.2084789599531913
   0.3310706993753821   0.2325259043932277   0.2136645339172550
   0.3358062666170357   0.2376953786930919   0.2188353515120288
   0.3405413662855828   0.2428337454207239   0.2239752338819987
   0.3452765943752489   0.2479317821737190   0.2290699332180929
   0.3500137521803622   0.2529819170220897   0.2341073227138400
   0.3547557129956224   0.2579782499060325   0.2390775367018342
   0.3595062606323058   0.2629165357700525   0.2439730592154046
   0.3642699033276245   0.2677941307982536   0.2487887605464231
   0.3690516670161623   0.2726099038408568   0.2535218825580420
   0.3738568722124744   0.2773641157179005   0.2581719745299017
   0.3786908989345620   0.2820582695533571   0.2627407821487524
   0.3835589441938289   0.2866949356404684   0.2672320929113872
   0.3884657766038483   0.2912775545821382   0.2716515416950711
   0.3934154926323479   0.2958102226078649   0.2760063806001772
   0.3984112789500684   0.3002974630615233   0.2803052174144745
   0.4034551852244649   0.3047439881019746   0.2845577272255957
   0.4085479115688651   0.3091544546774907   0.2887743418534305
   0.4136886146870339   0.3135332188368533   0.2929659219180777
   0.4188747365430461   0.3178840924300944   0.2971434165232367
   0.4241018591272874   0.3222101062286872   0.3013175157296117
   0.4293635885695373   0.3265132834504026   0.3054983012148178
   0.4346514714574241   0.3307944275939989   0.3096949007485046
   0.4399549457428308   0.3350529283550769   0.3139151523240945
   0.4452613280538247   0.3392865891864228   0.3181652839414487
   0.4505558385750259   0.3434914797641036   0.3224496150808341
   0.4558216639222438   0.3476618162080378   0.3267702857987961
   0.4610400576334750   0.3517898713725682   0.3311270190656357
   0.4661904770525319   0.3558659168671927   0.3355169214162851
   0.4712507545263809   0.3598781976990783   0.3399343261805777
   0.4761973000120147   0.3638129395675654   0.3443706824934943
   0.4810053314368614   0.3676543879178266   0.3488144919810600
   0.4856491285231011   0.3713848769169660   0.3532512935154972
   0.4901023053134912   0.3749849255988438   0.3576636947964714
   0.4943380963618285   0.3784333575850757   0.3620314478220820
   0.4983296515043398   0.3817074400801023   0.3663315636513584
   0.5020503343284470   0.3847830373051526   0.3705384603192102
   0.5054740199108689   0.3876347732196186   0.3746241364292290
   0.5085753881055698   0.3902361983100441   0.3785583618912870
   0.5113302096120276   0.3925599554283762   0.3823088765441459
   0.5137156232270641   0.3945779401454459   0.3858415870435319
   0.5157104040565245   0.3962614518601080   0.3891207524200777
   0.5172952240129830   0.3975813329745475   0.3921091491218716
   0.5184529076310811   0.3985080948208083   0.3947682071491194
   0.5191686880757387   0.3990120307210077   0.3970581100634948
   0.5194304701876997   0.3990633186181082   0.3989378532288713
   0.5192291094963726   0.3986321181817626   0.4003652566621256
   0.5185587183217821   0.3976886702585435   0.4012969314411756
   0.5174170123676869   0.3962034101138874   0.4016882019007847
   0.5158057135385739   0.3941471102547518   0.4014929901063842
   0.5137310270182556   0.3914910739106949   0.4006636747132425
   0.5112042127868621   0.3882074066953887   0.3991509438231001
   0.5082422734842840   0.3842694017856338   0.3969036715537867
   0.5048687814570401   0.3796520833265097   0.3938688616582932
   0.5011148673356157   0.3743329637911317   0.3899917198077718
   0.4970203896527207   0.3682930835810125   0.3852159404238825
   0.4926352984804486   0.3615184147609496   0.3794843256419578
   0.4880211939417432   0.3540017243486391   0.3727398943947883
   0.4832530601821337   0.3457450038532972   0.3649276893833209
   0.4784211236852136   0.3367625770234883   0.3559975479866760
   0.4736327377322808   0.3270849909776624   0.3459081661040476
   0.4690141280827191   0.3167637679182695   0.3346328423521206
   0.4647117448709617   0.3058770325433067   0.3221673261884009
   0.4608928507879727   0.2945359171607018   0.3085401768082028
   0.4577448394528852   0.2828914626389912   0.2938259223583397
   0.4554726335594116   0.2711414598850925   0.2781610239495439
   0.4542933881744566   0.2595363038106498   0.2617621134378005
   0.4544276699722360   0.2483824734054530   0.2449451070974417
   0.4560863723996496   0.2380417655109969   0.2281425600140620
   0.4594529541955275   0.2289240223400195   0.2119150908194130
   0.4646612487926711   0.2214710142030341   0.1969511525720433
   0.4717701361974115   0.2161296510899436   0.1840484266582011
   0.4807377384503297   0.2133140822672920   0.1740705436222220
   0.4913992538871033   0.2133586368275445   0.1678756629546693
   0.5034536263604219   0.2164667407894806   0.1662192738286414
   0.5164643453589807   0.2226641724143447   0.1696419387264122
   0.5298782479486068   0.2317670437521110   0.1783614777288957
   0.5430630939832726   0.2433743630822985   0.1921946772732676
   0.5553604445090519   0.2568911691656394   0.2105322319147187
   0.5661462176631309   0.2715815526937643   0.2323805669845146
   0.5748887430806007   0.2866433660631887   0.2564675787709345
   0.5811942853411248   0.3012907936236552   0.2813919789405205
   0.5848329385471490   0.3148293705888532   0.3057846870641077
   0.5857424711734269   0.3267109676964001   0.3284498207897691
   0.5840124777257518   0.3365622925377784   0.3484617580227615
   0.5798546038302228   0.3441871623611215   0.3652089118116915
   0.5735659476206234   0.3495479697442622   0.3783884822266562
   0.5654921605001401   0.3527342819578262   0.3879653978956845
   0.5559949896958569   0.3539264930156597   0.3941117059094047
   0.5454268568232492   0.3533607532775414   0.3971409844279074
   0.5341131798122828   0.3512990710187165   0.3974481523072074
   0.5223418295763155   0.3480063044998565   0.3954603802659610
   0.5103584049409993   0.3437341500764411   0.3916009487787566
   0.4983657885605798   0.3387112666517513   0.3862653302588689
   0.4865265404559388   0.3331382544812491   0.3798074331054175
   0.4749669382202428   0.3271861544976505   0.3725335176386215
   0.4637817718047800   0.3209972893280210   0.3647014235397227
   0.4530392800315967   0.3146875069904360   0.3565231462955478
   0.4427858452383562   0.3083491367408369   0.3481692736130189
   0.4330502343989706   0.3020541844622577   0.3397742343835333
   0.4238472946606798   0.2958574678377681   0.3314416757256369
   0.4151810885098523   0.2897995189559912   0.3232495576977668
   0.4070474995352018   0.2839091702700832   0.3152547488397617
   0.3994363635444199   0.2782057973995192   0.3074970343235273
   0.3923331891692467   0.2727012272895948   0.3000025285714687
   0.3857205326285588   0.2674013395886583   0.2927865300711970
   0.3795790868735763   0.2623073980743499   0.2858558790975373
   0.3738885384618933   0.2574171514248811   0.2792108875055662
   0.3686282377894408   0.2527257412766920   0.2728469095406450
   0.3637777206825076   0.2482264521231795   0.2667556176510680
   0.3593171123093724   0.2439113333270396   0.2609260401050182
   0.3552274381304324   0.2397717190250667   0.2553454093415281
   0.3514908612186295   0.2357986673794689   0.2499998622989938
   0.3480908607077604   0.2319833366578265   0.2448750269082964
   0.3450123622789127   0.2283173120661588   0.2399565226844084
   0.3422418283729484   0.2247928941051230   0.2352303979112481
   0.3397673131196634   0.2214033564175343   0.2306835212067861
   0.3375784847143862   0.2181431785776507   0.2263039411470537
   0.3356666160810861   0.2150082569667552   0.2220812239650824
   0.3340245430901940   0.2119960947193562   0.2180067759659619
   0.3326465883257920   0.2091059696573459   0.2140741540620077
   0.3315284474219878   0.2063390771233174   0.2102793646000800
   0.3306670343385708   0.2036986426730272   0.2066211473219396
   0.3300602816718313   0.2011899977175661   0.2031012378037559
   0.3297068922692621   0.1988206094840470   0.1997245980527866
   0.3296060391240719   0.1966000551996663   0.1964996011601315
   0.3297570118612909   0.1945399293552435   0.1934381521713422
   0.3301588101796574   0.1926536724740494   0.1905557239026654
   0.3308096874459961   0.1909563102410807   0.1878712836810505
   0.3317066512675012   0.1894640933985514   0.1854070854223111
   0.3328449322344157   0.1881940317382392   0.1831883016871048
   0.3342174369716236   0.1871633200226762   0.1812424730272990
   0.3358142068777438   0.1863886598424257   0.1795987576903709
   0.3376219090398166   0.1858854891966297   0.1782869740815991
   0.3396233902295916   0.1856671406718142   0.1773364415018145
   0.3417973279447473   0.1857439589181605   0.1767746413447166
   0.3441180134374090   0.1861224178203968   0.1766257403221103
   0.3465552998979852   0.1868042862094782   0.1769090378750907
   0.3490747439197389   0.1877858968712274   0.1776374195401972
   0.3516379598328737   0.1890575756795005   0.1788159139707562
   0.3542031946464685   0.1906032848170677   0.1804404606628754
   0.3567261168340957   0.1924005255892614   0.1824969955607074
   0.3591607961933849   0.1944205322798687   0.1849609507771304
   0.3614608360528787   0.1966287696351509   0.1877972421434240
   0.3635806049686674   0.1989857244845361   0.1909607853517484
   0.3654765045010739   0.2014479589701170   0.1943975409884156
   0.3671082041341138   0.2039693714808712   0.1980460451624411
   0.3684397747802554   0.2065025942536232   0.2018393409576923
   0.3694406587452006   0.2090004458268266   0.2057071918215624
   0.3700864258706228   0.2114173534006275   0.2095784355754130
   0.3703592814910047   0.2137106649069235   0.2133833296400727
   0.3702483100180034   0.2158417824005530   0.2170557448500297
   0.3697494563978138   0.2177770655333615   0.2205350852976946
   0.3688652644871149   0.2194884740906828   0.2237678416936610
   0.3676044050520669   0.2209539394135235   0.2267087213997761
   0.3659810356489317   0.2221574737733084   0.2293213349995213
   0.3640140397341857   0.2230890426898472   0.2315784529215604
   0.3617261931735072   0.2237442367351230   0.2334618731629862
   0.3591433035032423   0.2241237861852578   0.2349619607946161
   0.3562933617448563   0.2242329642129413   0.2360769311832983
   0.3532057392841002   0.2240809228364698   0.2368119523230968
   0.3499104542623193   0.2236800014961865   0.2371781386641452
   0.3464375239041025   0.2230450419274481   0.2371915010914141
   0.3428164118401694   0.2221927358900791   0.2368719070344640
   0.3390755731790798   0.2211410250901212   0.2362420927161843
   0.3352420950394004   0.2199085658821131   0.2353267575948886
   0.3313414265154231   0.2185142654540857   0.2341517600707664
   0.3273971895347748   0.2169768913727869   0.2327434241021254
   0.3234310606194889   0.2153147526546298   0.2311279587835582
   0.3194627129890957   0.2135454478728160   0.2293309872096586
   0.3155098085419230   0.2116856740898198   0.2273771769499440
   0.3115880298275150   0.2097510894594961   0.2252899619599703
   0.3077111430113120   0.2077562220079757   0.2230913444728562
   0.3038910838947420   0.2057144172190409   0.2208017650728616
   0.3001380601827767   0.2036378174781330   0.2184400294882019
   0.2964606643087327   0.2015373670533648   0.2160232814299597
   0.2928659921795097   0.1994228370201518   0.2135670118655074
   0.2893597641608330   0.1973028652995369   0.2110850963075894
   0.2859464454644670   0.1951850077302097   0.2085898529211221
   0.2826293638224595   0.1930757967983781   0.2060921154279190
   0.2794108229400182   0.1909808052888276   0.2036013158798578
   0.2762922107164939   0.1889047126852611   0.2011255733482766
   0.2732741016240087   0.1868513726359059   0.1986717854310079
   0.2703563529477142   0.1848238802137077   0.1962457202079736
   0.2675381948328742   0.1828246380444644   0.1938521068878873
   0.2648183142637618   0.1808554206578950   0.1914947238924615
   0.2621949332286038   0.1789174366435053   0.1891764835327713
   0.2596658814130887   0.1770113883728522   0.1868995127578215
   0.2572286638206102   0.1751375291896995   0.1846652297103957
   0.2548805237474769   0.1732957180762683   0.1824744160215399
   0.2526185015516068   0.1714854718832114   0.1803272849230312
   0.2504394896485145   0.1697060152682212   0.1782235453660609
   0.2483402841524839   0.1679563285276560   0.1761624624120109
   0.2463176335566812   0.1662351935308581   0.1741429142142325
   0.2443682848159094   0.1645412379809143   0.1721634459436420
   0.2424890271614349   0.1628729782308183   0.1702223210301738
   0.2406767339400832   0.1612288608822170   0.1683175701002443
   0.2389284027304451   0.1596073033865344   0.1664470379901508
   0.2372411939481203   0.1580067338563016   0.1646084292088549
   0.2356124681097368   0.1564256302786584   0.1627993522124102
   0.2340398218821765   0.1548625593036483   0.1610173628374255
   0.2325211229989647   0.1533162147572652   0.1592600072229989
   0.2310545440800801   0.1517854560032222   0.1575248645297802
   0.2296385953443565   0.1502693462479037   0.1558095897411303
   0.2282721561550153   0.1487671908496367   0.1541119568044083
   0.2269545052885945   0.1472785756558677   0.1524299023396421
   0.2256853497655381   0.1458034053496081   0.1507615701074428
   0.2244648520270418   0.1443419417391251   0.1491053563870338
   0.2232936551875918   0.1428948418718611   0.1474599563676057
   0.2221729060363562   0.1414631957945471   0.1458244116006688
   0.2211042754037605   0.1400485637161802   0.1441981584964397
   0.2200899754530627   0.1386530122588450   0.1425810777723413
   0.2191327734016637   0.1372791494034230   0.1409735446753115
   0.2182360011247296   0.1359301576535175   0.1393764797008663
   0.2174035600462970   0.1346098248522804   0.1377913994201332
   0.2166399206825961   0.1333225719946109   0.1362204669011730
   0.2159501161714565   0.1320734772833007   0.1346665410732474
   0.2153397291033185   0.1308682955846974   0.1331332242334381
   0.2148148709668469   0.1297134723505919   0.1316249067362951
   0.2143821535389447   0.1286161509923161   0.1301468077422140
   0.2140486515887736   0.1275841726252558   0.1287050107335669
   0.2138218563318094   0.1266260670525928   0.1273064923451767
   0.2137096191664176   0.1257510338322424   0.1259591429050323
   0.2137200853548533   0.1249689122771874   0.1246717769511500
   0.2138616174751500   0.1242901392835121   0.1234541318915964
   0.2141427086711746   0.1237256939690481   0.1223168529183885
   0.2145718859649406   0.1232870282447255   0.1212714622845150
   0.2151576041661001   0.1229859826354781   0.1203303111189679
   0.2159081312144920   0.1228346869212791   0.1195065120990728
   0.2168314261166165   0.1228454454827225   0.1188138515324903
   0.2179350109776664   0.1230306076079421   0.1182666797302795
   0.2192258389768252   0.1234024234437407   0.1178797789807847
   0.2207101604725629   0.1239728867452074   0.1176682089603825
   0.2223933897427712   0.1247535660828147   0.1176471300342479
   0.2242799751469606   0.1257554266884940   0.1178316055950416
   0.2263732757294296   0.1269886456439753   0.1182363853404593
   0.2286754474489170   0.1284624236149757   0.1188756721770434
   0.2311873423088540   0.1301847967916596   0.1197628762282394
   0.2339084236621847   0.1321624530871608   0.1209103601873760
   0.2368367008678645   0.1344005569511056   0.1223291809583751
   0.2399686862777368   0.1369025873556139   0.1240288331373248
   0.2432993772309194   0.1396701935921119   0.1260170003788011
   0.2468222653295697   0.1427030734672441   0.1282993210390901
   0.2505293747691791   0.1459988782980108   0.1308791746768370
   0.2544113309049297   0.1495531487765855   0.1337574960080121
   0.2584574595618261   0.1533592853039931   0.1369326227484341
   0.2626559168509126   0.1574085557817491   0.1404001834280102
   0.2669938484498318   0.1616901431069852   0.1441530307217076
   0.2714575764589985   0.1661912337475418   0.1481812251082638
   0.2760328110741732   0.1708971477904451   0.1524720727337956
   0.2807048834461671   0.1757915097761943   0.1570102202203886
   0.2854589952578417   0.1808564584747976   0.1617778078209460
   0.2902804797716877   0.1860728925577931   0.1667546807920952
   0.2951550684264459   0.1914207479128182   0.1719186571624414
   0.3000691565291237   0.1968793011818283   0.1772458482585244
   0.3050100612392191   0.2024274930364431   0.1827110264813845
   0.3099662649102645   0.2080442637940292   0.1882880329891232
   0.3149276369664681   0.2137088932855221   0.1939502162377824
   0.3198856278631210   0.2194013364639053   0.1996708908747226
   0.3248334293067722   0.2251025461316590   0.2054238053728374
   0.3297660957760220   0.2307947743894472   0.2111836061324434
   0.3346806234504036   0.2364618449680926   0.2169262856253624
   0.3395759838729798   0.2420893894791983   0.2226296025410012
   0.3444531109813134   0.2476650417617183   0.2282734628039143
   0.3493148414754937   0.2531785858483886   0.2338402517114607
   0.3541658097858471   0.2586220545500726   0.2393151091970618
   0.3590123000980114   0.2639897771745484   0.2446861422403007
   0.3638620589417040   0.2692783763776664   0.2499445705860056
   0.3687240727186428   0.2744867155166102   0.2550848040658312
   0.3736083152177659   0.2796157990795487   0.2601044518151588
   0.3785254706410323   0.2846686297642876   0.2650042654459439
   0.3834866379535856   0.2896500265520212   0.2697880197036884
   0.3885030225016702   0.2945664086721569   0.2744623352696735
   0.3935856208409440   0.2994255506988894   0.2790364491677350
   0.3987449046198603   0.3042363141914587   0.2835219387284448
   0.4039905091989962   0.3090083613278581   0.2879324053067991
   0.4093309324837939   0.3137518559292205   0.2922831240124560
   0.4147732492233873   0.3184771571701139   0.2965906656709702
   0.4203228457905586   0.3231945111528742   0.3008724971648178
   0.4259831802058943   0.3279137454160359   0.3051465662681869
   0.4317555718918875   0.3326439713595474   0.3094308771358737
   0.4376390253214447   0.3373932995009163   0.3137430627578804
   0.4436300913364521   0.3421685724117496   0.3180999609455409
   0.4497227694307880   0.3469751200971184   0.3225172007441793
   0.4559084536958411   0.3518165424363758   0.3270088065193522
   0.4621759243991023   0.3566945230651523   0.3315868272672937
   0.4685113863015661   0.3616086787069157   0.3362609988717345
   0.4748985538242286   0.3665564474276992   0.3410384469823189
   0.4813187820691717   0.3715330185697248   0.3459234378453183
   0.4877512415225883   0.3765313062147456   0.3509171837143271
   0.4941731330649375   0.3815419669505135   0.3560177083740180
   0.5005599387465902   0.3865534614978338   0.3612197768259655
   0.5068857027207249   0.3915521584533532   0.3665148913532298
   0.5131233358234371   0.3965224770812099   0.3718913540796135
   0.5192449366123381   0.4014470648205858   0.3773343938832507
   0.5252221212653745   0.4063070040435712   0.3828263532489485
   0.5310263546303490   0.4110820416702155   0.3883469284961590
   0.5366292749117014   0.4157508345837639   0.3938734549415341
   0.5420030049725216   0.4202912034282216   0.3993812270688675
   0.5471204439847448   0.4246803873289259   0.4048438427746248
   0.5519555341307998   0.4288952923468743   0.4102335602826758
   0.5564834981860342   0.4329127270286281   0.4155216563808201
   0.5606810450279014   0.4367096191964989   0.4206787751843655
   0.5645265413607892   0.4402632090764810   0.4256752576018262
   0.5680001491564570   0.4435512149161925   0.4304814429616751
   0.5710839294421621   0.4465519683352279   0.4350679357399801
   0.5737619140883903   0.4492445177163860   0.4394058318882943
   0.5760201481375680   0.4516086989410509   0.4434669007910563
   0.5778467059711085   0.4536251736636405   0.4472237202926473
   0.5792316852450351   0.4552754360932862   0.4506497634612923
   0.5801671830558054   0.4565417899070033   0.4537194367622471
   0.5806472592578729   0.4574072974739895   0.4564080700846168
   0.5806678922786221   0.4578557040550401   0.4586918596169433
   0.5802269332035708   0.4578713400954130   0.4605477649289647
   0.5793240643751724   0.4574390052045919   0.4619533618400259
   0.5779607693020488   0.4565438379721319   0.4628866528022519
   0.5761403213501692   0.4551711764743719   0.4633258366763129
   0.5738677995190038   0.4533064152623216   0.4632490400228364
   0.5711501406252957   0.4509348658800787   0.4626340124877465
   0.5679962384494295   0.4480416296562336   0.4614577896696876
   0.5644171018578547   0.4446114937695186   0.4596963282101723
   0.5604260855947865   0.4406288645710099   0.4573241199917479
   0.5560392093024245   0.4360777560325909   0.4543137956009106
   0.5512755822982452   0.4309418561960621   0.4506357320597639
   0.5461579535525223   0.4252047008497131   0.4462576868510954
   0.5407134078970910   0.4188499915908400   0.4411444902388451
   0.5349742303164836   0.4118621051374548   0.4352578418217125
   0.5289789595398574   0.4042268523166518   0.4285562763890773
   0.5227736490397166   0.3959325584399075   0.4209953899226646
   0.5164133464617404   0.3869715512154215   0.4125284505503548
   0.5099637893713023   0.3773421566632326   0.4031075627827511
   0.5035032931930585   0.3670513152497061   0.3926856070973296
   0.4971247727330899   0.3561179354341244   0.3812192398030266
   0.4909377873955234   0.3445770932607555   0.3686733056374785
   0.4850704275299258   0.3324851543437801   0.3550270772160832
   0.4796707613638005   0.3199258242076810   0.3402827710179708
   0.4749074374119664   0.3070170057919921   0.3244767643856800
   0.4709688907568046   0.2939181374923135   0.3076937982547260
   0.4680604486574957   0.2808373815530317   0.2900841209825605
   0.4663985043035438   0.2680376223720924   0.2718829188787492
   0.4662008836139759   0.2558397365179275   0.2534304035313117
   0.4676726520462160   0.2446210815589351   0.2351895525270205
   0.4709869998988105   0.2348067671416058   0.2177568305040517
   0.4762616042765871   0.2268512594371734   0.2018595939100855
   0.4835320365667938   0.2212085405397377   0.1883329773462974
   0.4927252774444825   0.2182906911014573   0.1780698537304078
   0.5036379206865720   0.2184174876189996   0.1719409897025495
   0.5159246634411214   0.2217630829566846   0.1706892946912821
   0.5291025303777590   0.2283091599525466   0.1748112995997722
   0.5425744259597249   0.2378157052685969   0.1844480748264641
   0.5556720114074549   0.2498193297034431   0.1993126220581347
   0.5677132912709766   0.2636642497558915   0.2186774969110220
   0.5780661022723628   0.2785635305576154   0.2414338973448021
   0.5862065296531651   0.2936803621467969   0.2662149242830374
   0.5917621244106317   0.3082139371670368   0.2915580247484069
   0.5945334636245954   0.3214739271162655   0.3160718757744565
   0.5944927547986094   0.3329316371178869   0.3385746871600223
   0.5917630319324763   0.3422427668959235   0.3581823219980858
   0.5865846024084957   0.3492436293425953   0.3743401725376457
   0.5792762587492555   0.3539275281946312   0.3868063260309408
   0.5701977322128866   0.3564099241355274   0.3956014851882904
   0.5597177834373355   0.3568904124471415   0.4009428228042771
   0.5481900632289549   0.3556174399851845   0.4031761693424831
   0.5359370212367314   0.3528591831123335   0.4027161098011502
   0.5232409331049099   0.3488818339761243   0.3999987217926296
   0.5103405354868169   0.3439350292088373   0.3954479449648639
   0.4974316457000622   0.3382433187799365   0.3894542473175179
   0.4846703123747541   0.3320022660889075   0.3823631648937080
   0.4721773395677277   0.3253778033461142   0.3744710635791774
   0.4600433447466684   0.3185076738674438   0.3660257345208831
   0.4483337933454562   0.3115040594266311   0.3572299071309389
   0.4370936761885844   0.3044567483952615   0.3482462693496685
   0.4263516587214566   0.2974364170921234   0.3392030324078344
   0.4161236407164179   0.2904977633312877   0.3301994322994748
   0.4064157335437022   0.2836823505847884   0.3213108205211389
   0.3972267006288558   0.2770211016346965   0.3125931755041200
   0.3885499249842118   0.2705364313869155   0.3040869815024381
   0.3803749730755590   0.2642440380962539   0.2958204908263060
   0.3726888220496284   0.2581543874365798   0.2878124226824015
   0.3654768110830128   0.2522739297714942   0.2800741685553357
   0.3587233696182905   0.2466060912891264   0.2726115779948197
   0.3524125669212079   0.2411520768372244   0.2654263953079923
   0.3465285195047673   0.2359115179411573   0.2585174105613623
   0.3410556859084869   0.2308829946038103   0.2518813796967209
   0.3359790722386304   0.2260644546527782   0.2455137597710906
   0.3312843667731901   0.2214535499256139   0.2394092970537305
   0.3269580177463260   0.2170479046076634   0.2335624982874727
   0.3229872650516168   0.2128453275984171   0.2279680089549752
   0.3193601339353961   0.2088439778659609   0.2226209168640720
   0.3160653966902538   0.2050424893142091   0.2175169946990151
   0.3130925068164986   0.2014400596858318   0.2126528912719558
   0.3104315090225153   0.1980365064099253   0.2080262779486710
   0.3080729277237930   0.1948322910408834   0.2036359540263027
   0.3060076363268527   0.1918285129979152   0.1994819126428284
   0.3042267095085925   0.1890268726885504   0.1955653670571657
   0.3027212608886857   0.1864296037789503   0.1918887358392937
   0.3014822689081221   0.1840393743600811   0.1884555846581226
   0.3005003943330719   0.1818591570553267   0.1852705219757153
   0.2997657935550644   0.1798920687227988   0.1823390460856787
   0.2992679327009951   0.1781411813168575   0.1796673416090400
   0.2989954084323900   0.1766093066659686   0.1772620248113887
   0.2989357821226837   0.1752987593552633   0.1751298389369203
   0.2990754347627644   0.1742111035037827   0.1732773031383807
   0.2993994503603217   0.1733468909017788   0.1717103214375296
   0.2998915356685335   0.1727053995977123   0.1704337613395090
   0.3005339837138695   0.1722843834487877   0.1694510150425230
   0.3013076877203217   0.1720798442089629   0.1687635593657778
   0.3021922106088171   0.1720858382589288   0.1683705332491998
   0.3031659132893412   0.1722943299348331   0.1682683536191019
   0.3042061425143020   0.1726951024747675   0.1684503912360007
   0.3052894762354180   0.1732757358199859   0.1689067275681476
   0.3063920213668631   0.1740216579016996   0.1696240115883734
   0.3074897558123991   0.1749162727190818   0.1705854316315526
   0.3085589037987188   0.1759411646600468   0.1717708121998857
   0.3095763312104125   0.1770763743977944   0.1731568391617549
   0.3105199459610474   0.1783007376287409   0.1747174096138968
   0.3113690876289009   0.1795922742361308   0.1764240953405499
   0.3121048907337675   0.1809286124846072   0.1782467019376750
   0.3127106071472887   0.1822874308343418   0.1801538998876200
   0.3131718751391292   0.1836468990811205   0.1821138996880392
   0.3134769253092222   0.1849861008445379   0.1840951409180245
   0.3136167169223529   0.1862854208887377   0.1860669650219815
   0.3135850016866810   0.1875268832114138   0.1880002435490798
   0.3133783155334757   0.1886944290356254   0.1898679373434816
   0.3129959022107645   0.1897741274916560   0.1916455673191796
   0.3124395752906294   0.1907543155723286   0.1933115834549042
   0.3117135273595689   0.1916256675922671   0.1948476249587006
   0.3108240966320158   0.1923811976329200   0.1962386706596080
   0.3097795019837352   0.1930162011292015   0.1974730841499306
   0.3085895574881491   0.1935281437425970   0.1985425627077758
   0.3072653770439397   0.1939165069344494   0.1994420023894817
   0.3058190787258150   0.1941826002304267   0.2001692938370331
   0.3042634972052392   0.1943293501306876   0.2007250643486814
   0.3026119111072321   0.1943610750804654   0.2011123817477823
   0.3008777906144733   0.1942832549991826   0.2013364347450897
   0.2990745691033658   0.1941023027009363   0.2014042030379977
   0.2972154411776200   0.1938253432437868   0.2013241285410436
   0.2953131882084585   0.1934600059211180   0.2011057970913117
   0.2933800314291304   0.1930142323355980   0.2007596378853858
   0.2914275117779184   0.1924961028329410   0.2002966459097666
   0.2894663950353783   0.1919136825557418   0.1997281308152129
   0.2875066003438777   0.1912748875258606   0.1990654941135849
   0.2855571499087672   0.1905873704811570   0.1983200352700835
   0.2836261375348460   0.1898584256717463   0.1975027862274242
   0.2817207136219918   0.1890949114478082   0.1966243731174101
   0.2798470843035435   0.1883031892262843   0.1956949033641830
   0.2780105225360562   0.1874890772865914   0.1947238760303747
   0.2762153891182554   0.1866578177946818   0.1937201130682481
   0.2744651618126931   0.1858140554705962   0.1926917090789777
   0.2727624709514956   0.1849618263793417   0.1916459972231829
   0.2711091401167159   0.1841045554232215   0.1905895290370166
   0.2695062306881427   0.1832450612330723   0.1895280660670423
   0.2679540892414147   0.1823855672861600   0.1884665814246226
   0.2664523969535250   0.1815277182120748   0.1874092695614779
   0.2650002203294693   0.1806726003792298   0.1863595627710947
   0.2635960627023519   0.1798207659796430   0.1853201531175747
   0.2622379160801098   0.1789722599461257   0.1842930186788514
   0.2609233130161532   0.1781266491425296   0.1832794531616538
   0.2596493782700630   0.1772830533638708   0.1822800980995717
   0.2584128800996310   0.1764401777691401   0.1812949769827696
   0.2572102810886665   0.1755963464460607   0.1803235307889167
   0.2560377884677204   0.1747495368748466   0.1793646544910200
   0.2548914039287205   0.1738974151181798   0.1784167342106850
   0.2537669729707686   0.1730373716182417   0.1774776847667542
   0.2526602338441529   0.1721665575297218   0.1765449874411579
   0.2515668661838631   0.1712819215612385   0.1756157278480169
   0.2504825394432295   0.1703802473373381   0.1746866338502535
   0.2494029612531858   0.1694581913298396   0.1737541135217157
   0.2483239258433153   0.1685123214412401   0.1728142932033938
   0.2472413626672969   0.1675391563544656   0.1718630557507610
   0.2461513853774958   0.1665352057925663   0.1708960791163924
   0.2450503412909039   0.1654970118588979   0.1699088754583806
   0.2439348614809642   0.1644211916526765   0.1688968310109667
   0.2428019116163996   0.1633044813760466   0.1678552469993318
   0.2416488436482724   0.1621437821663582   0.1667793819254837
   0.2404734484192718   0.1609362079003857   0.1656644955962597
   0.2392740092337073   0.1596791352247098   0.1645058953070222
   0.2380493563818180   0.1583702560672496   0.1632989846348207
   0.2367989225566642   0.1570076328775283   0.1620393153314858
   0.2355227990348348   0.1555897568260483   0.1607226428389135
   0.2342217924122477   0.1541156091642527   0.1593449859739052
   0.2328974815921697   0.1525847259038048   0.1579026913461715
   0.2315522746130221   0.1509972659149005   0.1563925030778202
   0.2301894647774385   0.1493540824653550   0.1548116383825697
   0.2288132854004570   0.1476567981222918   0.1531578695341539
   0.2274289623330421   0.1459078828132329   0.1514296127012071
   0.2260427632371366   0.1441107346898590   0.1496260240448180
   0.2246620423906442   0.1422697632522682   0.1477471033584345
   0.2232952795864735   0.1403904739708795   0.1457938053705008
   0.2219521114615928   0.1384795533842206   0.1437681586198013
   0.2206433533539898   0.1365449533513849   0.1416733915429010
   0.2193810095434450   0.1345959727967130   0.1395140650727635
   0.2181782694943447   0.1326433349016258   0.1372962106280001
   0.2170494874963310   0.1306992572772265   0.1350274718643333
   0.2160101429054661   0.1287775121970563   0.1327172479564191
   0.2150767780422737   0.1268934734920374   0.1303768354747943
   0.2142669107246252   0.1250641462239013   0.1280195651195694
   0.2135989184276876   0.1233081747800532   0.1256609286764168
   0.2130918911980188   0.1216458245994919   0.1233186905872362
   0.2127654507348936   0.1200989323814009   0.1210129775051218
   0.2126395335207474   0.1186908193886043   0.1187663381727902
   0.2127341365652035   0.1174461623882026   0.1166037649842361
   0.2130690252510098   0.1163908169289414   0.1145526677386539
   0.2136634039559953   0.1155515881010824   0.1126427894707387
   0.2145355515824595   0.1149559447223693   0.1109060539580384
   0.2157024258480864   0.1146316741012337   0.1093763346947004
   0.2171792421536944   0.1146064761925576   0.1080891359205915
   0.2189790349907873   0.1149074981094998   0.1070811778418777
   0.2211122121047557   0.1155608125857271   0.1063898805933951
   0.2235861138755428   0.1165908470562378   0.1060527448590852
   0.2264045924740908   0.1180197734552601   0.1061066314129960
   0.2295676271312548   0.1198668724767118   0.1065869471207159
   0.2330709931295382   0.1221478897111775   0.1075267510030662
   0.2369060027053229   0.1248744045160446   0.1089558005523249
   0.2410593357504072   0.1280532354035460   0.1108995652319302
   0.2455129768786998   0.1316859078330772   0.1133782405018678
   0.2502442729823727   0.1357682112602037   0.1164058012295974
   0.2552261218209781   0.1402898718510753   0.1199891373657101
   0.2604272975366440   0.1452343652135484   0.1241273166967251
   0.2658129134376931   0.1505788897257645   0.1288110188319284
   0.2713450162103951   0.1562945155930197   0.1340221809909630
   0.2769832992599727   0.1623465178190695   0.1397338895096179
   0.2826859165673161   0.1686948931766671   0.1459105414177995
   0.2884103727270125   0.1752950524803965   0.1525082884008888
   0.2941144601441834   0.1820986705838313   0.1594757616456212
   0.2997572110963915   0.1890546681793581   0.1667550614343724
   0.3052998308008644   0.1961102923046936   0.1742829809735552
   0.3107065779261475   0.2032122570187566   0.1819924209486676
   0.3159455611618799   0.2103079024365369   0.1898139407381752
   0.3209894243684462   0.2173463294678682   0.1976773849465987
   0.3258158981869740   0.2242794692444494   0.2055135205035354
   0.3304082024039954   0.2310630501892434   0.2132556202420570
   0.3347552903656295   0.2376574316368613   0.2208409334717854
   0.3388519338284820   0.2440282803543317   0.2282119921100628
   0.3426986533446614   0.2501470746421727   0.2353177116594845
   0.3463015051957889   0.2559914292839069   0.2421142587643750
   0.3496717407011287   0.2615452428530709   0.2485656702059334
   0.3528253572295232   0.2667986762569333   0.2546442209991138
   0.3557825623671798   0.2717479774944137   0.2603305508528013
   0.3585671734719995   0.2763951721766169   0.2656135679646234
   0.3612059744156462   0.2807476422974649   0.2704901564972805
   0.3637280498849308   0.2848176170848077   0.2749647189274048
   0.3661641154363718   0.2886215996615742   0.2790485868040365
   0.3685458588404307   0.2921797519402252   0.2827593335271731
   0.3709053053749319   0.2955152579519834   0.2861200209235362
   0.3732742168627072   0.2986536829842484   0.2891584081081243
   0.3756835315872206   0.3016223427655919   0.2919061468606542
   0.3781628499035203   0.3044496937676705   0.2943979829885491
   0.3807399684806054   0.3071647527119443   0.2966709783204688
   0.3834404647061029   0.3097965507478868   0.2987637634368216
   0.3862873318513778   0.3123736256243669   0.3007158272770368
   0.3893006650933826   0.3149235535692629   0.3025668465652492
   0.3924973983472975   0.3174725215370147   0.3043560556829324
   0.3958910919878359   0.3200449399494951   0.3061216562297964
   0.3994917718198643   0.3226630959759180   0.3079002650255449
   0.4033058199876373   0.3253468476772259   0.3097263996267959
   0.4073359187756677   0.3281133598629779   0.3116320014250524
   0.4115810483519949   0.3309768831441267   0.3136459978683291
   0.4160365393528953   0.3339485782782928   0.3157939070920254
   0.4206941807477833   0.3370363883643610   0.3180974900127297
   0.4255423826256242   0.3402449616336680   0.3205744564835910
   0.4305663924158706   0.3435756274128912   0.3232382331942592
   0.4357485616408656   0.3470264272396367   0.3260978014161865
   0.4410686586716023   0.3505922020775735   0.3291576122919294
   0.4465042212344656   0.3542647351317819   0.3324175860639743
   0.4520309407254834   0.3580329479818074   0.3358731994407292
   0.4576230688740336   0.3618831457474192   0.3395156623052445
   0.4632538361003443   0.3657993049314711   0.3433321813779353
   0.4688958701533814   0.3697633956159938   0.3473063045169900
   0.4745216033894898   0.3737557279941424   0.3514183354000213
   0.4801036574071279   0.3777553119576350   0.3556458047169626
   0.4856151946904522   0.3817402177483475   0.3599639810371053
   0.4910302283863666   0.3856879255973878   0.3643464024566828
   0.4963238832533595   0.3895756528326484   0.3687654091658497
   0.5014726030486982   0.3933806480964669   0.3731926572684344
   0.5064543020148469   0.3970804439866734   0.3775995955067528
   0.5112484605320841   0.4006530614847398   0.3819578888465934
   0.5158361672774252   0.4040771618071511   0.3862397759415290
   0.5202001122480147   0.4073321436467447   0.3904183510449901
   0.5243245366803400   0.4103981860057430   0.3944677646767751
   0.5281951471728604   0.4132562388319267   0.3983633409932668
   0.5317990021855405   0.4158879653586104   0.4020816131117492
   0.5351243795677167   0.4182756413622311   0.4056002804110082
   0.5381606339079397   0.4204020174734333   0.4088980939531261
   0.5408980523805185   0.4222501512308535   0.4119546775950234
   0.5433277174720097   0.4238032158054091   0.4147502930967855
   0.5454413846018626   0.4250442923254599   0.4172655576546292
   0.5472313822995527   0.4259561525960895   0.4194811218977281
   0.5486905423553823   0.4265210388370830   0.4213773156265815
   0.5498121673046911   0.4267204469798657   0.4229337675908611
   0.5505900428059636   0.4265349201857436   0.4241290045734179
   0.5510185029909545   0.4259438597049977   0.4249400341419027
   0.5510925577453135   0.4249253611274401   0.4253419148434537
   0.5508080921521138   0.4234560856332457   0.4253073175708962
   0.5501621500096358   0.4215111782124044   0.4248060825853930
   0.5491533154026198   0.4190642481830101   0.4238047785749184
   0.5477822087050225   0.4160874319352476   0.4222662735980953
   0.5460521159994112   0.4125515639231008   0.4201493333912594
   0.5439697734907789   0.4084264898056073   0.4174082710785205
   0.5415463306958592   0.4036815655869770   0.4139926848401547
   0.5387985174019294   0.3982863988470882   0.4098473378742492
   0.5357500386826819   0.3922119027633366   0.4049122596512620
   0.5324332182436409   0.3854317503510100   0.3991231809005285
   0.5288909010333240   0.3779243343440204   0.3924124589685762
   0.5251786085843326   0.3696753555305598   0.3847107068235102
   0.5213669111657282   0.3606811756332954   0.3759494085767739
   0.5175439347412605   0.3509530739628244   0.3660648848388471
   0.5138178523195449   0.3405225304786862   0.3550040552571500
   0.5103191128096261   0.3294476072321946   0.3427325169432460
   0.5072020316859118   0.3178203955334231   0.3292454855631871
   0.5046452068233549   0.3057753124157042   0.3145820792309671
   0.5028500394223281   0.2934977396170858   0.2988431861702395
   0.5020364602259997   0.2812320795634855   0.2822126407566743
   0.5024348367065976   0.2692877552735275   0.2649805209760863
   0.5042730516795664   0.2580410510835021   0.2475659820091109
   0.5077580147373399   0.2479301052843026   0.2305351708707497
   0.5130515271787492   0.2394400619525945   0.2146076723380722
   0.5202415695165450   0.2330757194033729   0.2006432351301306
   0.5293117050308247   0.2293203784348153   0.1896002787337364
   0.5401131620262521   0.2285822750455821   0.1824602281519470
   0.5523457470761161   0.2311338625029957   0.1801181452444122
   0.5655542753911500   0.2370534916119081   0.1832502979409217
   0.5791458964931691   0.2461821885200995   0.1921809622506873
   0.5924301826713557   0.2581083705380190   0.2067793407244107
   0.6046786416623695   0.2721891792102943   0.2264176827068318
   0.6151949085723691   0.2876089857235334   0.2500104211988655
   0.6233832811507319   0.3034659259909973   0.2761334145421610
   0.6288030739256307   0.3188696824515580   0.3031995937850183
   0.6311997408838359   0.3330312192516947   0.3296518609574791
   0.6305095697355800   0.3453286344891110   0.3541321527867645
   0.6268408106806380   0.3553409383357519   0.3755968162652547
   0.6204384007926955   0.3628501394262149   0.3933667295851728
   0.6116410458008581   0.3678185534332351   0.4071180893719066
   0.6008385642027785   0.3703512860117174   0.4168309455615911
   0.5884350612741795   0.3706535997089978   0.4227159261107721
   0.5748207839156372   0.3689905645192837   0.4251369250769513
   0.5603532063669228   0.3656533943864742   0.4245418820821476
   0.5453463678595707   0.3609341883754396   0.4214078346104204
   0.5300667294405788   0.3551088969820290   0.4162017377499152
   0.5147336527925777   0.3484272733220208   0.4093556054024953
   0.4995227963919267   0.3411081720724057   0.4012531397469158
   0.4845710769296536   0.3333385884289120   0.3922247159399737
   0.4699822240352315   0.3252750764176694   0.3825479052578042
   0.4558322919996020   0.3170465047934402   0.3724512947907686
   0.4421747552692694   0.3087574149276424   0.3621199730811087
   0.4290450030744161   0.3004914997683974   0.3517015859450454
   0.4164641734073105   0.2923149159246869   0.3413122848098271
   0.4044423424669021   0.2842792769143708   0.3310421912404031
   0.3929811268554154   0.2764242653681373   0.3209602041061884
   0.3820757739789955   0.2687798572382944   0.3111181032840371
   0.3717168200643196   0.2613681821835988   0.3015539776451474
   0.3618913911143338   0.2542050594681442   0.2922950430068556
   0.3525842140506052   0.2473012539222822   0.2833599309406604
   0.3437783957527898   0.2406634959249447   0.2747605310724321
   0.3354560181727433   0.2342953057235725   0.2665034639553320
   0.3275985889420437   0.2281976574342867   0.2585912526492484
   0.3201873792438742   0.2223695127849059   0.2510232511491906
   0.3132036742651007   0.2168082496402983   0.2437963780823684
   0.3066289562247036   0.2115100058563681   0.2369056952977957
   0.3004450356668857   0.2064699551440812   0.2303448633648640
   0.2946341432640840   0.2016825283879307   0.2241064996136233
   0.2891789916502925   0.1971415912028265   0.2181824591056761
   0.2840628146647516   0.1928405863564659   0.2125640546835272
   0.2792693897141125   0.1887726479525850   0.2072422288552491
   0.2747830476602521   0.1849306928898203   0.2022076875829081
   0.2705886736312453   0.1813074940150191   0.1974510039247660
   0.2666717013703606   0.1778957385221164   0.1929626978189472
   0.2630181031313074   0.1746880744610343   0.1887332969950934
   0.2596143766571817   0.1716771476769950   0.1847533829829489
   0.2564475304143318   0.1688556310682739   0.1810136253905224
   0.2535050679664342   0.1662162477051577   0.1775048069998743
   0.2507749721497511   0.1637517890753443   0.1742178417366693
   0.2482456895335566   0.1614551294960729   0.1711437871798895
   0.2459061155091542   0.1593192375491321   0.1682738529668105
   0.2437455802385422   0.1573371852424684   0.1655994061971663
   0.2417538356034065   0.1555021554744445   0.1631119747353035
   0.2399210432221012   0.1538074482685841   0.1608032491393132
   0.2382377635431808   0.1522464861538874   0.1586650838034882
   0.2366949459763388   0.1508128189855548   0.1566894977789248
   0.2352839199834342   0.1495001284310239   0.1548686756321597
   0.2339963870222942   0.1483022322850474   0.1531949686101583
   0.2328244132131727   0.1472130887240043   0.1516608962994513
   0.2317604225813637   0.1462268005629735   0.1502591488961653
   0.2307971907189552   0.1453376195388045   0.1489825901410970
   0.2299278387035489   0.1445399506081188   0.1478242609191829
   0.2291458271115561   0.1438283562206508   0.1467773834753718
   0.2284449499679790   0.1431975605053695   0.1458353661588105
   0.2278193284829566   0.1426424532892532   0.1449918085743093
   0.2272634044373698   0.1421580938562127   0.1442405069941791
   0.2267719330949369   0.1417397143462425   0.1435754598646386
   0.2263399755359984   0.1413827226921384   0.1429908732288821
   0.2259628903280202   0.1410827049927060   0.1424811658833559
   0.2256363244691914   0.1408354272268920   0.1420409740844267
   0.2253562035637706   0.1406368362222357   0.1416651556289868
   0.2251187212104882   0.1404830598029594   0.1413487931440689
   0.2249203276078017   0.1403704060573384   0.1410871964365619
   0.2247577174016168   0.1402953616801690   0.1408759037739346
   0.2246278168217644   0.1402545893636057   0.1407106819896783
   0.2245277701726718   0.1402449242278139   0.1405875253322056
   0.2244549257609324   0.1402633693012559   0.1405026530023679
   0.2244068213575965   0.1403070900785015   0.1404525053518201
   0.2243811693057869   0.1403734082007778   0.1404337387414308
   0.2243758413945402   0.1404597943206818   0.1404432190851455
   0.2243888536275500   0.1405638602272251   0.1404780141295798
   0.2244183510207343   0.1406833503204346   0.1405353845426355
   0.2244625925653265   0.1408161325358854   0.1406127739052094
   0.2245199364936268   0.1409601888286826   0.1407077977182837
   0.2245888259827820   0.1411136053334750   0.1408182315531404
   0.2246677754281897   0.1412745623220569   0.1409419984850074
   0.2247553574125577   0.1414413240830624   0.1410771559600843
   0.2248501904895144   0.1416122288492388   0.1412218822526419
   0.2249509278922118   0.1417856788969487   0.1413744626728409
   0.2250562472678226   0.1419601309400274   0.1415332756872213
   0.2251648415284560   0.1421340869360989   0.1416967791126723
   0.2252754108980200   0.1423060854181030   0.1418634965413165
   0.2253866562231929   0.1424746934573198   0.1420320041483952
   0.2254972736051009   0.1426384993567867   0.1422009180281714
   0.2256059503967605   0.1427961061658908   0.1423688821943637
   0.2257113625999773   0.1429461260982861   0.1425345573719405
   0.2258121736843672   0.1430871759263212   0.1426966106965390
   0.2259070348406028   0.1432178734160503   0.1428537064265743
   0.2259945866699958   0.1433368348578074   0.1430044977615451
   0.2260734623031981   0.1434426737384180   0.1431476198483703
   0.2261422919321907   0.1435340005925279   0.1432816840460427
   0.2261997087318792   0.1436094240623911   0.1434052735076824
   0.2262443561405280   0.1436675531878674   0.1435169401284365
   0.2262748964619379   0.1437070009414227   0.1436152028977610
   0.2262900207466607   0.1437263890166697   0.1436985476856343
   0.2262884599045751   0.1437243538734515   0.1437654284843026
   0.2262689969967428   0.1436995540376845   0.1438142701203830
   0.2262304806504870   0.1436506786500902   0.1438434724466017
   0.2261718395379501   0.1435764572545300   0.1438514160182062
   0.2260920978548183   0.1434756708138064   0.1438364692561292
   0.2259903917322666   0.1433471639383936   0.1437969970972973
   0.2258659865112382   0.1431898583114509   0.1437313711319674
   0.2257182948037300   0.1430027672914625   0.1436379812285183
   0.2255468952605343   0.1427850116717080   0.1435152486475493
   0.2253515519586456   0.1425358365732312   0.1433616406491982
   0.2251322343140159   0.1422546294447536   0.1431756866000131
   0.2248891374162644   0.1419409391387334   0.1429559955881505
   0.2246227026710713   0.1415944960271577   0.1427012755577230
   0.2243336386230647   0.1412152331132797   0.1424103539743367
   0.2240229418168296   0.1408033080859844   0.1420822000337271
   0.2236919175360358   0.1403591262513641   0.1417159484233552
   0.2233422002404759   0.1398833642609839   0.1413109246422412
   0.2229757734979085   0.1393769945378056   0.1408666718765299
   0.2225949891820317   0.1388413102783957   0.1403829794165654
   0.2222025856797199   0.1382779508834970   0.1398599125848538
   0.2218017048200218   0.1376889276379538   0.1392978441224157
   0.2213959072046455   0.1370766494250592   0.1386974869528496
