-0.02905098999999999
-0.032488947
-0.03668088099999999
-0.042515162
-0.050836208
-0.06242293499999999
-0.077968222
-0.09805950599999999
-0.12316042
-0.15359317
-0.18952124
-0.2309319
-0.2776181799999999
-0.32916017
-0.38490605
-0.44395387
-0.50513594
-0.5670085799999999
-0.6278510800000001
-0.6856783100000001
-0.7382722
-0.78323675
-0.81808084
-0.84033062
-0.84767026
-0.83810579
-0.8101413600000001
-0.76295277
-0.69653888
-0.61182971
-0.5107313199999999
-0.39609245
-0.27158641
-0.14151237
-0.01053199199999999
0.1166329
0.23550961
0.34215775
0.4333974999999999
0.5069626699999999
0.5615694000000001
0.59690306
0.6135348999999999
0.61278699
0.5965662100000001
0.5671875
0.52720316
0.47925033
0.4259237899999999
0.36967648
0.31274695
0.2571102
0.2044475
0.15613068
0.1132163999999999
0.076447582
0.046259501
0.02278976599999999
0.0058918833
-0.004847111199999999
-0.010084234
-0.01069265399999999
-0.007727926599999999
-0.0023884846
0.0040289317
0.010177631
0.01471142699999999
0.016335274
0.013854178
0.006218752
-0.0074337508
-0.027743534
-0.055097498
-0.089603187
-0.13106677
-0.17897444
-0.2324771199999999
-0.2903790299999999
-0.35113186
-0.41283764
-0.47326454
-0.5298811399999999
-0.5799148699999999
-0.62044025
-0.64850066
-0.66126415
-0.6562092
-0.63133033
-0.5853471399999999
-0.51789462
-0.42966922
-0.32250522
-0.19936061
-0.06420141700000001
0.078213843
0.22263297
0.36366256
0.4961356399999999
0.6154532299999999
0.71786316
0.8006497599999999
0.8622216999999999
0.9020999299999999
0.92081994
0.91977083
0.9009973000000001
0.8669898
0.8204838900000001
0.76428414
0.7011212200000001
0.6335454099999999
0.56385498
0.4940552099999999
0.4258417999999999
0.36060255
0.29943106
0.24314742
0.19232203
0.1472997
0.10822239
0.075049906
0.047578367
0.025457047
0.008204149699999999
-0.0047776309
-0.014185044
-0.02079716499999999
-0.025456887