   0.2821875147500406   0.1947940374721975   0.2084570313295344
   0.2790803289133946   0.1924186114043819   0.2054821264106785
   0.2761107297340988   0.1901041605471847   0.2025840829627741
   0.2732748747137592   0.1878504015084355   0.1997637689571217
   0.2705687078306206   0.1856566069867500   0.1970212246131832
   0.2679880224109125   0.1835216916957966   0.1943558981609154
   0.2655285123512480   0.1814442686625165   0.1917667279058853
   0.2631858181661112   0.1794227003058861   0.1892522131196647
   0.2609555688178753   0.1774551456416129   0.1868104778685099
   0.2588334199815453   0.1755396042684441   0.1844393291222819
   0.2568150892738259   0.1736739576468298   0.1821363100814724
   0.2548963888878037   0.1718560081077702   0.1798987495044222
   0.2530732559996443   0.1700835159768215   0.1777238077232805
   0.2513417812462460   0.1683542351529154   0.1756085199666703
   0.2496982355102521   0.1666659474395776   0.1735498375470900
   0.2481390951898911   0.1650164958854126   0.1715446674169751
   0.2466610660749077   0.1634038173503619   0.1695899105466979
   0.2452611058957491   0.1618259744734636   0.1676824995291387
   0.2439364455606685   0.1602811871760272   0.1658194357676043
   0.2426846090441597   0.1587678637906322   0.1639978265556441
   0.2415034318398737   0.1572846318605614   0.1622149223075305
   0.2403910778418329   0.1558303686055871   0.1604681541454775
   0.2393460544694130   0.1544042309978708   0.1587551719927606
   0.2383672258045206   0.1530056853356580   0.1570738832592636
   0.2374538234641742   0.1516345361420896   0.1554224921362143
   0.2366054548891408   0.1502909541516869   0.1537995394385331
   0.2358221086904676   0.1489755030779673   0.1522039428450538
   0.2351041566621788   0.1476891647827178   0.1506350372878195
   0.2344523520418737   0.1464333623915089   0.1490926151310289
   0.2338678235836306   0.1452099808225124   0.1475769656578668
   0.2333520650020581   0.1440213841185582   0.1460889132499298
   0.2329069193553163   0.1428704288983443   0.1446298535007773
   0.2325345579616010   0.1417604731752568   0.1432017863549165
   0.2322374534910716   0.1406953797356484   0.1418073452103555
   0.2320183469467406   0.1396795132277465   0.1404498207723869
   0.2318802083462694   0.1387177300935011   0.1391331783060193
   0.2318261910443718   0.1378153604850966   0.1378620668138794
   0.2318595797940741   0.1369781813524513   0.1366418185768468
   0.2319837328347516   0.1362123799747529   0.1354784374492893
   0.2322020185142296   0.1355245073444362   0.1343785743140880
   0.2325177471979072   0.1349214210015310   0.1333494881899661
   0.2329340994838790   0.1344102171637180   0.1323989916600469
   0.2334540520207523   0.1339981523039478   0.1315353795696848
   0.2340803025026212   0.1336925546908213   0.1307673403340027
   0.2348151956789251   0.1335007268206061   0.1301038497068589
   0.2356606524484856   0.1334298401222231   0.1295540474919298
   0.2366181042876491   0.1334868237908382   0.1291270984131155
   0.2376884353719330   0.1336782500792601   0.1288320391849123
   0.2388719347688462   0.1340102188215204   0.1286776147014069
   0.2401682609886814   0.1344882443479692   0.1286721071508420
   0.2415764209659046   0.1351171482417353   0.1288231627059772
   0.2430947651981214   0.1359009615482089   0.1291376211746654
   0.2447210002921520   0.1368428400509655   0.1296213545513301
   0.2464522195665745   0.1379449960442048   0.1302791207199869
   0.2482849516568055   0.1392086496479625   0.1311144385617637
   0.2502152262925193   0.1406340021255629   0.1321294903674023
   0.2522386556079368   0.1422202328857406   0.1333250567221479
   0.2543505285509650   0.1439655209137310   0.1347004879182574
   0.2565459152298146   0.1458670903218180   0.1362537144920895
   0.2588197774287987   0.1479212785998163   0.1379812977440944
   0.2611670810879724   0.1501236250497201   0.1398785191773218
   0.2635829063151306   0.1524689758813287   0.1419395058044943
   0.2660625505116543   0.1549516016009638   0.1441573863621511
   0.2686016204578582   0.1575653217093657   0.1465244717738921
   0.2711961097126925   0.1603036313891160   0.1490324518555324
   0.2738424584120412   0.1631598248384058   0.1516725993635130
   0.2765375934573363   0.1661271102053617   0.1544359721319231
   0.2792789481153559   0.1691987116795262   0.1573136042598268
   0.2820644611346552   0.1723679551649000   0.1602966780911634
   0.2848925565532204   0.1756283350323379   0.1633766700217928
   0.2877621063560270   0.1789735606528829   0.1665454648800697
   0.2906723789771589   0.1823975826640138   0.1697954356352736
   0.2936229772773947   0.1858946001320898   0.1731194873488763
   0.2966137700281386   0.1894590508660896   0.1765110664459342
   0.2996448210769461   0.1930855880407747   0.1799641384016878
   0.3027163202574041   0.1967690469485332   0.1834731386815990
   0.3058285197527941   0.2005044060844308   0.1870329031367501
   0.3089816790601072   0.2042867468652464   0.1906385849675384
   0.3121760209722412   0.2081112160977286   0.1942855657888671
   0.3154117001538165   0.2119729948699373   0.1979693682570318
   0.3186887849868117   0.2158672768839116   0.2016855771831432
   0.3220072524633882   0.2197892584313046   0.2054297751199896
   0.3253669950587401   0.2237341412965776   0.2091974971513348
   0.3287678377737777   0.2276971489179128   0.2129842081327449
   0.3322095629338476   0.2316735552053551   0.2167853040367830
   0.3356919398923082   0.2356587245640578   0.2205961374481834
   0.3392147565315314   0.2396481609439567   0.2244120657344765
   0.3427778493817245   0.2436375631702301   0.2282285190689761
   0.3463811292817163   0.2476228834232118   0.2320410843724451
   0.3500245997679763   0.2516003855405571   0.2358456004124122
   0.3537083657734678   0.2555666998045878   0.2396382587781383
   0.3574326307164859   0.2595188710392826   0.2434157052363201
   0.3611976806287039   0.2634543971510863   0.2471751360502285
   0.3650038545784285   0.2673712556764856   0.2509143841800389
   0.3688515012586824   0.2712679164147555   0.2546319908301867
   0.3727409222027315   0.2751433387935146   0.2583272585198110
   0.3766723026394150   0.2789969532065308   0.2620002826718721
   0.3806456314895215   0.2828286261498981   0.2656519595946480
   0.3846606124203795   0.2866386095413395   0.2692839696208087
   0.3887165682114805   0.2904274751203310   0.2728987350364760
   0.3928123409363944   0.2941960352817873   0.2764993532468534
   0.3969461906358559   0.2979452520858563   0.2800895063662613
   0.4011156952465129   0.3016761365077458   0.2836733490771292
   0.4053176545638917   0.3053896402443820   0.2872553771697721
   0.4095480009616544   0.3090865425810120   0.2908402796527502
   0.4138017194676286   0.3127673349435963   0.2944327777153415
   0.4180727796154191   0.3164321058250838   0.2980374541333660
   0.4223540812536552   0.3200804287781978   0.3016585769410145
   0.4266374162077203   0.3237112561160650   0.3052999213465351
   0.4309134473561091   0.3273228208561327   0.3089645939484962
   0.4351717063106927   0.3309125492830002   0.3126548633094888
   0.4394006104834182   0.3344769862926080   0.3163720008613179
   0.4435874998889700   0.3380117354148867   0.3201161359450356
   0.4477186935826731   0.3415114150967213   0.3238861285259804
   0.4517795651762428   0.3449696324661022   0.3276794627656605
   0.4557546364229482   0.3483789753978988   0.3314921641794557
   0.4596276874317615   0.3517310232707207   0.3353187425667223
   0.4633818816709238   0.3550163763540381   0.3391521622782609
   0.4669999035688717   0.3582247033086993   0.3429838407009745
   0.4704641062274228   0.3613448058371960   0.3468036751118624
   0.4737566665395246   0.3643646990983497   0.3506000973084771
   0.4768597448602458   0.3672717061201330   0.3543601546886284
   0.4797556463202932   0.3700525641184958   0.3580696157576540
   0.4824269808979109   0.3726935403714668   0.3617130974149522
   0.4848568194755279   0.3751805551155930   0.3652742108379972
   0.4870288432963065   0.3774993088313411   0.3687357223618980
   0.4889274844939420   0.3796354112669389   0.3720797254600786
   0.4905380556851786   0.3815745096138001   0.3752878197739097
   0.4918468669751840   0.3833024133850014   0.3783412931161899
   0.4928413291168746   0.3848052137522557   0.3812213024782984
   0.4935100419721380   0.3860693953549350   0.3839090502908867
   0.4938428678319279   0.3870819388943472   0.3863859525056377
   0.4938309895512511   0.3878304131544219   0.3886337954604742
   0.4934669538336964   0.3883030554335107   0.3906348789407200
   0.4927447003504313   0.3884888397195601   0.3923721433323208
   0.4916595776947563   0.3883775322825546   0.3938292792601426
   0.4902083474521413   0.3879597346860883   0.3949908185967627
   0.4883891779060412   0.3872269145285757   0.3958422062007351
   0.4862016291025152   0.3861714245107636   0.3963698521872265
   0.4836466311641274   0.3847865106886773   0.3965611649412207
   0.4807264578792941   0.3830663110108868   0.3964045654509510
   0.4774446977015130   0.3810058454586062   0.3958894838668527
   0.4738062243784222   0.3786009993107674   0.3950063394824442
   0.4698171694981744   0.3758485012492220   0.3937465055940521
   0.4654848992945823   0.3727458982079959   0.3921022609346348
   0.4608179980966884   0.3692915290622665   0.3900667296039665
   0.4558262608455964   0.3654844994553569   0.3876338116460908
   0.4505206971329324   0.3613246602838920   0.3847981066707023
   0.4449135492406854   0.3568125926110664   0.3815548331958878
   0.4390183266783394   0.3519496020643425   0.3778997467262803
   0.4328498597140180   0.3467377261052630   0.3738290599971598
   0.4264243743713810   0.3411797579426164   0.3693393693388916
   0.4197595912975682   0.3352792913014009   0.3644275917785410
   0.4128748507770600   0.3290407907608888   0.3590909183314102
   0.4057912659408987   0.3224696929324081   0.3533267899823577
   0.3985319058585701   0.3155725443498276   0.3471329041543009
   0.3911220096463695   0.3083571825698923   0.3405072610469230
   0.3835892319112498   0.3008329675849866   0.3334482611333863
   0.3759639186850804   0.2930110711731020   0.3259548673429641
   0.3682794113837515   0.2849048321516001   0.3180268480218539
   0.3605723741213365   0.2765301855222450   0.3096651195958548
   0.3528831367766251   0.2679061729986900   0.3008722108276102
   0.3452560423912236   0.2590555411287955   0.2916528734298803
   0.3377397826199892   0.2500054308158215   0.2820148661714533
   0.3303876989246655   0.2407881580674455   0.2719699408868597
   0.3232580199292825   0.2314420797329589   0.2615350580881373
   0.3164139968841253   0.2220125292293900   0.2507338559433381
   0.3099238897461529   0.2125527951863553   0.2395983876033624
   0.3038607464973480   0.2031251000075166   0.2281711261977703
   0.2983019089139267   0.1938015152310562   0.2165072119428019
   0.2933281705255100   0.1846647264139971   0.2046768793082894
   0.2890225090607383   0.1758085329966235   0.1927679520925987
   0.2854683190451709   0.1673379403476554   0.1808882298003146
   0.2827470837769518   0.1593686756946376   0.1691675115505806
   0.2809354533241784   0.1520259426218548   0.1577589194113075
   0.2801017398017928   0.1454422280264294   0.1468391026137379
   0.2803019049952387   0.1397540001964012   0.1366068453511054
   0.2815751976970117   0.1350971966225569   0.1272795883764102
   0.2839396939381965   0.1316015027927539   0.1190874374981238
   0.2873880920422508   0.1293835705413956   0.1122643984286879
   0.2918841994029047   0.1285395090468596   0.1070368650687686
   0.2973605974173865   0.1291371829333935   0.1036097926914283
   0.3037179618569648   0.1312090359115370   0.1021514702087120
   0.3108264291195096   0.1347462801435042   0.1027782886601505
   0.3185292267314770   0.1396953043293582   0.1055412746570034
   0.3266485396473883   0.1459570222707851   0.1104162948167732
   0.3349932939495763   0.1533895997914161   0.1172996423260142
   0.3433682561616795   0.1618145900062025   0.1260101574183445
   0.3515836272823928   0.1710260414940335   0.1362981716610145
   0.3594642065896013   0.1808017125672694   0.1478605577994420
   0.3668572397909483   0.1909152205732682   0.1603602281124584
   0.3736382456843721   0.2011478451737180   0.1734477678991524
   0.3797143993828153   0.2112988096933502   0.1867826615361912
   0.3850253802510221   0.2211931539385266   0.2000517990977215
   0.3895419049024306   0.2306867138280777   0.2129835580390631
   0.3932624065891570   0.2396681486537075   0.2253565712939876
   0.3962084611239758   0.2480583245161532   0.2370031293076258
   0.3984195909759098   0.2558076178884493   0.2478078575346950
   0.3999480199897532   0.2628918260082821   0.2577027657677903
   0.4008538309246421   0.2693073713461477   0.2666599570341205
   0.4012008297276908   0.2750663964866960   0.2746832463374032
   0.4010532729841065   0.2801922020636836   0.2817997417543501
   0.4004734886479485   0.2847153201921571   0.2880521594324993
   0.3995203257649950   0.2886703668029947   0.2934923469795701
   0.3982483090129999   0.2920936952738832   0.2981762241262473
   0.3967073452424906   0.2950217876980931   0.3021601416455601
   0.3949428253052970   0.2974902684846056   0.3054985175933815
   0.3929959777382322   0.2995334025709575   0.3082425297178680
   0.3909043541798093   0.3011839400964731   0.3104396130527527
   0.3887023538549548   0.3024731834351821   0.3121335183474674
   0.3864217217598189   0.3034311744312851   0.3133647166070663
   0.3840919795500628   0.3040869243602652   0.3141709762454468
   0.3817407681225621   0.3044686329531699   0.3145879836208312
   0.3793940960181237   0.3046038635766858   0.3146499192494551
   0.3770764982758357   0.3045196583021242   0.3143899374387459
   0.3748111168557621   0.3042425888983097   0.3138405249979728
   0.3726197170199649   0.3037987480661895   0.3130337349657064
   0.3705226549582029   0.3032136901201549   0.3120013046762486
   0.3685388112325335   0.3025123325581439   0.3107746751515751
   0.3666855029413876   0.3017188302920085   0.3093849320801809
   0.3649783853734287   0.3008564333942279   0.3078626888109410
   0.3634313516998533   0.2999473376016766   0.3062379299679128
   0.3620564371817077   0.2990125349176674   0.3045398313854301
   0.3608637325854711   0.2980716697633905   0.3027965687523791
   0.3598613100664454   0.2971429044369330   0.3010351241143006
   0.3590551637005554   0.2962427962449962   0.2992810965113323
   0.3584491660891924   0.2953861876178357   0.2975585206900669
   0.3580450419755696   0.2945861097952542   0.2958896960765439
   0.3578423595315730   0.2938537002446363   0.2942950270222668
   0.3578385398366070   0.2931981337879402   0.2927928746751911
   0.3580288850138674   0.2926265674122289   0.2913994205953960
   0.3584066254619254   0.2921440988554305   0.2901285423295892
   0.3589629865775689   0.2917537392364194   0.2889917014748601
   0.3596872752774987   0.2914564001833356   0.2879978451985158
   0.3605669864713768   0.2912508960617301   0.2871533226432962
   0.3615879294077343   0.2911339619797925   0.2864618180528373
   0.3627343735091973   0.2911002882273913   0.2859243027317600
   0.3639892129460792   0.2911425716759972   0.2855390080551111
   0.3653341487879839   0.2912515844262725   0.2853014216280377
   0.3667498871488151   0.2914162596489610   0.2852043083529889
   0.3682163513335179   0.2916237941429434   0.2852377575930728
   0.3697129056393126   0.2918597666613542   0.2853892568512310
   0.3712185881942702   0.2921082705692560   0.2856437914589155
   0.3727123500630828   0.2923520589361790   0.2859839687443259
   0.3741732978399034   0.2925726997777103   0.2863901641001894
   0.3755809370997546   0.2927507388854008   0.2868406853730755
   0.3769154144031717   0.2928658675632489   0.2873119511304356
   0.3781577560434343   0.2928970926558339   0.2877786777045894
   0.3792901023822516   0.2928229065342562   0.2882140695330399
   0.3802959374188659   0.2926214552196183   0.2885900072685214
   0.3811603141516653   0.2922707035798141   0.2888772284635746
   0.3818700772858286   0.2917485975366968   0.2890454963740537
   0.3824140858745341   0.2910332244644506   0.2890637535947295
   0.3827834395088848   0.2901029744397742   0.2889002588537242
   0.3829717126415665   0.2889367067120711   0.2885227073676626
   0.3829752024833524   0.2875139276883633   0.2878983377211519
   0.3827931965821418   0.2858149888631509   0.2869940313229017
   0.3824282665992164   0.2838213154545094   0.2857764141682819
   0.3818865948333336   0.2815156790113283   0.2842119749907680
   0.3811783395765680   0.2788825298900204   0.2822672190219395
   0.3803180442416597   0.2759084081835245   0.2799088826246275
   0.3793250931513077   0.2725824542824312   0.2771042411321660
   0.3782242136327923   0.2688970425264867   0.2738215503882643
   0.3770460192503429   0.2648485629970729   0.2700306716965699
   0.3758275821914113   0.2604383768487692   0.2657039399070382
   0.3746130134977985   0.2556739688661629   0.2608173445826611
   0.3734540174700117   0.2505703160215316   0.2553521034392189
   0.3724103706983463   0.2451514811773850   0.2492967135363401
   0.3715502565024086   0.2394524247951840   0.2426495658660260
   0.3709503622178772   0.2335210022950566   0.2354221983740516
   0.3706956206140610   0.2274200781242399   0.2276432346131307
   0.3708784497863812   0.2212296374791632   0.2193630018943528
   0.3715973218700913   0.2150487118951442   0.2106587343798776
   0.3729544758316904   0.2089968567658707   0.2016401335815590
   0.3750525920030446   0.2032148324736661   0.1924548748017065
   0.3779902770665034   0.1978640574263222   0.1832934147288557
   0.3818562805783567   0.1931243400802869   0.1743921890917167
   0.3867224896942590   0.1891893859593604   0.1660340292796228
   0.3926359343158463   0.1862596498686535   0.1585444419720480
   0.3996102760893724   0.1845322992661263   0.1522823848602643
   0.4076175293190435   0.1841883980159771   0.1476244509516856
   0.4165810245740117   0.1853779092169295   0.1449420467519054
   0.4263708083420563   0.1882037045845807   0.1445722545521246
   0.4368026931459115   0.1927063515792913   0.1467845203973906
   0.4476419590808646   0.1988518718036587   0.1517468532667359
   0.4586122256029905   0.2065247491926801   0.1594964450186286
   0.4694092960659478   0.2155280771834880   0.1699200455176036
   0.4797189439641813   0.2255918408924344   0.1827486780763550
   0.4892368427097868   0.2363890587695035   0.1975692796793254
   0.4976883413726429   0.2475581321651630   0.2138529373695570
   0.5048457082383589   0.2587286197834272   0.2309962762719101
   0.5105408443272681   0.2695470725247211   0.2483700906041197
   0.5146722220624815   0.2796996816148380   0.2653681782386185
   0.5172057406224648   0.2889292485232289   0.2814497921854895
   0.5181700845884334   0.2970451405166680   0.2961709063682191
   0.5176478399444732   0.3039261316884065   0.3092019924493452
   0.5157639628816605   0.3095170595583886   0.3203325026895042
   0.5126732124021453   0.3138208782028981   0.3294641845450502
   0.5085479226094991   0.3168879222373834   0.3365964375342183
   0.5035671146314130   0.3188040817901926   0.3418071720665212
   0.4979075376604032   0.3196792525448726   0.3452322484064347
   0.4917368621888994   0.3196369977262653   0.3470458396516575
   0.4852089690561362   0.3188059431702823   0.3474432289530099
   0.4784610968804110   0.3173130843481244   0.3466267956501800
   0.4716125179616428   0.3152789398370292   0.3447953596650033
   0.4647643883218480   0.3128143368646267   0.3421366615436159
   0.4580004384018447   0.3100185440937002   0.3388225366977327
   0.4513882169564020   0.3069784526214034   0.3350062564655015
   0.4449806566715494   0.3037685272474717   0.3308215120709402
   0.4388177858679420   0.3004512895614062   0.3263825727827643
   0.4329284605846090   0.2970781403580241   0.3217852283641295
   0.4273320327777722   0.2936903737954463   0.3171082095275478
   0.4220399028227370   0.2903202754843184   0.3124148576259142
   0.4170569286701117   0.2869922296569832   0.3077548809435734
   0.4123826811386405   0.2837237865177172   0.3031660881121078
   0.4080125463397841   0.2805266604474180   0.2986760299200861
   0.4039386834636398   0.2774076439204029   0.2943035107314345
   0.4001508502668725   0.2743694318636317   0.2900599518614143
   0.3966371105255714   0.2714113577555278   0.2859506035439563
   0.3933844381695979   0.2685300468861992   0.2819756112959180
   0.3903792323326010   0.2657199945832927   0.2781309479795776
   0.3876077565118180   0.2629740783908254   0.2744092258168208
   0.3850565136914947   0.2602840135771467   0.2708004038754219
   0.3827125678091395   0.2576407612335901   0.2672924067580869
   0.3805638204335697   0.2550348978070944   0.2638716698222562
   0.3785992500285743   0.2524569543170332   0.2605236255433735
   0.3768091197136683   0.2498977328132973   0.2572331447969463
   0.3751851579996034   0.2473486068728121   0.2539849459827949
   0.3737207155535576   0.2448018121072742   0.2507639840924640
   0.3724108996129403   0.2422507317440843   0.2475558310222260
   0.3712526861922755   0.2396901813049914   0.2443470576129864
   0.3702450086931874   0.2371166951885914   0.2411256269727184
   0.3693888199208240   0.2345288164995123   0.2378813074920449
   0.3686871228335313   0.2319273896898875   0.2346061124535910
   0.3681449636298612   0.2293158534197858   0.2312947710863683
   0.3677693790603875   0.2267005284448721   0.2279452331296239
   0.3675692882303909   0.2240908922659987   0.2245592052342661
   0.3675553177674517   0.2214998287293451   0.2211427126362037
   0.3677395482517693   0.2189438368091177   0.2177066733098649
   0.3681351694895469   0.2164431785841212   0.2142674641537613
   0.3687560328486144   0.2140219421933785   0.2108474497122070
   0.3696160908118731   0.2117079917220827   0.2074754337508492
   0.3707287174978084   0.2095327730839589   0.2041869832333980
   0.3721059094835319   0.2075309437485950   0.2010245638393813
   0.3737573740912044   0.2057397954700888   0.1980374175254756
   0.3756895224360617   0.2041984439378399   0.1952811076541966
   0.3779043967815567   0.2029467683790838   0.1928166581916870
   0.3803985755230528   0.2020240982632389   0.1907092229156377
   0.3831621133804311   0.2014676636084977   0.1890262408150408
   0.3861775875763395   0.2013108494838900   0.1878350665342872
   0.3894193309153829   0.2015813227070455   0.1872001100521945
   0.3928529374842540   0.2022991269485836   0.1871795759325705
   0.3964351239111764   0.2034748679131871   0.1878219549371784
   0.4001140169528704   0.2051081286684670   0.1891624822689556
   0.4038299157598162   0.2071862620645378   0.1912198276293079
   0.4075165450492130   0.2096836987366263   0.1939933120075407
   0.4111027758273279   0.2125618832602882   0.1974609449949867
   0.4145147471749727   0.2157699079919179   0.2015785380761083
   0.4176782811668043   0.2192458573368131   0.2062800729718273
   0.4205214489941880   0.2229188108976890   0.2114793957504999
   0.4229771250663234   0.2267113905018356   0.2170731798849281
   0.4249853609847276   0.2305426824712716   0.2229449724335545
   0.4264954241487034   0.2343313305892925   0.2289700263875193
   0.4274673749351514   0.2379985822334366   0.2350205459196750
   0.4278730979596462   0.2414710815389166   0.2409709408176386
   0.4276967511528293   0.2446832367064200   0.2467027046510645
   0.4269346448946074   0.2475790378443046   0.2521085926918631
   0.4255946063524614   0.2501132592309842   0.2570958680504654
   0.4236949170309225   0.2522520374293961   0.2615884920081997
   0.4212629319137927   0.2539728672302831   0.2655282409774248
   0.4183334961046699   0.2552640960348085   0.2688748244953109
   0.4149472709431785   0.2561240216616922   0.2716051473299141
   0.4111490687863290   0.2565597087425944   0.2737119004737190
   0.4069862771343196   0.2565856367689566   0.2752016814327685
   0.4025074316493963   0.2562222814995136   0.2760928380109246
   0.3977609765087573   0.2554947142301089   0.2764132077416744
   0.3927942314023405   0.2544312835551781   0.2761978936207370
   0.3876525685417035   0.2530624243168412   0.2754871815764336
   0.3823787908188374   0.2514196202959804   0.2743246706664971
   0.3770126937432056   0.2495345319533407   0.2727556563418482
   0.3715907886278583   0.2474382886400574   0.2708257819353460
   0.3661461621236027   0.2451609361469937   0.2685799543704246
   0.3607084469718472   0.2427310249170220   0.2660615067013560
   0.3553038801378223   0.2401753212016150   0.2633115817687658
   0.3499554267468263   0.2375186223449353   0.2603687070255929
   0.3446829510292101   0.2347836576884365   0.2572685294605888
   0.3395034184448639   0.2319910578366390   0.2540436805949029
   0.3344311160648659   0.2291593768268342   0.2507237439680938
   0.3294778809814373   0.2263051538084955   0.2473353007416538
   0.3246533289094912   0.2234430029512217   0.2439020325686071
   0.3199650771959844   0.2205857223220530   0.2404448643851542
   0.3154189581639712   0.2177444143183881   0.2369821330679883
   0.3110192201061128   0.2149286118675050   0.2335297708508060
   0.3067687143397888   0.2121464059933613   0.2301014949523356
   0.3026690675811405   0.2094045715109675   0.2267089970268528
   0.2987208395279514   0.2067086885553046   0.2233621278259800
   0.2949236659989389   0.2040632584088627   0.2200690738930844
   0.2912763882941294   0.2014718126853428   0.2168365242421284
   0.2877771696473616   0.1989370153826641   0.2136698258465713
   0.2844235997630715   0.1964607576602913   0.2105731274244072
   0.2812127884863111   0.1940442454456735   0.2075495114923474
