0.04165432499999999
0.04569858
0.047057858
0.044957638
0.038702523
0.02768874299999999
0.01141424299999999
-0.010513116
-0.03836845199999999
-0.072302872
-0.1123355
-0.15834347
-0.21004913
-0.26700382
-0.32856852
-0.3938919
-0.46188768
-0.5312138899999999
-0.60025776
-0.6671312099999999
-0.72968238
-0.7855294299999999
-0.83212194
-0.86683435
-0.88709305
-0.89053457
-0.8751877000000001
-0.8396662400000001
-0.78335379
-0.70655813
-0.61061134
-0.49789451
-0.37177257
-0.2364355499999999
-0.096655187
0.04252123
0.17610809
0.29951268
0.4088243699999999
0.50103266
0.5741559299999999
0.6272759599999999
0.6604856400000001
0.67476653
0.6718187399999999
0.6538667099999999
0.6234620699999999
0.58330059
0.53606432
0.48429473
0.43029817
0.37608145
0.32331359
0.2733088
0.22702588
0.18507987
0.14776244
0.11506875
0.08672903899999999
0.06224390099999999
0.040922618
0.021924057
0.004299654
-0.012962034
-0.03088986799999999
-0.050484466
-0.07267308299999999
-0.09826570000000001
-0.12791292
-0.16206611
-0.2009401899999999
-0.24447947
-0.29232722
-0.34379999
-0.39786852
-0.45314766
-0.50789903
-0.56005067
-0.6072387400000001
-0.6468761899999999
-0.6762522699999999
-0.69266464
-0.69358235
-0.67683307
-0.64080228
-0.58462687
-0.50836099
-0.4130901
-0.30097148
-0.17518514
-0.03978947399999999
0.10051125
0.24066746
0.37562203
0.50064817
0.6116505700000001
0.70539879
0.77967296
0.8333146
0.86618839
0.87907087
0.8734879899999999
0.8515257699999999
0.81563615
0.7684561
0.7126521000000001
0.65079662
0.58527822
0.51824301
0.45156297
0.38682534
0.32533723
0.26813986
0.21602805
0.1695715
0.12913541
0.094899301
0.066873416
0.04491289199999999
0.028730332
0.01790760099999999
0.01190775799999999
0.010087963
0.011713968
0.015976546
0.02200986299999999
0.028911516
0.035763634