-0.037186296
-0.054532491
-0.075420277
-0.10049154
-0.13028202
-0.16520013
-0.20550499
-0.25128327
-0.30242456
-0.35859531
-0.41921174
-0.4834131
-0.5500373299999999
-0.61760241
-0.6842979200000001
-0.74799221
-0.80626143
-0.85644666
-0.89574464
-0.92133499
-0.93054352
-0.92103577
-0.89102877
-0.83950248
-0.76638724
-0.67270048
-0.56060739
-0.43338588
-0.2952874
-0.15129836
-0.0068226824
0.13268226
0.26207546
0.37686679
0.47348067
0.5494252699999999
0.60335813
0.6350533
0.64528736
0.63566818
0.60843341
0.56624324
0.51198736
0.44861937
0.37902566
0.3059297899999999
0.23182926
0.15895898
0.08927432700000001
0.024446836
-0.034133659
-0.085355222
-0.12838147
-0.16265211
-0.18788609
-0.20408607
-0.21154141
-0.21082706
-0.2027949
-0.18855534
-0.16944712
-0.14699492
-0.12285554
-0.09875470599999999
-0.07641763399999999
-0.05749720199999999
-0.04350365199999999
-0.035739542
-0.035242841
-0.042740061
-0.058610211
-0.08285939900000001
-0.11510522
-0.1545699
-0.2000814699999999
-0.2500830099999999
-0.30265119
-0.35552658
-0.40615952
-0.45177595
-0.4894675699999999
-0.51630956
-0.52950635
-0.52656213
-0.5054675699999999
-0.46488889
-0.4043401399999999
-0.32431681
-0.2263682999999999
-0.11309088
0.011969621
0.14450484
0.27970765
0.4125878199999999
0.53830632
0.65249195
0.75150679
0.83263505
0.8941819199999999
0.9354812900000001
0.95682322
0.9593194499999999
0.9447300300000001
0.91527361
0.87344146
0.82182996
0.76300103
0.6993745200000001
0.6331525799999999
0.56627279
0.50038514
0.43684748
0.37673381
0.32085083
0.26975892
0.22379462
0.183093
0.1476087399999999
0.11713575
0.091325316
0.069703336
0.05168703899999999
0.036601799
0.023698441
0.012171297
0.0011771172
-0.010145234
-0.022654483