       0.38874033       0.18212940       0.15612219
       0.39438745       0.18064904       0.15023919
       0.40089270       0.18038241       0.14582430
       0.40818899       0.18141988       0.14313098
       0.41617613       0.18381823       0.14238204
       0.42472131       0.18759308       0.14375138
       0.43366181       0.19271314       0.14734637
       0.44281014       0.19909717       0.15319280
       0.45196144       0.20661438       0.16122476
       0.46090279       0.21508856       0.17128118
       0.46942350       0.22430600       0.18311024
       0.47732580       0.23402646       0.19638174
       0.48443460       0.24399637       0.21070637
       0.49060575       0.25396271       0.22565992
       0.49573179       0.26368646       0.24080967
       0.49974512       0.27295407       0.25574004
       0.50261823       0.28158627       0.27007497
       0.50436148       0.28944355       0.28349498
       0.50501880       0.29642833       0.29574806
       0.50466200       0.30248406       0.30665418
       0.50338426       0.30759193       0.31610419
       0.50129361       0.31176582       0.32405410
       0.49850658       0.31504633       0.33051636
       0.49514273       0.31749440       0.33554941
       0.49131993       0.31918520       0.33924662
       0.48715079       0.32020257       0.34172584
       0.48273990       0.32063419       0.34311982
       0.47818209       0.32056778       0.34356823
       0.47356142       0.32008801       0.34321110
       0.46895075       0.31927438       0.34218391
       0.46441185       0.31819970       0.34061402
       0.45999588       0.31692926       0.33861829
       0.45574402       0.31552043       0.33630173
       0.45168840       0.31402264       0.33375694
       0.44785297       0.31247760       0.33106403
       0.44425445       0.31091975       0.32829113
       0.44090331       0.30937678       0.32549500
       0.43780464       0.30787026       0.32272195
       0.43495896       0.30641624       0.32000882
       0.43236303       0.30502593       0.31738394
       0.43001049       0.30370625       0.31486814
       0.42789250       0.30246045       0.31247568
       0.42599827       0.30128863       0.31021519
       0.42431554       0.30018820       0.30809039
       0.42283096       0.29915435       0.30610095
       0.42153046       0.29818043       0.30424305
       0.42039954       0.29725825       0.30251003
       0.41942351       0.29637844       0.30089286
       0.41858772       0.29553068       0.29938062
       0.41787770       0.29470388       0.29796087
       0.41727934       0.29388645       0.29661993
       0.41677900       0.29306637       0.29534320
       0.41636359       0.29223138       0.29411535
       0.41602070       0.29136907       0.29292049
       0.41573863       0.29046699       0.29174229
       0.41550651       0.28951268       0.29056411
       0.41531434       0.28849382       0.28936908
       0.41515305       0.28739823       0.28814012
       0.41501460       0.28621398       0.28685999
       0.41489205       0.28492942       0.28551133
       0.41477966       0.28353332       0.28407670
       0.41467297       0.28201492       0.28253858
       0.41456896       0.28036407       0.28087944
       0.41446612       0.27857136       0.27908180
       0.41436466       0.27662827       0.27712832
       0.41426661       0.27452743       0.27500194
       0.41417606       0.27226281       0.27268609
       0.41409928       0.26983003       0.27016489
       0.41404493       0.26722673       0.26742355
       0.41402427       0.26445291       0.26444873
       0.41405130       0.26151140       0.26122910
       0.41414292       0.25840838       0.25775597
       0.41431907       0.25515387       0.25402408
       0.41460275       0.25176241       0.25003251
       0.41502005       0.24825356       0.24578576
       0.41559999       0.24465264       0.24129493
       0.41637425       0.24099122       0.23657912
       0.41737680       0.23730773       0.23166680
       0.41864324       0.23364781       0.22659737
       0.42020997       0.23006460       0.22142255
       0.42211303       0.22661864       0.21620773
       0.42438681       0.22337758       0.21103299
       0.42706229       0.22041534       0.20599369
       0.43016518       0.21781083       0.20120036
       0.43371375       0.21564605       0.19677771
       0.43771660       0.21400359       0.19286253
       0.44217032       0.21296354       0.18960034
       0.44705740       0.21259978       0.18714051
       0.45234436       0.21297589       0.18563010
       0.45798051       0.21414089       0.18520634
       0.46389734       0.21612504       0.18598823
       0.47000897       0.21893607       0.18806783
       0.47621354       0.22255632       0.19150180
       0.48239580       0.22694107       0.19630425
       0.48843066       0.23201831       0.20244160
       0.49418775       0.23769035       0.20983024
       0.49953652       0.24383704       0.21833754
       0.50435161       0.25032056       0.22778638
       0.50851807       0.25699147       0.23796287
       0.51193607       0.26369542       0.24862678
       0.51452469       0.27028005       0.25952367
       0.51622455       0.27660154       0.27039757
       0.51699915       0.28253022       0.28100315
       0.51683496       0.28795493       0.29111635
       0.51574032       0.29278599       0.30054272
       0.51374335       0.29695656       0.30912305
       0.51088914       0.30042270       0.31673630
       0.50723657       0.30316221       0.32329991
       0.50285490       0.30517252       0.32876789
       0.49782041       0.30646804       0.33312739
       0.49221339       0.30707713       0.33639410
       0.48611534       0.30703904       0.33860713
       0.47960673       0.30640094       0.33982375
       0.47276520       0.30521520       0.34011445
       0.46566411       0.30353710       0.33955838
       0.45837167       0.30142278       0.33823942
       0.45095026       0.29892772       0.33624300
       0.44345619       0.29610552       0.33365348
       0.43593961       0.29300701       0.33055224
       0.42844464       0.28967964       0.32701626
       0.42100966       0.28616718       0.32311725
       0.41366763       0.28250946       0.31892104
       0.40644655       0.27874244       0.31448741
       0.39936985       0.27489824       0.30987008
       0.39245688       0.27100531       0.30511686
       0.38572330       0.26708866       0.30026996
       0.37918159       0.26317010       0.29536633
       0.37284135       0.25926848       0.29043809
       0.36670971       0.25539998       0.28551292
       0.36079167       0.25157838       0.28061453
       0.35509039       0.24781525       0.27576302
       0.34960743       0.24412025       0.27097531
       0.34434303       0.24050130       0.26626547
       0.33929629       0.23696480       0.26164508
       0.33446537       0.23351581       0.25712353
       0.32984762       0.23015820       0.25270826
       0.32543977       0.22689480       0.24840505
       0.32123799       0.22372755       0.24421822
       0.31723804       0.22065760       0.24015081
       0.31343533       0.21768540       0.23620478
       0.30982503       0.21481083       0.23238111
       0.30640209       0.21203323       0.22868001
       0.30316132       0.20935154       0.22510095
       0.30009747       0.20676429       0.22164282
       0.29720522       0.20426971       0.21830399
       0.29447924       0.20186578       0.21508240
       0.29191421       0.19955021       0.21197562
       0.28950488       0.19732059       0.20898092
       0.28724606       0.19517432       0.20609531
       0.28513264       0.19310870       0.20331558
       0.28315964       0.19112098       0.20063839
       0.28132219       0.18920832       0.19806023
       0.27961556       0.18736787       0.19557753
       0.27803518       0.18559678       0.19318663
       0.27657665       0.18389224       0.19088386
       0.27523574       0.18225144       0.18866552
       0.27400840       0.18067169       0.18652796
       0.27289078       0.17915035       0.18446755
       0.27187924       0.17768491       0.18248075
       0.27097033       0.17627298       0.18056409
       0.27016085       0.17491231       0.17871425
       0.26944778       0.17360083       0.17692803
       0.26882835       0.17233666       0.17520242
       0.26830002       0.17111813       0.17353460
       0.26786047       0.16994377       0.17192197
       0.26750760       0.16881238       0.17036217
       0.26723957       0.16772301       0.16885315
       0.26705472       0.16667500       0.16739314
       0.26695163       0.16566797       0.16598070
       0.26692909       0.16470185       0.16461476
       0.26698606       0.16377691       0.16329466
       0.26712171       0.16289371       0.16202012
       0.26733535       0.16205320       0.16079132
       0.26762642       0.16125663       0.15960892
       0.26799450       0.16050561       0.15847403
       0.26843921       0.15980209       0.15738829
       0.26896025       0.15914835       0.15635384
       0.26955732       0.15854699       0.15537337
       0.27023005       0.15800089       0.15445004
       0.27097804       0.15751321       0.15358757
       0.27180071       0.15708733       0.15279014
       0.27269731       0.15672685       0.15206242
       0.27366685       0.15643547       0.15140950
       0.27470803       0.15621701       0.15083684
       0.27581918       0.15607529       0.15035020
       0.27699824       0.15601408       0.14995559
       0.27824265       0.15603699       0.14965913
       0.27954934       0.15614745       0.14946698
       0.28091465       0.15634853       0.14938521
       0.28233432       0.15664294       0.14941963
       0.28380346       0.15703286       0.14957570
       0.28531649       0.15751987       0.14985834
       0.28686719       0.15810490       0.15027181
       0.28844867       0.15878809       0.15081950
       0.29005339       0.15956874       0.15150382
       0.29167322       0.16044527       0.15232607
       0.29329949       0.16141514       0.15328625
       0.29492306       0.16247484       0.15438300
       0.29653440       0.16361989       0.15561351
       0.29812370       0.16484482       0.15697342
       0.29968099       0.16614326       0.15845686
       0.30119627       0.16750793       0.16005640
       0.30265963       0.16893079       0.16176314
       0.30406141       0.17040307       0.16356677
       0.30539233       0.17191544       0.16545568
       0.30664363       0.17345813       0.16741716
       0.30780720       0.17502106       0.16943755
       0.30887571       0.17659402       0.17150245
       0.30984273       0.17816681       0.17359697
       0.31070280       0.17972939       0.17570596
       0.31145153       0.18127206       0.17781426
       0.31208563       0.18278559       0.17990696
       0.31260297       0.18426134       0.18196961
       0.31300259       0.18569138       0.18398847
       0.31328469       0.18706861       0.18595069
       0.31345058       0.18838681       0.18784450
       0.31350268       0.18964072       0.18965934
       0.31344443       0.19082604       0.19138600
       0.31328020       0.19193949       0.19301668
       0.31301523       0.19297878       0.19454503
       0.31265552       0.19394260       0.19596621
       0.31220773       0.19483056       0.19727681
       0.31167904       0.19564315       0.19847490
       0.31107711       0.19638171       0.19955987
       0.31040989       0.19704828       0.20053243
       0.30968555       0.19764558       0.20139447
       0.30891241       0.19817693       0.20214895
       0.30809878       0.19864612       0.20279980
       0.30725290       0.19905735       0.20335178
       0.30638287       0.19941512       0.20381038
       0.30549655       0.19972421       0.20418165
       0.30460153       0.19998950       0.20447210
       0.30370501       0.20021598       0.20468862
       0.30281383       0.20040865       0.20483831
       0.30193437       0.20057245       0.20492838
       0.30107253       0.20071218       0.20496612
       0.30023371       0.20083253       0.20495872
       0.29942281       0.20093793       0.20491327
       0.29864418       0.20103259       0.20483665
       0.29790165       0.20112043       0.20473547
       0.29719848       0.20120505       0.20461603
       0.29653743       0.20128975       0.20448428
       0.29592071       0.20137744       0.20434577
       0.29535001       0.20147070       0.20420563
       0.29482652       0.20157173       0.20406855
       0.29435095       0.20168235       0.20393874
       0.29392352       0.20180403       0.20381995
       0.29354404       0.20193785       0.20371546
       0.29321184       0.20208452       0.20362806
       0.29292589       0.20224439       0.20356007
       0.29268476       0.20241747       0.20351332
       0.29248667       0.20260344       0.20348920
       0.29232951       0.20280162       0.20348865
       0.29221085       0.20301106       0.20351216
       0.29212801       0.20323047       0.20355980
       0.29207801       0.20345832       0.20363124
       0.29205768       0.20369277       0.20372577
       0.29206361       0.20393176       0.20384231
       0.29209222       0.20417299       0.20397942
       0.29213977       0.20441395       0.20413535
       0.29220236       0.20465191       0.20430803
       0.29227600       0.20488396       0.20449509
       0.29235657       0.20510704       0.20469391
       0.29243988       0.20531790       0.20490161
       0.29252170       0.20551319       0.20511506
       0.29259774       0.20568940       0.20533092
       0.29266369       0.20584292       0.20554564
       0.29271523       0.20597005       0.20575550
       0.29274807       0.20606697       0.20595656
       0.29275796       0.20612982       0.20614474
       0.29274066       0.20615464       0.20631580
       0.29269204       0.20613745       0.20646535
       0.29260805       0.20607419       0.20658885
       0.29248473       0.20596079       0.20668163
       0.29231827       0.20579317       0.20673890
       0.29210500       0.20556720       0.20675575
       0.29184143       0.20527879       0.20672714
       0.29152426       0.20492385       0.20664792
       0.29115042       0.20449831       0.20651285
       0.29071709       0.20399817       0.20631658
       0.29022174       0.20341948       0.20605366
       0.28966215       0.20275836       0.20571857
       0.28903646       0.20201107       0.20530569
       0.28834317       0.20117397       0.20480936
       0.28758125       0.20024360       0.20422387
       0.28675011       0.19921669       0.20354346
       0.28584969       0.19809019       0.20276238
       0.28488051       0.19686133       0.20187489
       0.28384369       0.19552767       0.20087531
       0.28274105       0.19408713       0.19975804
       0.28157511       0.19253807       0.19851762
       0.28034922       0.19087933       0.19714879
       0.27906755       0.18911036       0.19564655
       0.27773523       0.18723123       0.19400623
       0.27635833       0.18524275       0.19222359
       0.27494398       0.18314660       0.19029491
       0.27350043       0.18094538       0.18821714
       0.27203708       0.17864276       0.18598799
       0.27056453       0.17624358       0.18360614
       0.26909466       0.17375401       0.18107135
       0.26764064       0.17118164       0.17838471
       0.26621693       0.16853566       0.17554882
       0.26483934       0.16582696       0.17256807
       0.26352493       0.16306831       0.16944883
       0.26229203       0.16027445       0.16619977
       0.26116015       0.15746223       0.16283215
       0.26014985       0.15465070       0.15936010
       0.25928257       0.15186119       0.15580089
       0.25858048       0.14911735       0.15217525
       0.25806619       0.14644513       0.14850762
       0.25776244       0.14387272       0.14482636
       0.25769175       0.14143042       0.14116386
       0.25787601       0.13915042       0.13755670
       0.25833597       0.13706651       0.13404552
       0.25909077       0.13521365       0.13067486
       0.26015730       0.13362749       0.12749282
       0.26154971       0.13234373       0.12455054
       0.26327874       0.13139740       0.12190138
       0.26535118       0.13082204       0.11960002
       0.26776935       0.13064881       0.11770122
       0.27053063       0.13090555       0.11625844
       0.27362711       0.13161580       0.11532226
       0.27704541       0.13279789       0.11493871
       0.28076661       0.13446410       0.11514747
       0.28476641       0.13661992       0.11598025
       0.28901547       0.13926353       0.11745918
       0.29347997       0.14238552       0.11959551
       0.29812238       0.14596880       0.12238869
       0.30290231       0.14998894       0.12582582
       0.30777762       0.15441463       0.12988170
       0.31270554       0.15920856       0.13451930
       0.31764380       0.16432847       0.13969091
       0.32255177       0.16972837       0.14533965
       0.32739152       0.17535995       0.15140141
       0.33212869       0.18117397       0.15780711
       0.33673321       0.18712161       0.16448505
       0.34117980       0.19315574       0.17136326
       0.34544827       0.19923199       0.17837171
       0.34952353       0.20530966       0.18544426
       0.35339550       0.21135231       0.19252021
       0.35705875       0.21732812       0.19954551
       0.36051206       0.22321010       0.20647341
       0.36375788       0.22897593       0.21326482
       0.36680169       0.23460776       0.21988816
       0.36965144       0.24009183       0.22631899
       0.37231690       0.24541794       0.23253929
       0.37480916       0.25057901       0.23853671
       0.37714013       0.25557051       0.24430359
       0.37932219       0.26038996       0.24983607
       0.38136783       0.26503653       0.25513320
       0.38328948       0.26951063       0.26019617
       0.38509938       0.27381360       0.26502761
       0.38680945       0.27794752       0.26963106
       0.38843135       0.28191505       0.27401062
       0.38997645       0.28571932       0.27817063
       0.39145592       0.28936391       0.28211558
       0.39288078       0.29285284       0.28585004
       0.39426199       0.29619063       0.28937871
       0.39561047       0.29938232       0.29270651
       0.39693723       0.30243352       0.29583871
       0.39825333       0.30535047       0.29878106
       0.39956995       0.30814005       0.30153995
       0.40089836       0.31080983       0.30412253
       0.40224989       0.31336805       0.30653679
       0.40363591       0.31582362       0.30879167
       0.40506772       0.31818602       0.31089707
       0.40655652       0.32046534       0.31286388
       0.40811330       0.32267210       0.31470393
       0.40974874       0.32481723       0.31642995
       0.41147308       0.32691195       0.31805549
       0.41329607       0.32896764       0.31959480
       0.41522684       0.33099575       0.32106271
       0.41727375       0.33300765       0.32247451
       0.41944436       0.33501453       0.32384576
       0.42174531       0.33702726       0.32519219
       0.42418221       0.33905632       0.32652949
       0.42675962       0.34111159       0.32787315
       0.42948090       0.34320233       0.32923835
       0.43234824       0.34533705       0.33063974
       0.43536257       0.34752338       0.33209131
       0.43852351       0.34976802       0.33360625
       0.44182941       0.35207666       0.33519681
       0.44527728       0.35445387       0.33687413
       0.44886283       0.35690311       0.33864817
       0.45258048       0.35942662       0.34052755
       0.45642338       0.36202540       0.34251949
       0.46038348       0.36469922       0.34462970
       0.46445156       0.36744656       0.34686232
       0.46861730       0.37026464       0.34921987
       0.47286935       0.37314942       0.35170319
       0.47719545       0.37609564       0.35431147
       0.48158248       0.37909684       0.35704221
       0.48601658       0.38214542       0.35989124
       0.49048328       0.38523268       0.36285279
       0.49496754       0.38834893       0.36591951
       0.49945394       0.39148351       0.36908256
       0.50392673       0.39462492       0.37233171
       0.50836996       0.39776086       0.37565540
       0.51276761       0.40087836       0.37904088
       0.51710362       0.40396383       0.38247433
       0.52136206       0.40700318       0.38594095
       0.52552716       0.40998190       0.38942512
       0.52958342       0.41288510       0.39291049
       0.53351567       0.41569763       0.39638011
       0.53730911       0.41840412       0.39981654
       0.54094939       0.42098905       0.40320195
       0.54442266       0.42343677       0.40651818
       0.54771555       0.42573159       0.40974686
       0.55081528       0.42785774       0.41286942
       0.55370962       0.42979943       0.41586714
       0.55638693       0.43154084       0.41872119
       0.55883620       0.43306612       0.42141263
       0.56104703       0.43435939       0.42392238
       0.56300969       0.43540470       0.42623117
       0.56471511       0.43618602       0.42831954
       0.56615492       0.43668718       0.43016774
       0.56732151       0.43689191       0.43175564
       0.56820805       0.43678370       0.43306263
       0.56880857       0.43634589       0.43406754
       0.56911805       0.43556153       0.43474846
       0.56913253       0.43441345       0.43508262
       0.56884923       0.43288424       0.43504629
       0.56826673       0.43095623       0.43461453
       0.56738517       0.42861159       0.43376113
       0.56620651       0.42583238       0.43245841
       0.56473479       0.42260069       0.43067712
       0.56297653       0.41889884       0.42838627
       0.56094112       0.41470962       0.42555316
       0.55864132       0.41001665       0.42214328
       0.55609380       0.40480485       0.41812045
       0.55331976       0.39906107       0.41344701
       0.55034572       0.39277480       0.40808418
       0.54720424       0.38593921       0.40199271
       0.54393481       0.37855234       0.39513376
       0.54058477       0.37061856       0.38747020
       0.53721022       0.36215037       0.37896843
       0.53387693       0.35317050       0.36960083
       0.53066112       0.34371439       0.35934891
       0.52765002       0.33383294       0.34820748
       0.52494217       0.32359560       0.33618975
       0.52264713       0.31309356       0.32333360
       0.52088449       0.30244300       0.30970895
       0.51978195       0.29178798       0.29542614
       0.51947215       0.28130263       0.28064486
       0.52008805       0.27119207       0.26558303
       0.52175655       0.26169146       0.25052461
       0.52459050       0.25306234       0.23582470
       0.52867884       0.24558554       0.22191010
       0.53407563       0.23955005       0.20927308
       0.54078847       0.23523762       0.19845620
       0.54876746       0.23290331       0.19002647
       0.55789630       0.23275309       0.18453848
       0.56798713       0.23492053       0.18248800
       0.57878077       0.23944536       0.18425992
       0.58995360       0.24625728       0.19007699
       0.60113153       0.25516835       0.19995736
       0.61191039       0.26587642       0.21368937
       0.62188104       0.27798048       0.23082998
       0.63065621       0.29100694       0.25072984
       0.63789607       0.30444370       0.27258257
       0.64332910       0.31777748       0.29549174
       0.64676620       0.33052943       0.31854511
       0.64810650       0.34228465       0.34088545
       0.64733536       0.35271250       0.36176830
       0.64451558       0.36157667       0.38060100
       0.63977394       0.36873553       0.39696103
       0.63328518       0.37413456       0.41059536
       0.62525569       0.37779348       0.42140514
       0.61590831       0.37979059       0.42942090
       0.60546942       0.38024658       0.43477337
       0.59415881       0.37930946       0.43766401
       0.58218240       0.37714164       0.43833839
       0.56972752       0.37390954       0.43706368
       0.55696042       0.36977589       0.43411122
       0.54402547       0.36489434       0.42974377
       0.53104560       0.35940617       0.42420708
       0.51812358       0.35343850       0.41772484
       0.50534380       0.34710372       0.41049632
       0.49277431       0.34049980       0.40269595
       0.48046892       0.33371105       0.39447417
       0.46846916       0.32680924       0.38595908
       0.45680623       0.31985491       0.37725856
       0.44550265       0.31289860       0.36846256
       0.43457380       0.30598218       0.35964534
       0.42402917       0.29914003       0.35086764
       0.41387351       0.29240008       0.34217867
       0.40410775       0.28578479       0.33361786
       0.39472979       0.27931198       0.32521646
       0.38573515       0.27299558       0.31699883
       0.37711753       0.26684624       0.30898364
       0.36886921       0.26087187       0.30118481
       0.36098143       0.25507808       0.29361239
       0.35344472       0.24946860       0.28627319
       0.34624904       0.24404556       0.27917143
       0.33938406       0.23880979       0.27230916
       0.33283927       0.23376105       0.26568669
       0.32660409       0.22889821       0.25930294
       0.32066799       0.22421940       0.25315567
       0.31502053       0.21972220       0.24724175
       0.30965145       0.21540369       0.24155735
       0.30455070       0.21126057       0.23609804
       0.29970844       0.20728927       0.23085901
       0.29511511       0.20348595       0.22583510
       0.29076142       0.19984664       0.22102091
       0.28663837       0.19636721       0.21641089
       0.28273723       0.19304346       0.21199940
       0.27904958       0.18987115       0.20778073
       0.27556729       0.18684600       0.20374916
       0.27228250       0.18396373       0.19989900
       0.26918764       0.18122008       0.19622461
       0.26627541       0.17861083       0.19272042
       0.26353879       0.17613180       0.18938093
       0.26097100       0.17377888       0.18620077
       0.25856552       0.17154802       0.18317466
       0.25631606       0.16943525       0.18029746
       0.25421657       0.16743666       0.17756413
       0.25226121       0.16554844       0.17496980
       0.25044437       0.16376686       0.17250969
       0.24876062       0.16208827       0.17017919
       0.24720473       0.16050913       0.16797380
       0.24577166       0.15902596       0.16588916
       0.24445653       0.15763538       0.16392105
       0.24325463       0.15633411       0.16206536
       0.24216142       0.15511892       0.16031814
       0.24117249       0.15398669       0.15867553
       0.24028358       0.15293438       0.15713380
       0.23949055       0.15195901       0.15568934
       0.23878940       0.15105771       0.15433865
       0.23817625       0.15022764       0.15307834
       0.23764731       0.14946607       0.15190512
       0.23719893       0.14877032       0.15081579
       0.23682754       0.14813778       0.14980725
       0.23652966       0.14756589       0.14887650
       0.23630191       0.14705217       0.14802061
       0.23614099       0.14659420       0.14723674
       0.23604368       0.14618959       0.14652211
       0.23600685       0.14583602       0.14587403
       0.23602743       0.14553123       0.14528987
       0.23610243       0.14527300       0.14476707
       0.23622891       0.14505915       0.14430312
       0.23640401       0.14488755       0.14389558
       0.23662493       0.14475611       0.14354206
       0.23688892       0.14466280       0.14324022
       0.23719331       0.14460561       0.14298775
       0.23753547       0.14458258       0.14278243
       0.23791284       0.14459179       0.14262204
       0.23832289       0.14463135       0.14250442
       0.23876317       0.14469942       0.14242746
       0.23923127       0.14479418       0.14238907
       0.23972486       0.14491387       0.14238721
       0.24024162       0.14505675       0.14241988
       0.24077933       0.14522113       0.14248510
       0.24133580       0.14540534       0.14258094
       0.24190890       0.14560778       0.14270549
       0.24249655       0.14582685       0.14285691
       0.24309674       0.14606102       0.14303335
       0.24370751       0.14630879       0.14323304
       0.24432696       0.14656870       0.14345422
       0.24495325       0.14683934       0.14369518
       0.24558460       0.14711934       0.14395424
       0.24621929       0.14740737       0.14422976
       0.24685566       0.14770216       0.14452017
       0.24749212       0.14800247       0.14482391
       0.24812715       0.14830713       0.14513949
       0.24875926       0.14861501       0.14546544
       0.24938707       0.14892502       0.14580037
       0.25000924       0.14923615       0.14614291
       0.25062450       0.14954741       0.14649177
       0.25123165       0.14985791       0.14684570
       0.25182955       0.15016677       0.14720351
       0.25241713       0.15047320       0.14756407
       0.25299339       0.15077645       0.14792629
       0.25355739       0.15107583       0.14828916
       0.25410827       0.15137072       0.14865173
       0.25464520       0.15166055       0.14901312
       0.25516746       0.15194482       0.14937249
       0.25567437       0.15222306       0.14972908
       0.25616529       0.15249490       0.15008220
       0.25663969       0.15276000       0.15043121
       0.25709705       0.15301808       0.15077556
       0.25753694       0.15326894       0.15111474
       0.25795898       0.15351240       0.15144831
       0.25836282       0.15374836       0.15177592
       0.25874820       0.15397677       0.15209724
       0.25911488       0.15419762       0.15241204
       0.25946268       0.15441096       0.15272013
       0.25979145       0.15461687       0.15302139
       0.26010111       0.15481550       0.15331573
       0.26039159       0.15500701       0.15360315
       0.26066287       0.15519162       0.15388367
       0.26091498       0.15536959       0.15415738
       0.26114797       0.15554119       0.15442439
       0.26136190       0.15570672       0.15468487
       0.26155690       0.15586654       0.15493901
       0.26173310       0.15602099       0.15518704
       0.26189065       0.15617045       0.15542922
       0.26202975       0.15631531       0.15566584
       0.26215059       0.15645597       0.15589718
       0.26225341       0.15659285       0.15612356
       0.26233844       0.15672635       0.15634530
       0.26240595       0.15685689       0.15656273
       0.26245622       0.15698489       0.15677617
       0.26248954       0.15711076       0.15698595
       0.26250623       0.15723490       0.15719239
       0.26250663       0.15735771       0.15739580
       0.26249107       0.15747956       0.15759645
       0.26245994       0.15760083       0.15779464
       0.26241361       0.15772188       0.15799061
       0.26235249       0.15784303       0.15818460
       0.26227703       0.15796463       0.15837682
       0.26218766       0.15808697       0.15856746
       0.26208487       0.15821034       0.15875667
       0.26196917       0.15833503       0.15894459
       0.26184108       0.15846130       0.15913134
       0.26170118       0.15858938       0.15931700
       0.26155007       0.15871951       0.15950164
       0.26138837       0.15885193       0.15968531
       0.26121676       0.15898683       0.15986804
       0.26103593       0.15912443       0.16004985
       0.26084664       0.15926493       0.16023075
       0.26064967       0.15940854       0.16041074
       0.26044583       0.15955544       0.16058982
       0.26023599       0.15970586       0.16076800
       0.26002106       0.15985999       0.16094528
       0.25980197       0.16001805       0.16112169
       0.25957970       0.16018028       0.16129727
       0.25935528       0.16034690       0.16147208
       0.25912976       0.16051818       0.16164620
       0.25890421       0.16069437       0.16181974
       0.25867975       0.16087576       0.16199285
       0.25845753       0.16106265       0.16216572
       0.25823869       0.16125536       0.16233856
       0.25802442       0.16145422       0.16251164
       0.25781591       0.16165957       0.16268525
       0.25761434       0.16187179       0.16285976
       0.25742092       0.16209125       0.16303555
       0.25723683       0.16231833       0.16321305
       0.25706324       0.16255344       0.16339275
       0.25690132       0.16279697       0.16357517
       0.25675218       0.16304934       0.16376085
       0.25661693       0.16331093       0.16395040
       0.25649661       0.16358216       0.16414444
       0.25639222       0.16386339       0.16434361
       0.25630473       0.16415501       0.16454859
       0.25623499       0.16445735       0.16476007
       0.25618384       0.16477074       0.16497873
       0.25615199       0.16509547       0.16520527
       0.25614009       0.16543178       0.16544040
       0.25614870       0.16577987       0.16568478
       0.25617827       0.16613992       0.16593908
       0.25622917       0.16651201       0.16620393
       0.25630162       0.16689618       0.16647993
       0.25639576       0.16729241       0.16676763
       0.25651161       0.16770060       0.16706753
       0.25664905       0.16812057       0.16738006
       0.25680785       0.16855206       0.16770561
       0.25698765       0.16899474       0.16804447
       0.25718795       0.16944817       0.16839686
       0.25740814       0.16991183       0.16876291
       0.25764746       0.17038510       0.16914266
       0.25790503       0.17086727       0.16953604
       0.25817984       0.17135752       0.16994289
       0.25847074       0.17185493       0.17036292
       0.25877647       0.17235848       0.17079576
       0.25909564       0.17286707       0.17124089
       0.25942672       0.17337946       0.17169771
       0.25976809       0.17389433       0.17216546
       0.26011799       0.17441028       0.17264330
       0.26047457       0.17492576       0.17313023
       0.26083587       0.17543918       0.17362516
       0.26119981       0.17594883       0.17412687
       0.26156425       0.17645290       0.17463402
       0.26192693       0.17694951       0.17514516
       0.26228553       0.17743669       0.17565870
       0.26263764       0.17791240       0.17617298
       0.26298078       0.17837450       0.17668620
       0.26331242       0.17882081       0.17719645
       0.26362995       0.17924905       0.17770175
       0.26393073       0.17965691       0.17819998
       0.26421208       0.18004199       0.17868895
       0.26447128       0.18040186       0.17916638
       0.26470558       0.18073402       0.17962987
       0.26491221       0.18103595       0.18007696
       0.26508841       0.18130507       0.18050511
       0.26523141       0.18153878       0.18091169
       0.26533843       0.18173444       0.18129399
       0.26540674       0.18188939       0.18164924
       0.26543361       0.18200095       0.18197459
       0.26541638       0.18206644       0.18226712
       0.26535241       0.18208316       0.18252387
       0.26523914       0.18204841       0.18274179
       0.26507408       0.18195950       0.18291778
       0.26485483       0.18181377       0.18304870
       0.26457909       0.18160855       0.18313135
       0.26424468       0.18134124       0.18316248
       0.26384955       0.18100925       0.18313880
       0.26339180       0.18061006       0.18305700
       0.26286972       0.18014120       0.18291371
       0.26228175       0.17960030       0.18270557
       0.26162656       0.17898505       0.18242918
       0.26090306       0.17829326       0.18208114
       0.26011039       0.17752288       0.18165808
       0.25924799       0.17667197       0.18115662
       0.25831558       0.17573879       0.18057343
       0.25731323       0.17472174       0.17990522
       0.25624134       0.17361947       0.17914876
       0.25510072       0.17243084       0.17830095
       0.25389258       0.17115498       0.17735875
       0.25261858       0.16979134       0.17631931
       0.25128086       0.16833966       0.17517992
       0.24988205       0.16680006       0.17393809
       0.24842535       0.16517308       0.17259157
       0.24691450       0.16345969       0.17113839
       0.24535386       0.16166134       0.16957691
       0.24374843       0.15978002       0.16790588
       0.24210386       0.15781832       0.16612448
       0.24042651       0.15577942       0.16423237
       0.23872343       0.15366723       0.16222978
       0.23700246       0.15148636       0.16011758
       0.23527216       0.14924222       0.15789733
       0.23354188       0.14694107       0.15557138
       0.23182176       0.14459006       0.15314292
       0.23012274       0.14219731       0.15061614
       0.22845651       0.13977192       0.14799625
       0.22683557       0.13732404       0.14528960
       0.22527314       0.13486494       0.14250382
       0.22378315       0.13240699       0.13964784
       0.22238022       0.12996373       0.13673206
       0.22107951       0.12754987       0.13376841
       0.21989674       0.12518130       0.13077045
       0.21884802       0.12287509       0.12775345
       0.21794977       0.12064942       0.12473447
       0.21721855       0.11852361       0.12173241
       0.21667093       0.11651795       0.11876801
       0.21632329       0.11465368       0.11586395
       0.21619161       0.11295283       0.11304473
       0.21629127       0.11143805       0.11033667
       0.21663680       0.11013243       0.10776781
       0.21724158       0.10905928       0.10536772
       0.21811760       0.10824183       0.10316735
       0.21927519       0.10770295       0.10119875
       0.22072266       0.10746481       0.09949473
       0.22246607       0.10754850       0.09808850
       0.22450888       0.10797364       0.09701319
       0.22685175       0.10875796       0.09630136
       0.22949223       0.10991682       0.09598439
       0.23242457       0.11146285       0.09609189
       0.23563955       0.11340544       0.09665096
       0.23912433       0.11575033       0.09768558
       0.24286244       0.11849927       0.09921581
       0.24683373       0.12164965       0.10125716
       0.25101449       0.12519421       0.10381988
       0.25537759       0.12912085       0.10690837
       0.25989276       0.13341251       0.11052065
       0.26452687       0.13804719       0.11464793
       0.26924436       0.14299796       0.11927436
       0.27400770       0.14823324       0.12437685
       0.27877796       0.15371709       0.12992516
       0.28351534       0.15940960       0.13588205
       0.28817984       0.16526747       0.14220371
       0.29273188       0.17124459       0.14884029
       0.29713295       0.17729273       0.15573667
       0.30134622       0.18336231       0.16283330
       0.30533715       0.18940315       0.17006718
       0.30907403       0.19536526       0.17737298
       0.31252842       0.20119964       0.18468414
       0.31567561       0.20685900       0.19193399
       0.31849490       0.21229845       0.19905696
       0.32096983       0.21747611       0.20598958
       0.32308829       0.22235363       0.21267149
       0.32484260       0.22689658       0.21904629
       0.32622942       0.23107483       0.22506232
       0.32724965       0.23486267       0.23067320
       0.32790822       0.23823897       0.23583826
       0.32821382       0.24118710       0.24052278
       0.32817860       0.24369488       0.24469812
       0.32781782       0.24575437       0.24834168
       0.32714953       0.24736160       0.25143665
       0.32619409       0.24851625       0.25397179
       0.32497393       0.24922130       0.25594099
       0.32351307       0.24948264       0.25734280
       0.32183686       0.24930866       0.25817991
       0.31997163       0.24870984       0.25845859
       0.31794442       0.24769837       0.25818811
       0.31578276       0.24628780       0.25738013
       0.31351444       0.24449263       0.25604820
       0.31116739       0.24232809       0.25420714
       0.30876959       0.23980984       0.25187263
       0.30634897       0.23695375       0.24906071
       0.30393346       0.23377580       0.24578739
       0.30155100       0.23029196       0.24206838
       0.29922962       0.22651816       0.23791877
       0.29699764       0.22247039       0.23335291
       0.29488374       0.21816479       0.22838432
       0.29291730       0.21361787       0.22302573
       0.29112855       0.20884683       0.21728916
       0.28954892       0.20386993       0.21118630
       0.28821129       0.19870701       0.20472884
       0.28715034       0.19338010       0.19792912
       0.28640284       0.18791411       0.19080092
       0.28600790       0.18233768       0.18336051
       0.28600722       0.17668409       0.17562793
       0.28644518       0.17099227       0.16762859
       0.28736882       0.16530787       0.15939509
       0.28882767       0.15968438       0.15096950
       0.29087326       0.15418415       0.14240573
       0.29355838       0.14887930       0.13377224
       0.29693588       0.14385243       0.12515482
       0.30105710       0.13919691       0.11665930
       0.30596974       0.13501661       0.10841394
       0.31171520       0.13142491       0.10057112
       0.31832539       0.12854280       0.09330795
       0.32581911       0.12649587       0.08682530
       0.33419807       0.12541003       0.08134466
       0.34344284       0.12540603       0.07710239
       0.35350899       0.12659280       0.07434103
       0.36432390       0.12905993       0.07329759
       0.37578459       0.13286968       0.07418904
       0.38775710       0.13804932       0.07719594
       0.40007782       0.14458450       0.08244537
       0.41255694       0.15241459       0.08999505
       0.42498422       0.16143072       0.09982048
       0.43713672       0.17147725       0.11180731
       0.44878807       0.18235679       0.12575031
       0.45971861       0.19383856       0.14135980
       0.46972536       0.20566958       0.15827546
       0.47863114       0.21758750       0.17608615
       0.48629180       0.22933392       0.19435371
       0.49260123       0.24066681       0.21263818
       0.49749361       0.25137110       0.23052164
       0.50094314       0.26126639       0.24762851
       0.50296142       0.27021169       0.26364062
       0.50359305       0.27810694       0.27830633
       0.50291000       0.28489190       0.29144388
       0.50100539       0.29054282       0.30293951
       0.49798728       0.29506764       0.31274169
       0.49397280       0.29850035       0.32085268
       0.48908297       0.30089516       0.32731870
       0.48343843       0.30232092       0.33221976
       0.47715603       0.30285598       0.33566003
       0.47034638       0.30258393       0.33775922
       0.46311212       0.30159001       0.33864531
       0.45554697       0.29995835       0.33844868
       0.44773522       0.29776998       0.33729766
       0.43975180       0.29510144       0.33531526
       0.43166247       0.29202384       0.33261702
       0.42352443       0.28860245       0.32930970
       0.41538690       0.28489651       0.32549063
       0.40729182       0.28095933       0.32124755
       0.39927464       0.27683851       0.31665884
       0.39136498       0.27257629       0.31179400
       0.38358736       0.26820991       0.30671421
       0.37596181       0.26377206       0.30147301
       0.36850448       0.25929131       0.29611705
       0.36122814       0.25479248       0.29068676
       0.35414268       0.25029707       0.28521702
       0.34725550       0.24582363       0.27973780
       0.34057190       0.24138806       0.27427474
       0.33409538       0.23700393       0.26884967
       0.32782789       0.23268277       0.26348108
       0.32177015       0.22843426       0.25818454
       0.31592176       0.22426653       0.25297307
       0.31028144       0.22018628       0.24785746
       0.30484717       0.21619899       0.24284659
       0.29961630       0.21230904       0.23794764
       0.29458567       0.20851990       0.23316634
       0.28975173       0.20483417       0.22850714
       0.28511059       0.20125376       0.22397340
       0.28065809       0.19777993       0.21956753
       0.27638989       0.19441338       0.21529111
       0.27230148       0.19115435       0.21114501
       0.26838825       0.18800266       0.20712949
       0.26464551       0.18495776       0.20324428
       0.26106856       0.18201878       0.19948868
       0.25765263       0.17918461       0.19586157
       0.25439301       0.17645388       0.19236152
       0.25128497       0.17382506       0.18898683
       0.24832385       0.17129641       0.18573555
       0.24550503       0.16886609       0.18260556
       0.24282394       0.16653214       0.17959454
       0.24027609       0.16429248       0.17670009
       0.23785707       0.16214498       0.17391966
       0.23556254       0.16008744       0.17125064
       0.23338826       0.15811761       0.16869035
       0.23133006       0.15623323       0.16623607
       0.22938387       0.15443200       0.16388506
       0.22754572       0.15271159       0.16163453
       0.22581172       0.15106970       0.15948171
       0.22417807       0.14950402       0.15742382
       0.22264107       0.14801225       0.15545811
       0.22119711       0.14659209       0.15358182
       0.21984268       0.14524128       0.15179224
       0.21857435       0.14395757       0.15008667
       0.21738878       0.14273876       0.14846246
       0.21628271       0.14158266       0.14691698
       0.21525299       0.14048710       0.14544766
       0.21429653       0.13944998       0.14405195
       0.21341033       0.13846922       0.14272736
       0.21259150       0.13754276       0.14147144
       0.21183718       0.13666862       0.14028179
       0.21114463       0.13584483       0.13915605
       0.21051117       0.13506946       0.13809191
       0.20993421       0.13434065       0.13708713
       0.20941122       0.13365655       0.13613948
       0.20893976       0.13301539       0.13524681
       0.20851744       0.13241541       0.13440700
       0.20814198       0.13185492       0.13361800
       0.20781113       0.13133226       0.13287779
       0.20752275       0.13084583       0.13218441
       0.20727475       0.13039405       0.13153594
       0.20706511       0.12997542       0.13093051
       0.20689188       0.12958847       0.13036631
       0.20675320       0.12923178       0.12984156
       0.20664726       0.12890398       0.12935455
       0.20657231       0.12860374       0.12890360
       0.20652670       0.12832979       0.12848709
       0.20650882       0.12808090       0.12810344
       0.20651717       0.12785591       0.12775114
       0.20655026       0.12765368       0.12742870
       0.20660673       0.12747315       0.12713471
       0.20668526       0.12731331       0.12686778
       0.20678461       0.12717317       0.12662661
       0.20690360       0.12705185       0.12640991
       0.20704113       0.12694847       0.12621648
       0.20719618       0.12686223       0.12604515
       0.20736780       0.12679240       0.12589481
       0.20755509       0.12673829       0.12576441
       0.20775726       0.12669926       0.12565297
       0.20797355       0.12667475       0.12555953
       0.20820332       0.12666424       0.12548323
       0.20844598       0.12666728       0.12542325
       0.20870099       0.12668349       0.12537884
       0.20896793       0.12671253       0.12534929
       0.20924642       0.12675414       0.12533397
       0.20953615       0.12680810       0.12533234
       0.20983692       0.12687428       0.12534388
       0.21014854       0.12695260       0.12536816
       0.21047095       0.12704303       0.12540481
       0.21080412       0.12714561       0.12545355
       0.21114810       0.12726046       0.12551414
       0.21150301       0.12738774       0.12558642
       0.21186902       0.12752767       0.12567030
       0.21224637       0.12768055       0.12576578
       0.21263538       0.12784672       0.12587289
       0.21303638       0.12802658       0.12599176
       0.21344981       0.12822059       0.12612259
       0.21387612       0.12842926       0.12626563
       0.21431582       0.12865316       0.12642122
       0.21476948       0.12889291       0.12658976
       0.21523770       0.12914917       0.12677170
       0.21572111       0.12942264       0.12696758
       0.21622039       0.12971407       0.12717799
       0.21673623       0.13002424       0.12740357
       0.21726937       0.13035398       0.12764504
       0.21782054       0.13070413       0.12790315
       0.21839051       0.13107556       0.12817872
       0.21898005       0.13146917       0.12847261
       0.21958993       0.13188586       0.12878571
       0.22022092       0.13232655       0.12911897
       0.22087379       0.13279217       0.12947336
       0.22154929       0.13328363       0.12984987
       0.22224815       0.13380186       0.13024954
       0.22297109       0.13434775       0.13067339
       0.22371878       0.13492219       0.13112247
       0.22449187       0.13552602       0.13159783
       0.22529096       0.13616007       0.13210051
       0.22611661       0.13682512       0.13263154
       0.22696931       0.13752190       0.13319195
       0.22784951       0.13825110       0.13378270
       0.22875760       0.13901334       0.13440475
       0.22969388       0.13980917       0.13505901
       0.23065860       0.14063908       0.13574632
       0.23165192       0.14150345       0.13646749
       0.23267392       0.14240262       0.13722324
       0.23372461       0.14333680       0.13801422
       0.23480388       0.14430612       0.13884101
       0.23591158       0.14531061       0.13970407
       0.23704742       0.14635018       0.14060380
       0.23821105       0.14742464       0.14154047
       0.23940201       0.14853369       0.14251425
       0.24061974       0.14967690       0.14352519
       0.24186360       0.15085373       0.14457322
       0.24313284       0.15206351       0.14565816
       0.24442663       0.15330546       0.14677968
       0.24574403       0.15457866       0.14793733
       0.24708404       0.15588209       0.14913052
       0.24844553       0.15721460       0.15035855
       0.24982732       0.15857490       0.15162056
       0.25122812       0.15996162       0.15291556
       0.25264659       0.16137324       0.15424245
       0.25408128       0.16280815       0.15559997
       0.25553069       0.16426463       0.15698676
       0.25699325       0.16574086       0.15840133
       0.25846732       0.16723492       0.15984207
       0.25995120       0.16874480       0.16130726
       0.26144313       0.17026841       0.16279509
       0.26294132       0.17180358       0.16430363
       0.26444389       0.17334806       0.16583088
       0.26594896       0.17489953       0.16737476
       0.26745456       0.17645565       0.16893309
       0.26895873       0.17801397       0.17050365
       0.27045942       0.17957205       0.17208417
       0.27195460       0.18112736       0.17367229
       0.27344215       0.18267737       0.17526566
       0.27491996       0.18421951       0.17686185
       0.27638588       0.18575118       0.17845845
       0.27783770       0.18726977       0.18005299
       0.27927320       0.18877264       0.18164300
       0.28069014       0.19025715       0.18322602
       0.28208621       0.19172064       0.18479954
       0.28345910       0.19316043       0.18636109
       0.28480643       0.19457386       0.18790818
       0.28612582       0.19595823       0.18943832
       0.28741480       0.19731084       0.19094902
       0.28867090       0.19862898       0.19243779
       0.28989159       0.19990993       0.19390213
       0.29107428       0.20115094       0.19533954
       0.29221635       0.20234924       0.19674748
       0.29331512       0.20350204       0.19812342
       0.29436788       0.20460652       0.19946477
       0.29537184       0.20565983       0.20076893
       0.29632420       0.20665908       0.20203321
       0.29722208       0.20760131       0.20325490
       0.29806258       0.20848354       0.20443119
       0.29884277       0.20930274       0.20555921
       0.29955967       0.21005578       0.20663598
       0.30021030       0.21073951       0.20765840
       0.30079166       0.21135069       0.20862326
       0.30130075       0.21188603       0.20952722
       0.30173459       0.21234214       0.21036679
       0.30209024       0.21271558       0.21113830
       0.30236479       0.21300286       0.21183794
       0.30255544       0.21320039       0.21246169
       0.30265946       0.21330453       0.21300537
       0.30267426       0.21331162       0.21346456
       0.30259740       0.21321792       0.21383468
       0.30242665       0.21301968       0.21411093
       0.30215998       0.21271315       0.21428828
       0.30179568       0.21229457       0.21436153
       0.30133230       0.21176023       0.21432526
       0.30076880       0.21110649       0.21417387
       0.30010453       0.21032978       0.21390158
       0.29933932       0.20942668       0.21350246
       0.29847355       0.20839397       0.21297044
       0.29750818       0.20722864       0.21229935
       0.29644484       0.20592796       0.21148298
       0.29528591       0.20448957       0.21051506
       0.29403457       0.20291153       0.20938941
       0.29269490       0.20119242       0.20809992
       0.29127196       0.19933140       0.20664070
       0.28977186       0.19732834       0.20500611
       0.28820185       0.19518393       0.20319092
       0.28657042       0.19289977       0.20119040
       0.28488734       0.19047854       0.19900048
       0.28316381       0.18792415       0.19661793
       0.28141245       0.18524185       0.19404054
       0.27964745       0.18243842       0.19126730
       0.27788454       0.17952238       0.18829873
       0.27614109       0.17650409       0.18513707
       0.27443610       0.17339604       0.18178662
       0.27279018       0.17021292       0.17825408
       0.27122553       0.16697191       0.17454889
       0.26976585       0.16369277       0.17068363
       0.26843618       0.16039801       0.16667440
       0.26726278       0.15711303       0.16254124
       0.26627281       0.15386615       0.15830851
       0.26549407       0.15068865       0.15400529
       0.26495460       0.14761471       0.14966568
       0.26468220       0.14468126       0.14532905
       0.26470391       0.14192769       0.14104016
       0.26504535       0.13939553       0.13684919
       0.26573007       0.13712786       0.13281147
       0.26677879       0.13516870       0.12898710
       0.26820860       0.13356215       0.12544022
       0.27003221       0.13235141       0.12223801
       0.27225714       0.13157771       0.11944934
       0.27488504       0.13127907       0.11714318
       0.27791110       0.13148903       0.11538661
       0.28132362       0.13223532       0.11424262
       0.28510375       0.13353866       0.11376783
       0.28922549       0.13541162       0.11401000
       0.29365602       0.13785771       0.11500576
       0.29835619       0.14087075       0.11677852
       0.30328142       0.14443458       0.11933681
       0.30838275       0.14852317       0.12267317
       0.31360825       0.15310115       0.12676369
       0.31890442       0.15812474       0.13156839
       0.32421780       0.16354306       0.13703230
       0.32949653       0.16929974       0.14308733
       0.33469179       0.17533474       0.14965474
       0.33975912       0.18158627       0.15664816
       0.34465947       0.18799271       0.16397680
       0.34935993       0.19449437       0.17154875
       0.35383424       0.20103505       0.17927413
       0.35806286       0.20756329       0.18706791
       0.36203288       0.21403330       0.19485219
       0.36573755       0.22040550       0.20255787
       0.36917568       0.22664675       0.21012578
       0.37235092       0.23273020       0.21750705
       0.37527088       0.23863502       0.22466307
       0.37794631       0.24434576       0.23156483
       0.38039029       0.24985173       0.23819203
       0.38261743       0.25514627       0.24453188
       0.38464330       0.26022596       0.25057780
       0.38648382       0.26508997       0.25632815
       0.38815492       0.26973943       0.26178495
       0.38967222       0.27417688       0.26695279
       0.39105085       0.27840589       0.27183795
       0.39230537       0.28243073       0.27644760
       0.39344977       0.28625615       0.28078931
       0.39449751       0.28988728       0.28487069
       0.39546160       0.29332960       0.28869919
       0.39635469       0.29658888       0.29228207
       0.39718921       0.29967131       0.29562646
       0.39797744       0.30258348       0.29873943
       0.39873160       0.30533251       0.30162822
       0.39946391       0.30792609       0.30430037
       0.40018663       0.31037250       0.30676397
       0.40091207       0.31268070       0.30902772
       0.40165259       0.31486031       0.31110117
       0.40242050       0.31692157       0.31299474
       0.40322808       0.31887533       0.31471979
       0.40408745       0.32073300       0.31628867
       0.40501050       0.32250643       0.31771464
       0.40600879       0.32420785       0.31901185
       0.40709343       0.32584975       0.32019525
       0.40827501       0.32744477       0.32128044
       0.40956344       0.32900557       0.32228359
       0.41096790       0.33054469       0.32322125
       0.41249672       0.33207448       0.32411025
       0.41415729       0.33360692       0.32496746
       0.41595597       0.33515352       0.32580971
       0.41789803       0.33672523       0.32665355
       0.41998759       0.33833231       0.32751516
       0.42222757       0.33998423       0.32841014
       0.42461962       0.34168957       0.32935341
       0.42716414       0.34345599       0.33035902
       0.42986022       0.34529008       0.33144005
       0.43270567       0.34719735       0.33260846
       0.43569701       0.34918217       0.33387500
       0.43882949       0.35124772       0.33524910
       0.44209713       0.35339595       0.33673875
       0.44549278       0.35562756       0.33835049
       0.44900813       0.35794203       0.34008926
       0.45263382       0.36033757       0.34195842
       0.45635950       0.36281116       0.34395971
       0.46017392       0.36535861       0.34609319
       0.46406501       0.36797451       0.34835729
       0.46802000       0.37065239       0.35074884
       0.47202550       0.37338468       0.35326304
       0.47606763       0.37616285       0.35589360
       0.48013209       0.37897745       0.35863275
       0.48420433       0.38181817       0.36147138
       0.48826960       0.38467398       0.36439907
       0.49231307       0.38753320       0.36740428
       0.49631994       0.39038354       0.37047440
       0.50027551       0.39321226       0.37359591
       0.50416530       0.39600623       0.37675450
       0.50797506       0.39875198       0.37993520
       0.51169091       0.40143582       0.38312247
       0.51529934       0.40404389       0.38630037
       0.51878731       0.40656222       0.38945263
       0.52214222       0.40897678       0.39256273
       0.52535201       0.41127352       0.39561403
       0.52840513       0.41343841       0.39858983
       0.53129059       0.41545747       0.40147337
       0.53399794       0.41731674       0.40424793
       0.53651729       0.41900233       0.40689682
       0.53883932       0.42050036       0.40940338
       0.54095524       0.42179700       0.41175100
       0.54285686       0.42287839       0.41392301
       0.54453651       0.42373066       0.41590273
       0.54598711       0.42433984       0.41767333
       0.54720216       0.42469187       0.41921777
       0.54817576       0.42477252       0.42051876
       0.54890264       0.42456737       0.42155855
       0.54937825       0.42406179       0.42231893
       0.54959876       0.42324086       0.42278101
       0.54956119       0.42208938       0.42292513
       0.54926353       0.42059187       0.42273070
       0.54870484       0.41873253       0.42217607
       0.54788548       0.41649533       0.42123837
       0.54680724       0.41386404       0.41989337
       0.54547371       0.41082235       0.41811535
       0.54389047       0.40735400       0.41587699
       0.54206552       0.40344300       0.41314932
       0.54000970       0.39907396       0.40990165
       0.53773715       0.39423244       0.40610165
       0.53526586       0.38890547       0.40171549
       0.53261836       0.38308220       0.39670815
       0.52982236       0.37675473       0.39104385
       0.52691153       0.36991912       0.38468679
       0.52392637       0.36257660       0.37760220
       0.52091496       0.35473517       0.36975777
       0.51793391       0.34641130       0.36112562
       0.51504904       0.33763210       0.35168487
       0.51233607       0.32843766       0.34142502
       0.50988101       0.31888380       0.33035010
       0.50778013       0.30904487       0.31848392
       0.50613945       0.29901677       0.30587617
       0.50507345       0.28891970       0.29260962
       0.50470278       0.27890059       0.27880794
       0.50515077       0.26913461       0.26464381
       0.50653855       0.25982526       0.25034662
       0.50897857       0.25120251       0.23620855
       0.51256655       0.24351821       0.22258759
       0.51737203       0.23703818       0.20990567
       0.52342804       0.23203053       0.19863989
       0.53072063       0.22875015       0.18930511
       0.53917933       0.22741991       0.18242677
       0.54867016       0.22820980       0.17850418
       0.55899243       0.23121596       0.17796629
       0.56988095       0.23644258       0.18112419
       0.58101437       0.24378930       0.18812661
       0.59202987       0.25304730       0.19892568
       0.60254325       0.26390549       0.21326008
       0.61217257       0.27596756       0.23066040
       0.62056268       0.28877795       0.25047810
       0.62740770       0.30185405       0.27193493
       0.63246883       0.31472015       0.29418598
       0.63558551       0.32693884       0.31638699
       0.63667925       0.33813627       0.33775649
       0.63575043       0.34801882       0.35762501
       0.63286933       0.35638056       0.37546691
       0.62816330       0.36310219       0.39091385
       0.62180198       0.36814330       0.40375186
       0.61398240       0.37153012       0.41390586
       0.60491533       0.37334114       0.42141651
       0.59481378       0.37369248       0.42641356
       0.58388393       0.37272427       0.42908935
       0.57231873       0.37058915       0.42967491
       0.56029371       0.36744297       0.42842000
       0.54796483       0.36343792       0.42557752
       0.53546774       0.35871774       0.42139217
       0.52291830       0.35341471       0.41609295
       0.51041367       0.34764812       0.40988857
       0.49803402       0.34152372       0.40296540
       0.48584429       0.33513399       0.39548703
       0.47389617       0.32855879       0.38759501
       0.46222990       0.32186642       0.37941036
       0.45087602       0.31511477       0.37103542
       0.43985690       0.30835243       0.36255596
       0.42918817       0.30161994       0.35404316
       0.41887985       0.29495078       0.34555566
       0.40893746       0.28837241       0.33714128
       0.39936283       0.28190713       0.32883870
       0.39015486       0.27557286       0.32067887
       0.38131013       0.26938379       0.31268623
       0.37282341       0.26335099       0.30487981
       0.36468809       0.25748290       0.29727413
       0.35689645       0.25178573       0.28987995
       0.34944005       0.24626386       0.28270493
       0.34230986       0.24092010       0.27575418
       0.33549647       0.23575597       0.26903070
       0.32899027       0.23077193       0.26253576
       0.32278152       0.22596752       0.25626925
       0.31686046       0.22134157       0.25022986
       0.31121739       0.21689227       0.24441539
       0.30584272       0.21261733       0.23882286
       0.30072700       0.20851403       0.23344872
       0.29586099       0.20457936       0.22828892
       0.29123563       0.20081000       0.22333904
       0.28684213       0.19720244       0.21859440
       0.28267192       0.19375302       0.21405007
       0.27871668       0.19045794       0.20970099
       0.27496835       0.18731333       0.20554200
       0.27141915       0.18431525       0.20156787
       0.26806153       0.18145974       0.19777333
       0.26488820       0.17874281       0.19415313
       0.26189214       0.17616049       0.19070205
       0.25906657       0.17370882       0.18741489
       0.25640495       0.17138388       0.18428652
       0.25390099       0.16918177       0.18131189
       0.25154860       0.16709867       0.17848603
       0.24934195       0.16513081       0.17580407
       0.24727541       0.16327446       0.17326121
       0.24534357       0.16152599       0.17085280
       0.24354120       0.15988181       0.16857425
       0.24186328       0.15833843       0.16642112
       0.24030499       0.15689241       0.16438907
       0.23886167       0.15554042       0.16247385
       0.23752883       0.15427917       0.16067136
       0.23630215       0.15310547       0.15897759
       0.23517749       0.15201620       0.15738866
       0.23415083       0.15100832       0.15590079
       0.23321830       0.15007886       0.15451031
       0.23237618       0.14922491       0.15321366
       0.23162085       0.14844366       0.15200740
       0.23094885       0.14773236       0.15088818
       0.23035682       0.14708831       0.14985273
       0.22984148       0.14650889       0.14889792
       0.22939970       0.14599154       0.14802068
       0.22902842       0.14553376       0.14721805
       0.22872468       0.14513311       0.14648715
       0.22848559       0.14478720       0.14582518
       0.22830835       0.14449368       0.14522942
       0.22819024       0.14425028       0.14469723
       0.22812860       0.14405475       0.14422604
       0.22812082       0.14390487       0.14381334
       0.22816438       0.14379850       0.14345669
       0.22825678       0.14373350       0.14315370
       0.22839559       0.14370777       0.14290205
       0.22857841       0.14371926       0.14269946
       0.22880291       0.14376594       0.14254368
       0.22906676       0.14384578       0.14243253
       0.22936770       0.14395679       0.14236386
       0.22970348       0.14409703       0.14233552
       0.23007189       0.14426452       0.14234544
       0.23047073       0.14445734       0.14239154
       0.23089786       0.14467356       0.14247176
       0.23135114       0.14491128       0.14258409
       0.23182846       0.14516861       0.14272651
       0.23232773       0.14544365       0.14289701
       0.23284689       0.14573452       0.14309360
       0.23338390       0.14603937       0.14331428
       0.23393676       0.14635633       0.14355708
       0.23450346       0.14668355       0.14382001
       0.23508204       0.14701919       0.14410109
       0.23567059       0.14736142       0.14439834
       0.23626718       0.14770842       0.14470979
       0.23686997       0.14805839       0.14503344
       0.23747711       0.14840953       0.14536731
       0.23808682       0.14876007       0.14570943
       0.23869734       0.14910827       0.14605780
       0.23930699       0.14945237       0.14641045
       0.23991412       0.14979070       0.14676540
       0.24051714       0.15012156       0.14712068
       0.24111451       0.15044332       0.14747433
       0.24170479       0.15075439       0.14782439
       0.24228658       0.15105320       0.14816895
       0.24285858       0.15133825       0.14850608
       0.24341956       0.15160808       0.14883390
       0.24396838       0.15186131       0.14915055
       0.24450401       0.15209662       0.14945422
       0.24502551       0.15231275       0.14974314
       0.24553205       0.15250854       0.15001557
       0.24602291       0.15268291       0.15026986
       0.24649751       0.15283488       0.15050440
       0.24695537       0.15296357       0.15071767
       0.24739616       0.15306823       0.15090823
       0.24781969       0.15314821       0.15107473
       0.24822591       0.15320301       0.15121594
       0.24861491       0.15323226       0.15133071
       0.24898695       0.15323575       0.15141807
       0.24934244       0.15321341       0.15147714
       0.24968195       0.15316536       0.15150722
       0.25000622       0.15309189       0.15150777
       0.25031617       0.15299349       0.15147843
       0.25061286       0.15287082       0.15141903
       0.25089754       0.15272478       0.15132961
       0.25117163       0.15255647       0.15121043
       0.25143670       0.15236720       0.15106200
       0.25169450       0.15215854       0.15088507
       0.25194692       0.15193226       0.15068065
       0.25219602       0.15169040       0.15045005
       0.25244397       0.15143523       0.15019486
       0.25269312       0.15116927       0.14991697
       0.25294588       0.15089528       0.14961860
       0.25320481       0.15061627       0.14930228
       0.25347253       0.15033549       0.14897087
       0.25375173       0.15005641       0.14862757
       0.25404516       0.14978271       0.14827590
       0.25435557       0.14951830       0.14791971
       0.25468572       0.14926727       0.14756318
       0.25503833       0.14903386       0.14721079
       0.25541607       0.14882246       0.14686731
       0.25582150       0.14863758       0.14653775
       0.25625709       0.14848381       0.14622741
       0.25672512       0.14836576       0.14594173
       0.25722773       0.14828807       0.14568634
       0.25776679       0.14825533       0.14546697
       0.25834399       0.14827204       0.14528941
       0.25896072       0.14834259       0.14515942
       0.25961807       0.14847116       0.14508271
       0.26031683       0.14866173       0.14506484
       0.26105748       0.14891797       0.14511116
       0.26184015       0.14924326       0.14522672
       0.26266462       0.14964058       0.14541620
       0.26353034       0.15011253       0.14568387
       0.26443646       0.15066124       0.14603346
       0.26538177       0.15128838       0.14646815
       0.26636480       0.15199512       0.14699048
       0.26738383       0.15278212       0.14760233
       0.26843690       0.15364954       0.14830483
       0.26952187       0.15459699       0.14909841
       0.27063648       0.15562364       0.14998274
       0.27177839       0.15672814       0.15095674
       0.27294523       0.15790871       0.15201863
       0.27413466       0.15916318       0.15316591
       0.27534444       0.16048902       0.15439549
       0.27657245       0.16188341       0.15570368
       0.27781680       0.16334328       0.15708633
       0.27907581       0.16486540       0.15853887
       0.28034811       0.16644642       0.16005643
       0.28163263       0.16808297       0.16163394
       0.28292868       0.16977166       0.16326625
       0.28423589       0.17150921       0.16494819
       0.28555432       0.17329246       0.16667472
       0.28688437       0.17511842       0.16844099
       0.28822681       0.17698434       0.17024245
       0.28958276       0.17888769       0.17207489
       0.29095369       0.18082623       0.17393453
       0.29234131       0.18279800       0.17581808
       0.29374762       0.18480130       0.17772271
       0.29517480       0.18683473       0.17964613
       0.29662517       0.18889713       0.18158654
       0.29810119       0.19098759       0.18354268
       0.29960533       0.19310540       0.18551372
       0.30114008       0.19525004       0.18749928
       0.30270786       0.19742110       0.18949936
       0.30431099       0.19961828       0.19151430
       0.30595165       0.20184133       0.19354468
       0.30763182       0.20409003       0.19559130
       0.30935327       0.20636411       0.19765506
       0.31111752       0.20866324       0.19973697
       0.31292581       0.21098702       0.20183799
       0.31477911       0.21333491       0.20395905
       0.31667808       0.21570623       0.20610097
       0.31862308       0.21810013       0.20826440
       0.32061418       0.22051558       0.21044979
       0.32265115       0.22295140       0.21265740
       0.32473349       0.22540620       0.21488722
       0.32686041       0.22787843       0.21713900
       0.32903089       0.23036635       0.21941223
       0.33124365       0.23286809       0.22170616
       0.33349722       0.23538163       0.22401983
       0.33578991       0.23790481       0.22635203
       0.33811985       0.24043541       0.22870140
       0.34048501       0.24297108       0.23106639
       0.34288320       0.24550945       0.23344537
       0.34531210       0.24804807       0.23583659
       0.34776924       0.25058450       0.23823824
       0.35025203       0.25311625       0.24064849
       0.35275775       0.25564086       0.24306553
       0.35528354       0.25815587       0.24548754
       0.35782643       0.26065882       0.24791277
       0.36038327       0.26314728       0.25033954
       0.36295079       0.26561882       0.25276621
       0.36552553       0.26807101       0.25519125
       0.36810384       0.27050140       0.25761317
       0.37068190       0.27290754       0.26003054
       0.37325564       0.27528690       0.26244200
       0.37582077       0.27763691       0.26484617
       0.37837274       0.27995487       0.26724167
       0.38090674       0.28223799       0.26962710
       0.38341766       0.28448331       0.27200094
       0.38590013       0.28668769       0.27436154
       0.38834843       0.28884777       0.27670709
       0.39075656       0.29095995       0.27903556
       0.39311820       0.29302035       0.28134460
       0.39542671       0.29502478       0.28363158
       0.39767518       0.29696873       0.28589346
       0.39985636       0.29884730       0.28812675
       0.40196277       0.30065524       0.29032752
       0.40398667       0.30238687       0.29249127
       0.40592008       0.30403610       0.29461294
       0.40775485       0.30559642       0.29668685
       0.40948268       0.30706086       0.29870665
       0.41109517       0.30842201       0.30066534
       0.41258386       0.30967201       0.30255516
       0.41394031       0.31080257       0.30436764
       0.41515613       0.31180495       0.30609352
       0.41622309       0.31267001       0.30772281
       0.41713315       0.31338818       0.30924470
       0.41787858       0.31394954       0.31064760
       0.41845201       0.31434382       0.31191913
       0.41884653       0.31456041       0.31304612
       0.41905582       0.31458844       0.31401462
       0.41907421       0.31441680       0.31480990
       0.41889683       0.31403420       0.31541646
       0.41851968       0.31342924       0.31581807
       0.41793984       0.31259046       0.31599773
       0.41715553       0.31150640       0.31593778
       0.41616631       0.31016576       0.31561984
       0.41497324       0.30855744       0.31502490
       0.41357906       0.30667068       0.31413335
       0.41198836       0.30449524       0.31292503
       0.41020787       0.30202154       0.31137934
       0.40824660       0.29924087       0.30947530
       0.40611618       0.29614566       0.30719173
       0.40383108       0.29272976       0.30450745
       0.40140896       0.28898877       0.30140146
       0.39887094       0.28492048       0.29785335
       0.39624196       0.28052533       0.29384366
       0.39355111       0.27580697       0.28935446
       0.39083195       0.27077295       0.28437003
       0.38812289       0.26543543       0.27887775
       0.38546739       0.25981203       0.27286917
       0.38291425       0.25392681       0.26634139
       0.38051771       0.24781125       0.25929863
       0.37833741       0.24150541       0.25175419
       0.37643821       0.23505899       0.24373271
       0.37488971       0.22853247       0.23527268
       0.37376543       0.22199808       0.22642927
       0.37314165       0.21554059       0.21727732
       0.37309571       0.20925771       0.20791427
       0.37370379       0.20325999       0.19846293
       0.37503813       0.19767001       0.18907360
       0.37716361       0.19262061       0.17992526
       0.38013386       0.18825204       0.17122512
       0.38398684       0.18470786       0.16320621
       0.38874033       0.18212940       0.15612219
