-0.28827193
-0.057575186
0.17514889
0.39985584
0.6071637899999999
0.7890926
0.93961687
1.0549742
1.1337143
1.1765177
1.1858401
1.1654564
1.1199741
1.0543756
0.97362813
0.8823831699999999
0.78476984
0.68427386
0.58368848
0.48512019
0.39003277
0.29931532
0.21336317
0.13216351
0.055380552
-0.017563064
-0.087409923
-0.15499717
-0.2211912299999999
-0.28682745
-0.35265411
-0.41928025
-0.4871273
-0.55638443
-0.6269684500000001
-0.69848961
-0.77022526
-0.84110441
-0.9097069899999999
-0.9742821400000001
-1.0327903
-1.0829731
-1.122454899999999
-1.1488752
-1.1600501
-1.1541541
-1.1299106
-1.0867712
-1.025064999999999
-0.9460926600000001
-0.8521474599999999
-0.7464487499999999
-0.63298433
-0.51627026
-0.40104821
-0.29195012
-0.19316477
-0.10814041
-0.03935152
0.011851543
0.045303028
0.06199569699999999
0.06397968399999999
0.05420225399999999
0.036305373
0.014396302
-0.0071966909
-0.024174319
-0.03251459999999999
-0.028712049
-0.0099984383
0.025467048
0.0784532
0.14857384
0.23428113
0.33294456
0.44101691
0.5542776
0.6681334900000001
0.77794805
0.87936555
0.96859693
1.0426405
1.099419399999999
1.137830799999999
1.157711399999999
1.159734599999999
1.1452589
1.1161493
1.074592999999999
1.0229242
0.9634714900000001
0.8984334199999999
0.82978463
0.7592120000000001
0.68807716
0.6174013
0.5478675899999999
0.47983699
0.41337392
0.348279
0.28412692
0.22030824
0.15607457
0.090586987
0.022967954
-0.047642645
-0.12202683
-0.20082247
-0.28445153
-0.37304259
-0.4663487
-0.56366294
-0.66373598
-0.7647026399999999
-0.8640273
-0.95848135
-1.0441685
-1.1166148
-1.170940099999999
-1.20212
-1.205341599999999
-1.1764374
-1.1123662
-1.011688799999999
-0.87497237
-0.7050490800000001
-0.50706422