       0.24716350       0.14309736       0.14052517
       0.24770143       0.14323558       0.14042870
       0.24828712       0.14343428       0.14038496
       0.24892201       0.14369699       0.14039851
       0.24960733       0.14402705       0.14047374
       0.25034411       0.14442753       0.14061483
       0.25113317       0.14490128       0.14082568
       0.25197508       0.14545083       0.14110992
       0.25287023       0.14607844       0.14147083
       0.25381880       0.14678603       0.14191130
       0.25482078       0.14757518       0.14243384
       0.25587598       0.14844714       0.14304052
       0.25698407       0.14940281       0.14373298
       0.25814457       0.15044276       0.14451239
       0.25935688       0.15156722       0.14537949
       0.26062034       0.15277608       0.14633456
       0.26193420       0.15406895       0.14737745
       0.26329768       0.15544513       0.14850760
       0.26470998       0.15690366       0.14972408
       0.26617033       0.15844335       0.15102560
       0.26767797       0.16006278       0.15241054
       0.26923217       0.16176036       0.15387706
       0.27083229       0.16353434       0.15542307
       0.27247775       0.16538283       0.15704629
       0.27416804       0.16730385       0.15874435
       0.27590275       0.16929533       0.16051477
       0.27768154       0.17135513       0.16235501
       0.27950414       0.17348110       0.16426254
       0.28137035       0.17567102       0.16623485
       0.28328005       0.17792267       0.16826946
       0.28523314       0.18023381       0.17036395
       0.28722954       0.18260219       0.17251599
       0.28926920       0.18502555       0.17472330
       0.29135206       0.18750161       0.17698369
       0.29347801       0.19002807       0.17929503
       0.29564694       0.19260260       0.18165524
       0.29785864       0.19522283       0.18406226
       0.30011286       0.19788634       0.18651408
       0.30240925       0.20059069       0.18900866
       0.30474739       0.20333333       0.19154394
       0.30712673       0.20611170       0.19411783
       0.30954666       0.20892315       0.19672817
       0.31200645       0.21176497       0.19937271
       0.31450529       0.21463439       0.20204916
       0.31704227       0.21752860       0.20475512
       0.31961642       0.22044474       0.20748810
       0.32222668       0.22337994       0.21024556
       0.32487194       0.22633129       0.21302487
       0.32755103       0.22929591       0.21582338
       0.33026275       0.23227094       0.21863840
       0.33300586       0.23525355       0.22146725
       0.33577911       0.23824099       0.22430728
       0.33858120       0.24123058       0.22715591
       0.34141085       0.24421975       0.23001066
       0.34426673       0.24720603       0.23286916
       0.34714750       0.25018711       0.23572921
       0.35005179       0.25316078       0.23858881
       0.35297820       0.25612501       0.24144615
       0.35592524       0.25907790       0.24429965
       0.35889139       0.26201771       0.24714800
       0.36187499       0.26494282       0.24999011
       0.36487430       0.26785176       0.25282518
       0.36788741       0.27074316       0.25565263
       0.37091225       0.27361577       0.25847215
       0.37394653       0.27646838       0.26128364
       0.37698773       0.27929985       0.26408719
       0.38003309       0.28210905       0.26688305
       0.38307952       0.28489483       0.26967163
       0.38612364       0.28765598       0.27245340
       0.38916169       0.29039122       0.27522886
       0.39218958       0.29309912       0.27799851
       0.39520279       0.29577809       0.28076276
       0.39819641       0.29842635       0.28352192
       0.40116509       0.30104186       0.28627608
       0.40410308       0.30362232       0.28902508
       0.40700417       0.30616509       0.29176847
       0.40986173       0.30866724       0.29450543
       0.41266871       0.31112541       0.29723470
       0.41541765       0.31353590       0.29995455
       0.41810070       0.31589456       0.30266273
       0.42070965       0.31819685       0.30535642
       0.42323597       0.32043776       0.30803221
       0.42567081       0.32261187       0.31068602
       0.42800508       0.32471329       0.31331316
       0.43022949       0.32673573       0.31590821
       0.43233457       0.32867245       0.31846511
       0.43431077       0.33051631       0.32097710
       0.43614849       0.33225979       0.32343672
       0.43783813       0.33389499       0.32583586
       0.43937017       0.33541371       0.32816576
       0.44073526       0.33680741       0.33041705
       0.44192421       0.33806731       0.33257973
       0.44292813       0.33918440       0.33464330
       0.44373845       0.34014948       0.33659670
       0.44434702       0.34095319       0.33842843
       0.44474613       0.34158609       0.34012656
       0.44492861       0.34203866       0.34167876
       0.44488789       0.34230139       0.34307241
       0.44461804       0.34236476       0.34429458
       0.44411385       0.34221933       0.34533211
       0.44337089       0.34185579       0.34617164
       0.44238556       0.34126496       0.34679965
       0.44115517       0.34043784       0.34720250
       0.43967797       0.33936570       0.34736646
       0.43795328       0.33804005       0.34727772
       0.43598149       0.33645273       0.34692243
       0.43376417       0.33459594       0.34628671
       0.43130418       0.33246231       0.34535666
       0.42860569       0.33004493       0.34411838
       0.42567435       0.32733741       0.34255799
       0.42251735       0.32433402       0.34066162
       0.41914358       0.32102968       0.33841546
       0.41556375       0.31742017       0.33580576
       0.41179057       0.31350218       0.33281889
       0.40783887       0.30927351       0.32944143
       0.40372587       0.30473327       0.32566022
       0.39947131       0.29988207       0.32146253
       0.39509774       0.29472233       0.31683623
       0.39063075       0.28925858       0.31177006
       0.38609921       0.28349787       0.30625394
       0.38153555       0.27745019       0.30027943
       0.37697604       0.27112904       0.29384026
       0.37246099       0.26455198       0.28693306
       0.36803503       0.25774132       0.27955826
       0.36374723       0.25072490       0.27172109
       0.35965121       0.24353685       0.26343298
       0.35580510       0.23621850       0.25471301
       0.35227135       0.22881924       0.24558972
       0.34911636       0.22139733       0.23610314
       0.34640979       0.21402075       0.22630699
       0.34422361       0.20676770       0.21627098
       0.34263075       0.19972695       0.20608319
       0.34170331       0.19299777       0.19585222
       0.34151033       0.18668927       0.18570889
       0.34211505       0.18091909       0.17580731
       0.34357177       0.17581118       0.16632473
       0.34592232       0.17149269       0.15745992
       0.34919229       0.16808978       0.14942962
       0.35338729       0.16572236       0.14246258
       0.35848951       0.16449805       0.13679126
       0.36445490       0.16450543       0.13264091
       0.37121136       0.16580722       0.13021665
       0.37865837       0.16843380       0.12968912
       0.38666834       0.17237790       0.13118009
       0.39508976       0.17759108       0.13474922
       0.40375239       0.18398265       0.14038396
       0.41247396       0.19142145       0.14799377
       0.42106829       0.19974064       0.15741020
       0.42935386       0.20874522       0.16839304
       0.43716241       0.21822175       0.18064253
       0.44434655       0.22794942       0.19381636
       0.45078603       0.23771125       0.20754989
       0.45639186       0.24730465       0.22147732
       0.46110830       0.25655022       0.23525175
       0.46491269       0.26529825       0.24856215
       0.46781325       0.27343256       0.26114616
       0.46984539       0.28087181       0.27279782
       0.47106693       0.28756837       0.28337044
       0.47155281       0.29350542       0.29277520
       0.47138971       0.29869268       0.30097617
       0.47067101       0.30316150       0.30798314
       0.46949224       0.30695959       0.31384302
       0.46794736       0.31014607       0.31863090
       0.46612579       0.31278688       0.32244148
       0.46411024       0.31495088       0.32538129
       0.46197528       0.31670667       0.32756208
       0.45978656       0.31812012       0.32909546
       0.45760050       0.31925261       0.33008881
       0.45546445       0.32015984       0.33064228
       0.45341714       0.32089119       0.33084694
       0.45148929       0.32148944       0.33078364
       0.44970442       0.32199083       0.33052260
       0.44807967       0.32242537       0.33012356
       0.44662666       0.32281728       0.32963623
       0.44535231       0.32318553       0.32910102
       0.44425964       0.32354443       0.32854997
       0.44334846       0.32390425       0.32800769
       0.44261602       0.32427180       0.32749237
       0.44205754       0.32465101       0.32701677
       0.44166672       0.32504339       0.32658907
       0.44143608       0.32544854       0.32621376
       0.44135734       0.32586450       0.32589239
       0.44142160       0.32628810       0.32562416
       0.44161959       0.32671522       0.32540652
       0.44194179       0.32714102       0.32523564
       0.44237851       0.32756010       0.32510673
       0.44291997       0.32796660       0.32501433
       0.44355631       0.32835430       0.32495255
       0.44427761       0.32871665       0.32491516
       0.44507387       0.32904675       0.32489568
       0.44593502       0.32933740       0.32488742
       0.44685085       0.32958099       0.32488340
       0.44781102       0.32976952       0.32487636
       0.44880505       0.32989447       0.32485858
       0.44982227       0.32994678       0.32482182
       0.45085188       0.32991679       0.32475717
       0.45188293       0.32979412       0.32465488
       0.45290435       0.32956766       0.32450420
       0.45390506       0.32922552       0.32429321
       0.45487401       0.32875495       0.32400870
       0.45580033       0.32814236       0.32363593
       0.45667344       0.32737333       0.32315854
       0.45748323       0.32643262       0.32255840
       0.45822031       0.32530425       0.32181547
       0.45887621       0.32397157       0.32090776
       0.45944368       0.32241748       0.31981121
       0.45991704       0.32062456       0.31849976
       0.46029254       0.31857537       0.31694532
       0.46056876       0.31625278       0.31511795
       0.46074709       0.31364040       0.31298602
       0.46083221       0.31072310       0.31051656
       0.46083268       0.30748761       0.30767572
       0.46076144       0.30392333       0.30442936
       0.46063643       0.30002318       0.30074394
       0.46048120       0.29578466       0.29658757
       0.46032544       0.29121107       0.29193145
       0.46020551       0.28631285       0.28675160
       0.46016485       0.28110917       0.28103104
       0.46025420       0.27562952       0.27476248
       0.46053164       0.26991550       0.26795137
       0.46106225       0.26402258       0.26061960
       0.46191740       0.25802180       0.25280955
       0.46317341       0.25200115       0.24458853
       0.46490970       0.24606663       0.23605334
       0.46720603       0.24034249       0.22733454
       0.47013897       0.23497053       0.21860012
       0.47377751       0.23010807       0.21005771
       0.47817786       0.22592430       0.20195459
       0.48337757       0.22259466       0.19457471
       0.48938939       0.22029332       0.18823163
       0.49619524       0.21918355       0.18325682
       0.50374091       0.21940670       0.17998304
       0.51193236       0.22107017       0.17872301
       0.52063410       0.22423567       0.17974466
       0.52967061       0.22890896       0.18324516
       0.53883098       0.23503267       0.18932647
       0.54787703       0.24248336       0.19797600
       0.55655441       0.25107391       0.20905567
       0.56460586       0.26056153       0.22230175
       0.57178547       0.27066080       0.23733678
       0.57787244       0.28106070       0.25369248
       0.58268290       0.29144351       0.27084150
       0.58607877       0.30150379       0.28823371
       0.58797276       0.31096508       0.30533282
       0.58832944       0.31959305       0.32164888
       0.58716269       0.32720395       0.33676361
       0.58453007       0.33366831       0.35034667
       0.58052533       0.33891020       0.36216264
       0.57526968       0.34290293       0.37206963
       0.56890305       0.34566243       0.38001138
       0.56157580       0.34723908       0.38600500
       0.55344161       0.34770935       0.39012648
       0.54465150       0.34716767       0.39249566
       0.53534944       0.34571930       0.39326217
       0.52566913       0.34347421       0.39259310
       0.51573204       0.34054237       0.39066270
       0.50564644       0.33703007       0.38764451
       0.49550712       0.33303748       0.38370549
       0.48539577       0.32865701       0.37900206
       0.47538168       0.32397245       0.37367765
       0.46552273       0.31905866       0.36786150
       0.45586647       0.31398171       0.36166835
       0.44645131       0.30879917       0.35519872
       0.43730760       0.30356077       0.34853975
       0.42845875       0.29830900       0.34176613
       0.41992220       0.29307983       0.33494133
       0.41171032       0.28790342       0.32811870
       0.40383124       0.28280477       0.32134274
       0.39628950       0.27780441       0.31465014
       0.38908671       0.27291892       0.30807084
       0.38222205       0.26816150       0.30162895
       0.37569275       0.26354240       0.29534358
       0.36949442       0.25906940       0.28922961
       0.36362141       0.25474808       0.28329825
       0.35806707       0.25058223       0.27755768
       0.35282399       0.24657404       0.27201349
       0.34788415       0.24272440       0.26666908
       0.34323911       0.23903306       0.26152604
       0.33888012       0.23549884       0.25658441
       0.33479822       0.23211974       0.25184298
       0.33098437       0.22889309       0.24729944
       0.32742945       0.22581566       0.24295063
       0.32412438       0.22288376       0.23879263
       0.32106013       0.22009330       0.23482092
       0.31822780       0.21743988       0.23103050
       0.31561860       0.21491883       0.22741594
       0.31322391       0.21252528       0.22397149
       0.31103531       0.21025422       0.22069113
       0.30904458       0.20810050       0.21756865
       0.30724373       0.20605892       0.21459766
       0.30562500       0.20412421       0.21177168
       0.30418089       0.20229112       0.20908414
       0.30290417       0.20055441       0.20652844
       0.30178789       0.19890888       0.20409797
       0.30082537       0.19734945       0.20178616
       0.30001027       0.19587110       0.19958647
       0.29933652       0.19446899       0.19749249
       0.29879838       0.19313844       0.19549790
       0.29839046       0.19187496       0.19359657
       0.29810768       0.19067428       0.19178252
       0.29794533       0.18953242       0.19005002
       0.29789902       0.18844566       0.18839360
       0.29796474       0.18741061       0.18680810
       0.29813882       0.18642424       0.18528870
       0.29841796       0.18548389       0.18383096
       0.29879920       0.18458733       0.18243089
       0.29927993       0.18373277       0.18108499
       0.29985790       0.18291891       0.17979030
       0.30053115       0.18214494       0.17854443
       0.30129805       0.18141058       0.17734564
       0.30215723       0.18071613       0.17619290
       0.30310759       0.18006243       0.17508590
       0.30414823       0.17945093       0.17402515
       0.30527842       0.17888366       0.17301198
       0.30649752       0.17836326       0.17204861
       0.30780496       0.17789294       0.17113816
       0.30920017       0.17747646       0.17028468
       0.31068243       0.17711813       0.16949317
       0.31225090       0.17682273       0.16876955
       0.31390442       0.17659547       0.16812063
       0.31564148       0.17644190       0.16755411
       0.31746007       0.17636783       0.16707845
       0.31935761       0.17637920       0.16670278
       0.32133083       0.17648198       0.16643682
       0.32337564       0.17668201       0.16629065
       0.32548708       0.17698485       0.16627459
       0.32765916       0.17739562       0.16639890
       0.32988486       0.17791880       0.16667361
       0.33215598       0.17855807       0.16710818
       0.33446319       0.17931613       0.16771126
       0.33679594       0.18019451       0.16849033
       0.33914251       0.18119340       0.16945142
       0.34149002       0.18231154       0.17059879
       0.34382455       0.18354608       0.17193465
       0.34613122       0.18489245       0.17345889
       0.34839433       0.18634440       0.17516887
       0.35059757       0.18789389       0.17705924
       0.35272419       0.18953122       0.17912188
       0.35475722       0.19124503       0.18134580
       0.35667977       0.19302248       0.18371727
       0.35847525       0.19484940       0.18621990
       0.36012765       0.19671053       0.18883486
       0.36162181       0.19858972       0.19154117
       0.36294364       0.20047025       0.19431608
       0.36408039       0.20233510       0.19713543
       0.36502082       0.20416726       0.19997412
       0.36575538       0.20595001       0.20280661
       0.36627638       0.20766723       0.20560736
       0.36657802       0.20930361       0.20835133
       0.36665647       0.21084498       0.21101443
       0.36650990       0.21227843       0.21357390
       0.36613841       0.21359249       0.21600869
       0.36554398       0.21477730       0.21829979
       0.36473037       0.21582461       0.22043038
       0.36370298       0.21672790       0.22238608
       0.36246871       0.21748231       0.22415498
       0.36103578       0.21808467       0.22572773
       0.35941354       0.21853337       0.22709747
       0.35761233       0.21882832       0.22825978
       0.35564324       0.21897078       0.22921252
       0.35351795       0.21896331       0.22995574
       0.35124857       0.21880956       0.23049141
       0.34884746       0.21851415       0.23082328
       0.34632707       0.21808253       0.23095663
       0.34369985       0.21752086       0.23089809
       0.34097806       0.21683581       0.23065538
       0.33817372       0.21603450       0.23023711
       0.33529852       0.21512431       0.22965261
       0.33236371       0.21411284       0.22891172
       0.32938006       0.21300777       0.22802462
       0.32635783       0.21181676       0.22700171
       0.32330673       0.21054742       0.22585342
       0.32023586       0.20920721       0.22459016
       0.31715376       0.20780339       0.22322216
       0.31406837       0.20634300       0.22175943
       0.31098700       0.20483278       0.22021167
       0.30791643       0.20327920       0.21858823
       0.30486284       0.20168838       0.21689803
       0.30183186       0.20006612       0.21514959
       0.29882858       0.19841789       0.21335097
       0.29585761       0.19674879       0.21150975
       0.29292306       0.19506361       0.20963304
       0.29002858       0.19336677       0.20772749
       0.28717741       0.19166237       0.20579929
       0.28437236       0.18995419       0.20385414
       0.28161589       0.18824570       0.20189733
       0.27891010       0.18654007       0.19993370
       0.27625677       0.18484019       0.19796768
       0.27365738       0.18314868       0.19600333
       0.27111315       0.18146788       0.19404430
       0.26862502       0.17979993       0.19209391
       0.26619373       0.17814672       0.19015514
       0.26381981       0.17650992       0.18823066
       0.26150358       0.17489104       0.18632284
       0.25924522       0.17329137       0.18443379
       0.25704475       0.17171205       0.18256535
       0.25490204       0.17015406       0.18071914
       0.25281687       0.16861826       0.17889655
       0.25078889       0.16710534       0.17709877
       0.24881768       0.16561592       0.17532682
       0.24690274       0.16415047       0.17358154
       0.24504349       0.16270941       0.17186361
       0.24323933       0.16129305       0.17017360
       0.24148957       0.15990163       0.16851193
       0.23979354       0.15853533       0.16687890
       0.23815051       0.15719427       0.16527475
       0.23655976       0.15587855       0.16369958
       0.23502055       0.15458821       0.16215347
       0.23353215       0.15332327       0.16063637
       0.23209385       0.15208372       0.15914824
       0.23070493       0.15086955       0.15768894
       0.22936473       0.14968075       0.15625833
       0.22807259       0.14851729       0.15485621
       0.22682790       0.14737918       0.15348238
       0.22563010       0.14626641       0.15213664
       0.22447866       0.14517903       0.15081875
       0.22337311       0.14411708       0.14952850
       0.22231305       0.14308066       0.14826569
       0.22129811       0.14206989       0.14703013
       0.22032803       0.14108496       0.14582166
       0.21940257       0.14012607       0.14464014
       0.21852159       0.13919352       0.14348550
       0.21768503       0.13828763       0.14235767
       0.21689289       0.13740882       0.14125667
       0.21614527       0.13655753       0.14018255
       0.21544233       0.13573432       0.13913544
       0.21478433       0.13493980       0.13811552
       0.21417161       0.13417467       0.13712308
       0.21360460       0.13343968       0.13615844
       0.21308382       0.13273572       0.13522204
       0.21260985       0.13206371       0.13431439
       0.21218338       0.13142471       0.13343611
       0.21180518       0.13081982       0.13258790
       0.21147611       0.13025026       0.13177058
       0.21119708       0.12971734       0.13098506
       0.21096912       0.12922246       0.13023235
       0.21079329       0.12876711       0.12951360
       0.21067075       0.12835285       0.12883004
       0.21060270       0.12798135       0.12818304
       0.21059042       0.12765437       0.12757407
       0.21063523       0.12737372       0.12700472
       0.21073850       0.12714130       0.12647668
       0.21090161       0.12695910       0.12599178
       0.21112601       0.12682915       0.12555193
       0.21141314       0.12675354       0.12515917
       0.21176445       0.12673441       0.12481563
       0.21218139       0.12677396       0.12452352
       0.21266541       0.12687438       0.12428516
       0.21321791       0.12703792       0.12410295
       0.21384027       0.12726680       0.12397936
       0.21453380       0.12756326       0.12391689
       0.21529976       0.12792952       0.12391813
       0.21613933       0.12836773       0.12398567
       0.21705358       0.12888003       0.12412214
       0.21804351       0.12946847       0.12433015
       0.21910995       0.13013501       0.12461231
       0.22025365       0.13088153       0.12497118
       0.22147516       0.13170976       0.12540928
       0.22277492       0.13262132       0.12592902
       0.22415317       0.13361764       0.12653275
       0.22560996       0.13469999       0.12722266
       0.22714519       0.13586946       0.12800080
       0.22875851       0.13712690       0.12886905
       0.23044940       0.13847294       0.12982910
       0.23221712       0.13990798       0.13088240
       0.23406069       0.14143213       0.13203015
       0.23597896       0.14304526       0.13327332
       0.23797051       0.14474694       0.13461253
       0.24003375       0.14653644       0.13604814
       0.24216685       0.14841274       0.13758015
       0.24436779       0.15037451       0.13920824
       0.24663436       0.15242012       0.14093170
       0.24896416       0.15454763       0.14274948
       0.25135462       0.15675478       0.14466014
       0.25380302       0.15903904       0.14666188
       0.25630650       0.16139758       0.14875251
       0.25886207       0.16382730       0.15092947
       0.26146666       0.16632482       0.15318984
       0.26411711       0.16888654       0.15553036
       0.26681020       0.17150864       0.15794743
       0.26954269       0.17418708       0.16043715
       0.27231131       0.17691768       0.16299533
       0.27511281       0.17969608       0.16561751
       0.27794395       0.18251781       0.16829906
       0.28080157       0.18537834       0.17103510
       0.28368256       0.18827303       0.17382064
       0.28658389       0.19119726       0.17665059
       0.28950264       0.19414638       0.17951975
       0.29243601       0.19711577       0.18242294
       0.29538130       0.20010089       0.18535497
       0.29833596       0.20309725       0.18831071
       0.30129756       0.20610051       0.19128512
       0.30426380       0.20910642       0.19427330
       0.30723254       0.21211091       0.19727053
       0.31020173       0.21511004       0.20027228
       0.31316946       0.21810010       0.20327425
       0.31613392       0.22107753       0.20627240
       0.31909339       0.22403896       0.20926296
       0.32204621       0.22698125       0.21224246
       0.32499080       0.22990144       0.21520774
       0.32792558       0.23279675       0.21815594
       0.33084901       0.23566459       0.22108450
       0.33375948       0.23850255       0.22399119
       0.33665538       0.24130836       0.22687406
       0.33953498       0.24407990       0.22973144
       0.34239648       0.24681514       0.23256192
       0.34523792       0.24951215       0.23536435
       0.34805717       0.25216908       0.23813774
       0.35085193       0.25478407       0.24088131
       0.35361965       0.25735530       0.24359440
       0.35635755       0.25988089       0.24627642
       0.35906258       0.26235891       0.24892687
       0.36173137       0.26478730       0.25154519
       0.36436028       0.26716390       0.25413082
       0.36694531       0.26948634       0.25668305
       0.36948215       0.27175207       0.25920104
       0.37196611       0.27395829       0.26168372
       0.37439220       0.27610191       0.26412975
       0.37675503       0.27817957       0.26653748
       0.37904891       0.28018754       0.26890487
       0.38126781       0.28212176       0.27122945
       0.38340537       0.28397776       0.27350828
       0.38545497       0.28575070       0.27573789
       0.38740970       0.28743529       0.27791422
       0.38926244       0.28902581       0.28003261
       0.39100588       0.29051613       0.28208777
       0.39263254       0.29189964       0.28407370
       0.39413489       0.29316929       0.28598368
       0.39550531       0.29431761       0.28781028
       0.39673624       0.29533666       0.28954529
       0.39782020       0.29621811       0.29117972
       0.39874987       0.29695322       0.29270383
       0.39951819       0.29753286       0.29410706
       0.40011841       0.29794757       0.29537805
       0.40054422       0.29818756       0.29650468
       0.40078983       0.29824280       0.29747403
       0.40085007       0.29810299       0.29827239
       0.40072051       0.29775771       0.29888533
       0.40039760       0.29719640       0.29929764
       0.39987878       0.29640847       0.29949343
       0.39916262       0.29538341       0.29945611
       0.39824899       0.29411084       0.29916844
       0.39713921       0.29258065       0.29861260
       0.39583625       0.29078312       0.29777021
       0.39434488       0.28870907       0.29662245
       0.39267195       0.28635007       0.29515012
       0.39082656       0.28369862       0.29333379
       0.38882031       0.28074840       0.29115394
       0.38666759       0.27749456       0.28859119
       0.38438584       0.27393407       0.28562655
       0.38199583       0.27006612       0.28224175
       0.37952198       0.26589257       0.27841971
       0.37699266       0.26141845       0.27414502
       0.37444045       0.25665265       0.26940471
       0.37190246       0.25160851       0.26418901
       0.36942050       0.24630468       0.25849244
       0.36704130       0.24076589       0.25231503
       0.36481653       0.23502392       0.24566387
       0.36280276       0.22911852       0.23855478
       0.36106113       0.22309835       0.23101438
       0.35965696       0.21702194       0.22308231
       0.35865886       0.21095842       0.21481370
       0.35813759       0.20498812       0.20628162
       0.35816451       0.19920278       0.19757963
       0.35880952       0.19370532       0.18882391
       0.36013849       0.18860890       0.18015492
       0.36221022       0.18403522       0.17173802
       0.36507299       0.18011187       0.16376286
       0.36876068       0.17696853       0.15644078
       0.37328887       0.17473213       0.15000008
       0.37865097       0.17352087       0.14467866
       0.38481489       0.17343752       0.14071389
       0.39172053       0.17456209       0.13833007
       0.39927858       0.17694475       0.13772382
       0.40737091       0.18059941       0.13904872
       0.41585301       0.18549885       0.14240029
       0.42455833       0.19157216       0.14780340
       0.43330462       0.19870499       0.15520357
       0.44190182       0.20674297       0.16446380
       0.45016095       0.21549829       0.17536793
       0.45790325       0.22475887       0.18763054
       0.46496876       0.23429948       0.20091277
       0.47122364       0.24389367       0.21484243
       0.47656552       0.25332535       0.22903627
       0.48092666       0.26239903       0.24312205
       0.48427464       0.27094780       0.25675821
       0.48661090       0.27883874       0.26964950
       0.48796744       0.28597540       0.28155749
       0.48840217       0.29229766       0.29230586
       0.48799340       0.29777948       0.30178065
       0.48683422       0.30242488       0.30992651
       0.48502684       0.30626301       0.31673992
       0.48267761       0.30934270       0.32226065
       0.47989265       0.31172707       0.32656239
       0.47677435       0.31348848       0.32974345
       0.47341875       0.31470412       0.33191824
       0.46991360       0.31545229       0.33320973
       0.46633726       0.31580949       0.33374330
       0.46275812       0.31584818       0.33364183
       0.45923450       0.31563525       0.33302203
       0.45581495       0.31523101       0.33199196
       0.45253876       0.31468872       0.33064941
       0.44943670       0.31405438       0.32908106
       0.44653182       0.31336689       0.32736225
       0.44384031       0.31265836       0.32555720
       0.44137235       0.31195455       0.32371948
       0.43913299       0.31127545       0.32189282
       0.43712292       0.31063584       0.32011191
       0.43533917       0.31004589       0.31840332
       0.43377585       0.30951173       0.31678646
       0.43242466       0.30903603       0.31527452
       0.43127548       0.30861851       0.31387525
       0.43031675       0.30825642       0.31259189
       0.42953595       0.30794493       0.31142381
       0.42891982       0.30767758       0.31036724
       0.42845474       0.30744653       0.30941584
       0.42812685       0.30724290       0.30856119
       0.42792230       0.30705699       0.30779326
       0.42782737       0.30687846       0.30710078
       0.42782859       0.30669648       0.30647148
       0.42791278       0.30649990       0.30589241
       0.42806719       0.30627730       0.30535006
       0.42827949       0.30601707       0.30483053
       0.42853783       0.30570747       0.30431958
       0.42883087       0.30533664       0.30380270
       0.42914783       0.30489262       0.30326513
       0.42947851       0.30436338       0.30269180
       0.42981333       0.30373680       0.30206735
       0.43014338       0.30300071       0.30137604
       0.43046053       0.30214287       0.30060170
       0.43075746       0.30115101       0.29972764
       0.43102779       0.30001288       0.29873663
       0.43126621       0.29871632       0.29761081
       0.43146864       0.29724932       0.29633166
       0.43163238       0.29560017       0.29488001
       0.43175633       0.29375762       0.29323604
       0.43184125       0.29171112       0.29137937
       0.43188997       0.28945103       0.28928923
       0.43190771       0.28696900       0.28694461
       0.43190237       0.28425837       0.28432463
       0.43188488       0.28131461       0.28140891
       0.43186948       0.27813595       0.27817819
       0.43187407       0.27472395       0.27461498
       0.43192053       0.27108433       0.27070453
       0.43203493       0.26722771       0.26643588
       0.43224774       0.26317061       0.26180328
       0.43259392       0.25893635       0.25680772
       0.43311281       0.25455610       0.25145881
       0.43384791       0.25006982       0.24577691
       0.43484635       0.24552726       0.23979536
       0.43615805       0.24098863       0.23356302
       0.43783456       0.23652514       0.22714662
       0.43992744       0.23221914       0.22063314
       0.44248625       0.22816362       0.21413166
       0.44555595       0.22446118       0.20777453
       0.44917404       0.22122197       0.20171746
       0.45336717       0.21856084       0.19613809
       0.45814766       0.21659329       0.19123264
       0.46350989       0.21543047       0.18721028
       0.46942710       0.21517320       0.18428502
       0.47584864       0.21590544       0.18266521
       0.48269837       0.21768742       0.18254085
       0.48987423       0.22054927       0.18406966
       0.49724958       0.22448552       0.18736291
       0.50467628       0.22945150       0.19247253
       0.51198962       0.23536199       0.19938105
       0.51901484       0.24209263       0.20799597
       0.52557479       0.24948435       0.21814958
       0.53149822       0.25735045       0.22960487
       0.53662797       0.26548583       0.24206720
       0.54082822       0.27367759       0.25520074
       0.54399041       0.28171590       0.26864791
       0.54603717       0.28940423       0.28204988
       0.54692416       0.29656796       0.29506596
       0.54663977       0.30306087       0.30739011
       0.54520305       0.30876908       0.31876336
       0.54266005       0.31361249       0.32898142
       0.53907924       0.31754407       0.33789776
       0.53454640       0.32054721       0.34542232
       0.52915947       0.32263195       0.35151713
       0.52302356       0.32383038       0.35618956
       0.51624672       0.32419183       0.35948429
       0.50893618       0.32377812       0.36147501
       0.50119548       0.32265932       0.36225625
       0.49312232       0.32090993       0.36193610
       0.48480702       0.31860587       0.36062992
       0.47633165       0.31582194       0.35845516
       0.46776963       0.31263007       0.35552742
       0.45918567       0.30909797       0.35195744
       0.45063603       0.30528835       0.34784913
       0.44216900       0.30125844       0.34329825
       0.43382545       0.29705979       0.33839182
       0.42563951       0.29273840       0.33320787
       0.41763921       0.28833482       0.32781560
       0.40984721       0.28388457       0.32227583
       0.40228142       0.27941840       0.31664146
       0.39495561       0.27496278       0.31095813
       0.38788001       0.27054023       0.30526492
       0.38106174       0.26616981       0.29959498
       0.37450536       0.26186741       0.29397617
       0.36821321       0.25764620       0.28843175
       0.36218578       0.25351689       0.28298085
       0.35642202       0.24948806       0.27763906
       0.35091961       0.24556646       0.27241888
       0.34567518       0.24175719       0.26733013
       0.34068453       0.23806397       0.26238030
       0.33594276       0.23448931       0.25757492
       0.33144445       0.23103466       0.25291782
       0.32718375       0.22770060       0.24841135
       0.32315450       0.22448690       0.24405667
       0.31935033       0.22139273       0.23985383
       0.31576469       0.21841664       0.23580203
       0.31239096       0.21555676       0.23189970
       0.30922247       0.21281078       0.22814462
       0.30625256       0.21017610       0.22453407
       0.30347460       0.20764980       0.22106486
       0.30088204       0.20522877       0.21773343
       0.29846843       0.20290970       0.21453593
       0.29622743       0.20068916       0.21146827
       0.29415285       0.19856362       0.20852616
       0.29223868       0.19652945       0.20570514
       0.29047903       0.19458303       0.20300068
       0.28886826       0.19272069       0.20040816
       0.28740088       0.19093881       0.19792291
       0.28607164       0.18923379       0.19554028
       0.28487549       0.18760211       0.19325560
       0.28380764       0.18604036       0.19106430
       0.28286349       0.18454521       0.18896186
       0.28203874       0.18311350       0.18694385
       0.28132929       0.18174222       0.18500602
       0.28073134       0.18042854       0.18314423
       0.28024131       0.17916985       0.18135457
       0.27985592       0.17796377       0.17963334
       0.27957213       0.17680816       0.17797706
       0.27938717       0.17570118       0.17638259
       0.27929854       0.17464127       0.17484706
       0.27930399       0.17362718       0.17336796
       0.27940152       0.17265802       0.17194317
       0.27958938       0.17173325       0.17057099
       0.27986602       0.17085269       0.16925015
       0.28023012       0.17001657       0.16797990
       0.28068054       0.16922551       0.16675998
       0.28121630       0.16848052       0.16559070
       0.28183655       0.16778304       0.16447292
       0.28254052       0.16713492       0.16340813
       0.28332751       0.16653840       0.16239842
       0.28419682       0.16599611       0.16144653
       0.28514769       0.16551104       0.16055582
       0.28617927       0.16508651       0.15973029
       0.28729055       0.16472616       0.15897453
       0.28848027       0.16443384       0.15829375
       0.28974688       0.16421361       0.15769366
       0.29108847       0.16406965       0.15718047
       0.29250267       0.16400616       0.15676078
       0.29398661       0.16402731       0.15644150
       0.29553683       0.16413709       0.15622971
       0.29714923       0.16433927       0.15613256
       0.29881899       0.16463723       0.15615710
       0.30054054       0.16503387       0.15631010
       0.30230753       0.16553149       0.15659789
       0.30411277       0.16613166       0.15702617
       0.30594827       0.16683513       0.15759978
       0.30780521       0.16764170       0.15832254
       0.30967400       0.16855017       0.15919704
       0.31154430       0.16955820       0.16022445
       0.31340513       0.17066231       0.16140437
       0.31524492       0.17185784       0.16273468
       0.31705169       0.17313889       0.16421144
       0.31881310       0.17449843       0.16582883
       0.32051666       0.17592827       0.16757911
       0.32214987       0.17741916       0.16945264
       0.32370040       0.17896093       0.17143797
       0.32515627       0.18054258       0.17352195
       0.32650599       0.18215243       0.17568989
       0.32773880       0.18377835       0.17792577
       0.32884475       0.18540787       0.18021249
       0.32981494       0.18702844       0.18253216
       0.33064155       0.18862759       0.18486635
       0.33131803       0.19019311       0.18719647
       0.33183914       0.19171330       0.18950403
       0.33220101       0.19317708       0.19177095
       0.33240121       0.19457416       0.19397987
       0.33243870       0.19589518       0.19611440
       0.33231382       0.19713182       0.19815934
       0.33202830       0.19827688       0.20010090
       0.33158512       0.19932433       0.20192686
       0.33098845       0.20026932       0.20362664
       0.33024357       0.20110822       0.20519141
       0.32935675       0.20183861       0.20661415
       0.32833509       0.20245918       0.20788956
       0.32718645       0.20296974       0.20901410
       0.32591928       0.20337108       0.20998590
       0.32454250       0.20366497       0.21080465
       0.32306540       0.20385400       0.21147147
       0.32149748       0.20394151       0.21198886
       0.31984838       0.20393147       0.21236045
       0.31812773       0.20382842       0.21259094
       0.31634512       0.20363734       0.21268592
       0.31450993       0.20336354       0.21265173
       0.31263134       0.20301262       0.21249531
       0.31071821       0.20259034       0.21222406
       0.30877906       0.20210255       0.21184576
       0.30682197       0.20155514       0.21136838
       0.30485464       0.20095397       0.21080003
       0.30288426       0.20030478       0.21014884
       0.30091756       0.19961320       0.20942289
       0.29896077       0.19888466       0.20863012
       0.29701961       0.19812437       0.20777827
       0.29509928       0.19733730       0.20687484
       0.29320451       0.19652815       0.20592703
       0.29133951       0.19570133       0.20494171
       0.28950800       0.19486093       0.20392540
       0.28771323       0.19401076       0.20288422
       0.28595800       0.19315429       0.20182391
       0.28424466       0.19229467       0.20074980
       0.28257512       0.19143473       0.19966680
       0.28095091       0.19057701       0.19857942
       0.27937315       0.18972369       0.19749173
       0.27784260       0.18887669       0.19640742
       0.27635968       0.18803758       0.19532977
       0.27492449       0.18720770       0.19426165
       0.27353681       0.18638805       0.19320558
       0.27219613       0.18557941       0.19216367
       0.27090170       0.18478227       0.19113771
       0.26965252       0.18399688       0.19012911
       0.26844734       0.18322326       0.18913897
       0.26728473       0.18246121       0.18816806
       0.26616306       0.18171030       0.18721685
       0.26508056       0.18096994       0.18628552
       0.26403526       0.18023932       0.18537398
       0.26302511       0.17951747       0.18448188
       0.26204791       0.17880326       0.18360861
       0.26110137       0.17809542       0.18275334
       0.26018314       0.17739253       0.18191501
       0.25929079       0.17669308       0.18109239
       0.25842184       0.17599542       0.18028400
       0.25757378       0.17529781       0.17948825
       0.25674410       0.17459845       0.17870333
       0.25593028       0.17389544       0.17792732
       0.25512982       0.17318685       0.17715814
       0.25434026       0.17247069       0.17639360
       0.25355918       0.17174495       0.17563139
       0.25278424       0.17100758       0.17486909
       0.25201316       0.17025657       0.17410424
       0.25124379       0.16948988       0.17333425
       0.25047407       0.16870552       0.17255653
       0.24970210       0.16790153       0.17176839
       0.24892608       0.16707601       0.17096716
       0.24814444       0.16622712       0.17015012
       0.24735575       0.16535313       0.16931457
       0.24655879       0.16445239       0.16845782
       0.24575257       0.16352338       0.16757719
       0.24493633       0.16256473       0.16667009
       0.24410957       0.16157521       0.16573397
       0.24327205       0.16055380       0.16476637
       0.24242386       0.15949966       0.16376494
       0.24156535       0.15841216       0.16272746
       0.24069725       0.15729095       0.16165188
       0.23982060       0.15613592       0.16053630
       0.23893684       0.15494728       0.15937905
       0.23804776       0.15372554       0.15817870
       0.23715556       0.15247157       0.15693406
       0.23626289       0.15118662       0.15564429
       0.23537277       0.14987234       0.15430884
       0.23448870       0.14853080       0.15292758
       0.23361463       0.14716456       0.15150077
       0.23275495       0.14577666       0.15002915
       0.23191453       0.14437065       0.14851395
       0.23109870       0.14295064       0.14695697
       0.23031323       0.14152130       0.14536061
       0.22956438       0.14008793       0.14372791
       0.22885882       0.13865643       0.14206262
       0.22820366       0.13723332       0.14036924
       0.22760637       0.13582579       0.13865306
       0.22707483       0.13444169       0.13692022
       0.22661720       0.13308953       0.13517772
       0.22624193       0.13177847       0.13343351
       0.22595768       0.13051829       0.13169644
       0.22577328       0.12931940       0.12997637
       0.22569760       0.12819278       0.12828409
       0.22573954       0.12714995       0.12663138
       0.22590786       0.12620287       0.12503094
       0.22621115       0.12536390       0.12349639
       0.22665770       0.12464571       0.12204218
       0.22725536       0.12406115       0.12068352
       0.22801147       0.12362316       0.11943629
       0.22893272       0.12334461       0.11831689
       0.23002504       0.12323818       0.11734209
       0.23129346       0.12331619       0.11652889
       0.23274206       0.12359046       0.11589427
       0.23437380       0.12407208       0.11545500
       0.23619050       0.12477133       0.11522739
       0.23819271       0.12569743       0.11522706
       0.24037968       0.12685842       0.11546870
       0.24274933       0.12826099       0.11596575
       0.24529820       0.12991035       0.11673022
       0.24802150       0.13181009       0.11777244
       0.25091309       0.13396210       0.11910080
       0.25396557       0.13636651       0.12072162
       0.25717033       0.13902159       0.12263897
       0.26051767       0.14192379       0.12485457
       0.26399688       0.14506773       0.12736769
       0.26759639       0.14844625       0.13017516
       0.27130390       0.15205047       0.13327136
       0.27510654       0.15586990       0.13664829
       0.27899102       0.15989258       0.14029568
       0.28294378       0.16410516       0.14420113
       0.28695116       0.16849313       0.14835026
       0.29099954       0.17304093       0.15272690
       0.29507551       0.17773216       0.15731333
       0.29916598       0.18254974       0.16209045
       0.30325832       0.18747609       0.16703805
       0.30734052       0.19249335       0.17213502
       0.31140123       0.19758348       0.17735954
       0.31542993       0.20272849       0.18268936
       0.31941702       0.20791061       0.18810195
       0.32335385       0.21311241       0.19357475
       0.32723288       0.21831698       0.19908534
       0.33104765       0.22350808       0.20461163
       0.33479296       0.22867027       0.21013211
       0.33846480       0.23378905       0.21562592
       0.34206047       0.23885097       0.22107315
       0.34557858       0.24384379       0.22645492
       0.34901906       0.24875650       0.23175361
       0.35238316       0.25357948       0.23695298
       0.35567346       0.25830455       0.24203833
       0.35889382       0.26292502       0.24699666
       0.36204933       0.26743576       0.25181672
       0.36514630       0.27183318       0.25648919
       0.36819211       0.27611526       0.26100669
       0.37119520       0.28028155       0.26536386
       0.37416492       0.28433310       0.26955739
       0.37711145       0.28827245       0.27358601
       0.38004565       0.29210350       0.27745049
       0.38297897       0.29583150       0.28115354
       0.38592328       0.29946289       0.28469980
       0.38889073       0.30300524       0.28809569
       0.39189367       0.30646708       0.29134934
       0.39494441       0.30985780       0.29447046
       0.39805516       0.31318753       0.29747014
       0.40123786       0.31646696       0.30036077
       0.40450403       0.31970722       0.30315582
       0.40786467       0.32291975       0.30586970
       0.41133014       0.32611614       0.30851756
       0.41491001       0.32930799       0.31111513
       0.41861297       0.33250680       0.31367853
       0.42244676       0.33572380       0.31622409
       0.42641803       0.33896983       0.31876817
       0.43053232       0.34225525       0.32132697
       0.43479394       0.34558980       0.32391637
       0.43920597       0.34898248       0.32655177
       0.44377019       0.35244149       0.32924790
       0.44848706       0.35597410       0.33201867
       0.45335569       0.35958662       0.33487703
       0.45837390       0.36328427       0.33783483
       0.46353816       0.36707118       0.34090268
       0.46884369       0.37095033       0.34408985
       0.47428445       0.37492352       0.34740416
       0.47985326       0.37899135       0.35085190
       0.48554181       0.38315324       0.35443777
       0.49134080       0.38740743       0.35816486
       0.49724000       0.39175102       0.36203457
       0.50322837       0.39618001       0.36604668
       0.50929418       0.40068935       0.37019932
       0.51542512       0.40527306       0.37448905
       0.52160845       0.40992425       0.37891093
       0.52783107       0.41463525       0.38345859
       0.53407973       0.41939773       0.38812437
       0.54034105       0.42420275       0.39289940
       0.54660175       0.42904094       0.39777380
       0.55284866       0.43390256       0.40273678
       0.55906891       0.43877766       0.40777682
       0.56524996       0.44365614       0.41288186
       0.57137972       0.44852791       0.41803938
       0.57744661       0.45338294       0.42323665
       0.58343963       0.45821139       0.42846082
       0.58934839       0.46300368       0.43369908
       0.59516317       0.46775054       0.43893882
       0.60087494       0.47244310       0.44416767
       0.60647537       0.47707295       0.44937369
       0.61195681       0.48163214       0.45454540
       0.61731237       0.48611324       0.45967187
       0.62253580       0.49050937       0.46474276
       0.62762156       0.49481417       0.46974839
       0.63256476       0.49902185       0.47467974
       0.63736115       0.50312715       0.47952848
       0.64200705       0.50712538       0.48428696
       0.64649939       0.51101232       0.48894823
       0.65083562       0.51478431       0.49350600
       0.65501368       0.51843813       0.49795464
       0.65903200       0.52197104       0.50228912
       0.66288944       0.52538074       0.50650504
       0.66658526       0.52866530       0.51059855
       0.67011911       0.53182321       0.51456634
       0.67349096       0.53485329       0.51840558
       0.67670110       0.53775469       0.52211395
       0.67975012       0.54052687       0.52568953
       0.68263885       0.54316953       0.52913081
       0.68536837       0.54568267       0.53243666
       0.68793994       0.54806646       0.53560629
       0.69035505       0.55032131       0.53863921
       0.69261532       0.55244780       0.54153524
       0.69472252       0.55444665       0.54429443
       0.69667856       0.55631875       0.54691710
       0.69848544       0.55806508       0.54940377
       0.70014524       0.55968673       0.55175513
       0.70166013       0.56118487       0.55397207
       0.70303231       0.56256075       0.55605561
       0.70426403       0.56381564       0.55800690
       0.70535753       0.56495085       0.55982720
       0.70631509       0.56596770       0.56151786
       0.70713894       0.56686751       0.56308030
       0.70783132       0.56765159       0.56451599
       0.70839441       0.56832120       0.56582645
       0.70883032       0.56887755       0.56701319
       0.70914111       0.56932182       0.56807775
       0.70932877       0.56965506       0.56902162
       0.70939517       0.56987826       0.56984630
       0.70934209       0.56999230       0.57055319
       0.70917121       0.56999793       0.57114366
       0.70888405       0.56989575       0.57161898
       0.70848202       0.56968624       0.57198033
       0.70796637       0.56936970       0.57222874
       0.70733820       0.56894622       0.57236515
       0.70659844       0.56841575       0.57239032
       0.70574785       0.56777797       0.57230484
       0.70478702       0.56703238       0.57210913
       0.70371632       0.56617820       0.57180338
       0.70253594       0.56521442       0.57138756
       0.70124589       0.56413971       0.57086140
       0.69984593       0.56295248       0.57022436
       0.69833563       0.56165081       0.56947560
       0.69671433       0.56023245       0.56861396
       0.69498116       0.55869476       0.56763795
       0.69313501       0.55703476       0.56654570
       0.69117456       0.55524903       0.56533494
       0.68909825       0.55333376       0.56400297
       0.68690429       0.55128464       0.56254659
       0.68459070       0.54909691       0.56096213
       0.68215525       0.54676527       0.55924534
       0.67959554       0.54428391       0.55739137
       0.67690896       0.54164642       0.55539471
       0.67409274       0.53884578       0.55324915
       0.67114396       0.53587435       0.55094770
       0.66805959       0.53272382       0.54848251
       0.66483653       0.52938516       0.54584483
       0.66147163       0.52584860       0.54302489
       0.65796179       0.52210363       0.54001183
       0.65430403       0.51813892       0.53679360
       0.65049554       0.51394235       0.53335683
       0.64653382       0.50950097       0.52968674
       0.64241683       0.50480101       0.52576703
       0.63814308       0.49982788       0.52157971
       0.63371189       0.49456623       0.51710500
       0.62912358       0.48899999       0.51232119
       0.62437972       0.48311246       0.50720451
       0.61948348       0.47688645       0.50172901
       0.61443996       0.47030449       0.49586649
       0.60925665       0.46334906       0.48958639
       0.60394389       0.45600296       0.48285581
       0.59851546       0.44824977       0.47563961
       0.59298923       0.44007439       0.46790054
       0.58738789       0.43146387       0.45959959
       0.58173974       0.42240827       0.45069656
       0.57607961       0.41290187       0.44115088
       0.57044977       0.40294461       0.43092278
       0.56490094       0.39254381       0.41997499
       0.55949323       0.38171624       0.40827501
       0.55429704       0.37049058       0.39579810
       0.54939377       0.35891012       0.38253120
       0.54487626       0.34703594       0.36847785
       0.54084876       0.33495015       0.35366428
       0.53742621       0.32275932       0.33814667
       0.53473268       0.31059766       0.32201948
       0.53289859       0.29862961       0.30542467
       0.53205646       0.28705140       0.28856105
       0.53233509       0.27609081       0.27169300
       0.53385173       0.26600447       0.25515697
       0.53670264       0.25707180       0.23936400
       0.54095199       0.24958496       0.22479590
       0.54661997       0.24383434       0.21199286
       0.55367107       0.24008965       0.20153031
       0.56200396       0.23857751       0.19398425
       0.57144472       0.23945724       0.18988580
       0.58174525       0.24279769       0.18966825
       0.59258821       0.24855838       0.19361267
       0.60359932       0.25657865       0.20179998
       0.61436675       0.26657763       0.21407866
       0.62446594       0.27816672       0.23005547
       0.63348735       0.29087386       0.24911360
       0.64106358       0.30417719       0.27045759
       0.64689270       0.31754332       0.29317890
       0.65075485       0.33046535       0.31633230
       0.65252060       0.34249552       0.33901156
       0.65215081       0.35326891       0.36041378
       0.64968910       0.36251661       0.37988529
       0.64524886       0.37006834       0.39694587
       0.63899705       0.37584631       0.41129257
       0.63113724       0.37985294       0.42278681
       0.62189339       0.38215494       0.43143032
       0.61149591       0.38286652       0.43733540
       0.60017056       0.38213333       0.44069401
       0.58813022       0.38011853       0.44174922
       0.57556951       0.37699142       0.44077088
       0.56266182       0.37291897       0.43803639
       0.54955813       0.36805972       0.43381655
       0.53638727       0.36256003       0.42836597
       0.52325716       0.35655196       0.42191730
       0.51025652       0.35015251       0.41467829
       0.49745700       0.34346379       0.40683113
       0.48491530       0.33657376       0.39853308
       0.47267529       0.32955736       0.38991815
       0.46076995       0.32247779       0.38109924
       0.44922322       0.31538789       0.37217047
       0.43805149       0.30833145       0.36320958
       0.42726503       0.30134442       0.35428016
       0.41686911       0.29445609       0.34543375
       0.40686505       0.28769004       0.33671168
       0.39725096       0.28106505       0.32814674
       0.38802248       0.27459584       0.31976456
       0.37917336       0.26829374       0.31158486
       0.37069584       0.26216725       0.30362241
       0.36258112       0.25622250       0.29588798
       0.35481957       0.25046363       0.28838900
       0.34740105       0.24489318       0.28113017
       0.34031506       0.23951230       0.27411398
       0.33355091       0.23432105       0.26734114
       0.32709783       0.22931856       0.26081086
       0.32094508       0.22450319       0.25452120
       0.31508201       0.21987269       0.24846926
       0.30949815       0.21542433       0.24265140
       0.30418319       0.21115495       0.23706339
       0.29912709       0.20706107       0.23170053
       0.29432003       0.20313897       0.22655776
       0.28975250       0.19938472       0.22162978
       0.28541523       0.19579424       0.21691108
       0.28129927       0.19236336       0.21239603
       0.27739596       0.18908783       0.20807892
       0.27369691       0.18596334       0.20395399
       0.27019403       0.18298557       0.20001550
       0.26687953       0.18015023       0.19625771
       0.26374588       0.17745300       0.19267493
       0.26078584       0.17488962       0.18926155
       0.25799242       0.17245588       0.18601202
       0.25535892       0.17014760       0.18292089
       0.25287886       0.16796068       0.17998281
       0.25054602       0.16589108       0.17719254
       0.24835443       0.16393485       0.17454495
       0.24629833       0.16208809       0.17203502
       0.24437219       0.16034701       0.16965788
       0.24257069       0.15870790       0.16740875
       0.24088873       0.15716710       0.16528300
       0.23932138       0.15572109       0.16327610
       0.23786392       0.15436640       0.16138368
       0.23651181       0.15309966       0.15960146
       0.23526069       0.15191759       0.15792530
       0.23410635       0.15081699       0.15635120
       0.23304477       0.14979475       0.15487524
       0.23207204       0.14884785       0.15349365
       0.23118445       0.14797333       0.15220277
       0.23037838       0.14716833       0.15099905
       0.22965039       0.14643008       0.14987906
       0.22899712       0.14575586       0.14883947
       0.22841537       0.14514305       0.14787705
       0.22790204       0.14458908       0.14698870
       0.22745414       0.14409147       0.14617140
       0.22706877       0.14364780       0.14542223
       0.22674315       0.14325572       0.14473835
       0.22647458       0.14291292       0.14411705
       0.22626044       0.14261719       0.14355566
       0.22609819       0.14236635       0.14305163
       0.22598539       0.14215828       0.14260247
       0.22591965       0.14199090       0.14220577
       0.22589864       0.14186221       0.14185920
       0.22592010       0.14177022       0.14156048
       0.22598183       0.14171302       0.14130741
       0.22608169       0.14168869       0.14109785
       0.22621756       0.14169541       0.14092971
       0.22638740       0.14173134       0.14080097
       0.22658919       0.14179471       0.14070962
       0.22682095       0.14188375       0.14065375
       0.22708074       0.14199675       0.14063144
       0.22736666       0.14213200       0.14064084
       0.22767682       0.14228782       0.14068012
       0.22800937       0.14246255       0.14074749
       0.22836251       0.14265456       0.14084117
       0.22873442       0.14286222       0.14095944
       0.22912333       0.14308393       0.14110055
       0.22952750       0.14331810       0.14126282
       0.22994519       0.14356317       0.14144454
       0.23037472       0.14381756       0.14164404
       0.23081438       0.14407973       0.14185967
       0.23126254       0.14434814       0.14208975
       0.23171756       0.14462128       0.14233265
       0.23217782       0.14489764       0.14258671
       0.23264177       0.14517573       0.14285031
       0.23310784       0.14545406       0.14312182
       0.23357453       0.14573119       0.14339959
       0.23404036       0.14600565       0.14368202
       0.23450387       0.14627604       0.14396748
       0.23496368       0.14654096       0.14425436
       0.23541842       0.14679902       0.14454106
       0.23586679       0.14704889       0.14482597
       0.23630752       0.14728925       0.14510752
       0.23673942       0.14751883       0.14538413
       0.23716135       0.14773637       0.14565425
       0.23757224       0.14794068       0.14591634
       0.23797107       0.14813061       0.14616889
       0.23835693       0.14830507       0.14641041
       0.23872895       0.14846302       0.14663944
       0.23908639       0.14860347       0.14685458
       0.23942856       0.14872551       0.14705444
       0.23975488       0.14882831       0.14723771
       0.24006489       0.14891112       0.14740310
       0.24035820       0.14897327       0.14754941
       0.24063456       0.14901418       0.14767549
       0.24089383       0.14903338       0.14778029
       0.24113598       0.14903050       0.14786281
       0.24136111       0.14900529       0.14792216
       0.24156947       0.14895761       0.14795756
       0.24176140       0.14888746       0.14796832
       0.24193742       0.14879499       0.14795388
       0.24209817       0.14868045       0.14791381
       0.24224444       0.14854429       0.14784782
       0.24237716       0.14838708       0.14775576
       0.24249741       0.14820957       0.14763764
       0.24260641       0.14801268       0.14749366
       0.24270553       0.14779752       0.14732417
       0.24279630       0.14756535       0.14712973
       0.24288037       0.14731765       0.14691110
       0.24295955       0.14705607       0.14666925
       0.24303577       0.14678246       0.14640536
       0.24311110       0.14649888       0.14612084
       0.24318773       0.14620755       0.14581735
       0.24326797       0.14591094       0.14549679
       0.24335421       0.14561167       0.14516128
       0.24344897       0.14531258       0.14481323
       0.24355483       0.14501667       0.14445526
       0.24367444       0.14472715       0.14409029
       0.24381051       0.14444737       0.14372144
       0.24396577       0.14418085       0.14335212
       0.24414298       0.14393126       0.14298594
       0.24434488       0.14370239       0.14262675
       0.24457423       0.14349814       0.14227861
       0.24483370       0.14332250       0.14194575
       0.24512593       0.14317951       0.14163260
       0.24545346       0.14307326       0.14134371
       0.24581873       0.14300787       0.14108376
       0.24622407       0.14298741       0.14085748
       0.24667166       0.14301592       0.14066969
       0.24716350       0.14309736       0.14052517
