0.14481317
0.28147748
0.40798461
0.5201277899999999
0.61460615
0.68917287
0.7426842599999999
0.77505639
0.78714607
0.7805798
0.75755563
0.72064123
0.67258634
0.61616212
0.55403373
0.4886672899999999
0.42226888
0.35675043
0.2937167099999999
0.23446726
0.1800079
0.13106761
0.08811742499999999
0.051389548
0.020895746
-0.003555178
-0.02234029599999999
-0.03600512
-0.045244945
-0.050884223
-0.05385344899999999
-0.05516337899999999
-0.055876776
-0.057078149
-0.059842253
-0.06520217899999999
-0.074117862
-0.08744570499999999
-0.10590972
-0.13007435
-0.1603187799999999
-0.19681242
-0.239491
-0.28803324
-0.34183788
-0.40000212
-0.4613030499999999
-0.52418491
-0.58675629
-0.6468025100000001
-0.70181901
-0.74907213
-0.78569236
-0.80880324
-0.8156852300000001
-0.8039688
-0.77184474
-0.71827331
-0.64316856
-0.54753158
-0.43350748
-0.30434726
-0.16426589
-0.018202458
0.12849772
0.2704460599999999
0.40257859
0.5204875999999999
0.62068199
0.7007530100000001
0.75943625
0.7965754
0.8130045799999999
0.8103734599999999
0.7909415
0.7573659799999999
0.71250336
0.65923777
0.60034349
0.53838337
0.47564073
0.41407988
0.3553292599999999
0.30068114
0.2511024
0.2072521099999999
0.1695028299999999
0.13796355
0.11250347
0.092776218
0.078244779
0.06820747199999999
0.061825392
0.058151443
0.05616090099999999
0.054783093
0.052933576
0.049545997
0.043602806
0.03416409499999999
0.02039403
0.0015846839
-0.022822597
-0.053217815
-0.08980422
-0.13258065
-0.1813236
-0.2355684999999999
-0.29459046
-0.35738534
-0.42265301
-0.48878619
-0.55386898
-0.61569046
-0.6717796
-0.71946712
-0.75597948
-0.77856716
-0.7846662
-0.77208625
-0.7392128200000001
-0.68520509
-0.61016628
-0.51526129
-0.40275841
-0.27597813
-0.13914305
0.002864118599999999