   0.2195889267948087   0.1220157206688852   0.1218808301786206
   0.2198558587605187   0.1203777105274410   0.1189276784931425
   0.2205997336940117   0.1191295095007517   0.1162129348960906
   0.2218700327881238   0.1183470075478502   0.1138270912219991
   0.2237103845365304   0.1181062169281003   0.1118661299185729
   0.2261565038434895   0.1184811991751005   0.1104303621915857
   0.2292340379822830   0.1195414125365277   0.1096217139654061
   0.2329565088873010   0.1213487551700571   0.1095402710113455
   0.2373235024277010   0.1239544467140947   0.1102802135923682
   0.2423192604520033   0.1273959210651721   0.1119253069765988
   0.2479118273404377   0.1316939354050242   0.1145441852884059
   0.2540528837561734   0.1368501198181854   0.1181857322679977
   0.2606783651576211   0.1428451914434215   0.1228749078756844
   0.2677099130951212   0.1496380333876519   0.1286093831239901
   0.2750571474569090   0.1571657913310541   0.1353573203918078
   0.2826206835717766   0.1653450731647635   0.1430565719533431
   0.2902957562389089   0.1740742555541571   0.1516154709007225
   0.2979762599915518   0.1832368145017236   0.1609152665128661
   0.3055589767677155   0.1927055139746108   0.1708141238618245
   0.3129477425196127   0.2023472160471233   0.1811524790966439
   0.3200573050647986   0.2120280248500731   0.1917594302169482
   0.3268166466388708   0.2216184499303505   0.2024597588409077
   0.3331715842545991   0.2309982750786614   0.2130811294927430
   0.3390865154307211   0.2400608463726874   0.2234610043797878
   0.3445452408483999   0.2487165453899287   0.2334528450171974
   0.3495508625463467   0.2568952846997828   0.2429312444310010
   0.3541248194215785   0.2645479448237964   0.2517957370390539
   0.3583051746204816   0.2716467553649308   0.2599731551172135
   0.3621443069971314   0.2781846984642589   0.2674185256343142
   0.3657061786431648   0.2841740722682293   0.2741146137256799
   0.3690633526766127   0.2896443906976065   0.2800703065188340
   0.3722939225509556   0.2946398120312838   0.2853180857612475
   0.3754784903567268   0.2992162845408416   0.2899108579369067
   0.3786973019561421   0.3034385770742293   0.2939183998914239
   0.3820276161832613   0.3073773319300679   0.2974236438910058
   0.3855413577473593   0.3111062426549175   0.3005189779248894
   0.3893030815783836   0.3146994258755659   0.3033026844060997
   0.3933682613933897   0.3182290279540894   0.3058755913888971
   0.3977819071449132   0.3217630865361788   0.3083379710099934
   0.4025775135518890   0.3253636547813550   0.3107866936193583
   0.4077763431682606   0.3290851916528387   0.3133126341268441
   0.4133870500707499   0.3329732234343786   0.3159983284238655
   0.4194056518605468   0.3370632871861480   0.3189158895064976
   0.4258158561940033   0.3413801732934267   0.3221252108969314
   0.4325897420270282   0.3459374887172674   0.3256725040177598
   0.4396887846021907   0.3507375625307925   0.3295892309492527
   0.4470651973967870   0.3557717091189460   0.3338914996424613
   0.4546635453125489   0.3610208514754442   0.3385799816795752
   0.4624225637377394   0.3664564881328902   0.3436403917082868
   0.4702771006874134   0.3720419645164630   0.3490445340000672
   0.4781600869771805   0.3777339860548148   0.3547518791233239
   0.4860044347046441   0.3834842898410810   0.3607115885196606
   0.4937447685432579   0.3892413774345144   0.3668648638841668
   0.5013189074803751   0.3949522060509404   0.3731474683516571
   0.5086690352520670   0.4005637400054874   0.3794922524806707
   0.5157425233114349   0.4060242783015508   0.3858315220307368
   0.5224923975418316   0.4112844956680728   0.3920991055377753
   0.5288774658669051   0.4162981600574991   0.3982320139249308
   0.5348621456922329   0.4210225161554512   0.4041716262259212
   0.5404160459142962   0.4254183486022906   0.4098643787312870
   0.5455133673028471   0.4294497579417597   0.4152619738783894
   0.5501321876830350   0.4330836954089095   0.4203211558575963
   0.5542536956067958   0.4362893092639736   0.4250031199703179
   0.5578614297068870   0.4390371561209794   0.4292726318997023
   0.5609405724596577   0.4412983269105260   0.4330969324041679
   0.5634773383636390   0.4430435303946154   0.4364444946512726
   0.5654584890525832   0.4442421692282393   0.4392836880273106
   0.5668710027768478   0.4448614360428135   0.4415813863145168
   0.5677019238789582   0.4448654513401132   0.4433015418554381
   0.5679384199933610   0.4442144624159358   0.4444037325791023
   0.5675680811996843   0.4428641243319080   0.4448416771208474
   0.5665795066588053   0.4407648915182469   0.4445617062731025
   0.5649632407221782   0.4378615636858399   0.4435011785766532
   0.5627131423927214   0.4340930547433585   0.4415868368608036
   0.5598282993102377   0.4293924916331858   0.4387331255523490
   0.5563156294087347   0.4236878058058926   0.4348405329865145
   0.5521933478126644   0.4169030590013160   0.4297941004075196
   0.5474955082586885   0.4089608534588952   0.4234623675563154
   0.5422778469649754   0.3997863205289476   0.4156972294608898
   0.5366251431545984   0.3893133631438797   0.4063354953040431
   0.5306602309361397   0.3774940386325710   0.3952034106331145
   0.5245545975600086   0.3643121776717659   0.3821260691380307
   0.5185401011683992   0.3498024661032407   0.3669445105100091
   0.5129206258074164   0.3340761123674004   0.3495442952137423
   0.5080813376406736   0.3173536038093859   0.3299001714047115
   0.5044915302871413   0.3000034802964638   0.3081414002539567
   0.5026949361208143   0.2825829540423337   0.2846400273014550
   0.5032793284895004   0.2658710934978825   0.2601177550847513
   0.5068164694159724   0.2508783346296337   0.2357536793591352
   0.5137661329153473   0.2388091549594749   0.2132542201614902
   0.5243467714512399   0.2309526178697218   0.1948229775747515
   0.5383919223383052   0.2284858435273211   0.1829573408252536
   0.5552326840279965   0.2322051930090906   0.1800261137253939
   0.5736619338395107   0.2422464248742551   0.1876687973387414
   0.5920291906179838   0.2578970005365312   0.2061857892794659
   0.6084756273712171   0.2776050210094594   0.2341828924261609
   0.6212574608997383   0.2992261148672992   0.2686923170752675
   0.6290572430667475   0.3204436363440447   0.3057900994817770
   0.6311815990465083   0.3392142349884173   0.3414808404105498
   0.6275947086917318   0.3540877718232214   0.3725013125216403
   0.6188062733283577   0.3643248671301449   0.3967801416471057
   0.6056794471096234   0.3698301378936048   0.4134936871681579
   0.5892304970891810   0.3709777278484819   0.4228296018493851
   0.5704687885603581   0.3684118199762425   0.4256295314744955
   0.5502950778889425   0.3628776562119366   0.4230486954476933
   0.5294535512687709   0.3551051657852093   0.4163020627775495
   0.5085227370221505   0.3457436261544545   0.4065098554365918
   0.4879293339292486   0.3353349191693525   0.3946243852988748
   0.4679724206835399   0.3243112171506914   0.3814113442572901
   0.4488499487051484   0.3130055905125221   0.3674616594962692
   0.4306831471369544   0.3016677747398121   0.3532169788795188
   0.4135370079278261   0.2904805800103913   0.3389985404617319
   0.3974364997297519   0.2795747108573431   0.3250341206806878
   0.3823788926749649   0.2690411619212736   0.3114808761858817
   0.3683428541106404   0.2589411110672729   0.2984436269006466
   0.3552950098600060   0.2493135794399855   0.2859889591822492
   0.3431945891690675   0.2401812456959407   0.2741558381710983
   0.3319966582857333   0.2315548027139480   0.2629634594949123
   0.3216543343781083   0.2234361961817089   0.2524169918384722
   0.3121202735678281   0.2158210210682829   0.2425117441124085
   0.3033476483893921   0.2087002909974384   0.2332361731132187
   0.2952907699678378   0.2020617435811666   0.2245740456632523
   0.2879054656695038   0.1958908033346167   0.2165059875068826
   0.2811492906011455   0.1901712920393116   0.2090105886197713
   0.2749816281150616   0.1848859526993249   0.2020651879819571
   0.2693637179756772   0.1800168357949671   0.1956464268406346
   0.2642586391684498   0.1755455838322496   0.1897306349556688
   0.2596312660800851   0.1714536409586140   0.1842940967565266
   0.2554482109302579   0.1677224076986601   0.1793132317920418
   0.2516777611630360   0.1643333559366494   0.1747647148669959
   0.2482898175015038   0.1612681156103339   0.1706255547692710
   0.2452558361791880   0.1585085418080141   0.1668731457372729
   0.2425487772462744   0.1560367688143834   0.1634853022626948
   0.2401430596456038   0.1538352559491378   0.1604402850958742
   0.2380145228561134   0.1518868286633372   0.1577168241661940
   0.2361403942401374   0.1501747172221502   0.1552941423797572
   0.2344992607608759   0.1486825943586935   0.1531519828033074
   0.2330710434281252   0.1473946125022671   0.1512706405220916
   0.2318369726638585   0.1462954405485498   0.1496309994341029
   0.2307795627388890   0.1453702996402256   0.1482145733967209
   0.2298825835034564   0.1446049970586113   0.1470035504677848
   0.2291310278036104   0.1439859570854408   0.1459808384799681
   0.2285110732256926   0.1435002475729133   0.1451301098537032
   0.2280100371253832   0.1431356009506902   0.1444358433857245
   0.2276163242566534   0.1428804284889098   0.1438833607388011
   0.2273193666998538   0.1427238268115247   0.1434588554892407
   0.2271095561775922   0.1426555758969665   0.1431494128428092
   0.2269781692236964   0.1426661280942204   0.1429430184830153
   0.2269172860181621   0.1427465880022402   0.1428285554415023
   0.2269197040060300   0.1428886833900526   0.1427957883505626
   0.2269788476703687   0.1430847276563175   0.1428353349249770
   0.2270886760221392   0.1433275746251071   0.1429386249989614
   0.2272435894993270   0.1436105667368609   0.1430978478917168
   0.2274383380341995   0.1439274779105634   0.1433058892738420
   0.2276679320535233   0.1442724525192258   0.1435562590431845
   0.2279275581270270   0.1446399420328442   0.1438430119837674
   0.2282125008810393   0.1450246409411166   0.1441606631708509
   0.2285180726550186   0.1454214235746721   0.1445041001984994
   0.2288395522072776   0.1458252834027047   0.1448684943460997
   0.2291721335815557   0.1462312763024954   0.1452492127726140
   0.2295108860370909   0.1466344691792379   0.1456417337394788
   0.2298507257300154   0.1470298951703909   0.1460415667239562
   0.2301863996211841   0.1474125165054581   0.1464441791043717
   0.2305124818821111   0.1477771959176772   0.1468449308876124
   0.2308233828827401   0.1481186773265585   0.1472390187184492
   0.2311133706774630   0.1484315763371615   0.1476214301706694
   0.2313766047630031   0.1487103809405140   0.1479869090825612
   0.2316071817660364   0.1489494626559668   0.1483299324744824
   0.2317991926307589   0.1491430982358682   0.1486446993839273
   0.2319467908164342   0.1492855019598334   0.1489251317826510
   0.2320442709800019   0.1493708684826981   0.1491648876086207
   0.2320861576050812   0.1493934261679528   0.1493573858588905
   0.2320673030404550   0.1493475008361322   0.1494958436519390
   0.2319829944209947   0.1492275898823632   0.1495733251812896
   0.2318290689530913   0.1490284467639918   0.1495828025454835
   0.2316020370448059   0.1487451759207387   0.1495172285490788
   0.2312992127367886   0.1483733382568294   0.1493696217187990
   0.2309188508314188   0.1479090673755727   0.1491331639588355
   0.2304602900119035   0.1473491967985371   0.1488013114672659
   0.2299241010773486   0.1466913984084647   0.1483679197363346
   0.2293122391814497   0.1459343323103517   0.1478273836447395
   0.2286281986393072   0.1450778081899717   0.1471747937988564
   0.2278771684481228   0.1441229580434365   0.1464061103675482
   0.2270661861440844   0.1430724198337255   0.1455183556538227
   0.2262042869833525   0.1419305311782696   0.1445098265242022
   0.2253026446874086   0.1407035315630774   0.1433803275369023
   0.2243746991354766   0.1393997707917218   0.1421314251318132
   0.2234362654302290   0.1380299203921392   0.1407667225232117
   0.2225056177289247   0.1366071835054444   0.1392921539204777
   0.2216035401552262   0.1351474973613364   0.1377162953410192
   0.2207533360390632   0.1336697208087303   0.1360506875223262
   0.2199807857457826   0.1321957975402965   0.1343101642423824
   0.2193140425486937   0.1307508836727310   0.1325131766903078
   0.2187834554956734   0.1293634263009261   0.1306821013895465
   0.2184213081738224   0.1280651776556464   0.1288435156039433
   0.2182614628659882   0.1268911277330209   0.1270284202540310
   0.2183389010191462   0.1258793369590238   0.1252723863217223
   0.2186891534146241   0.1250706498910314   0.1236155968175908
   0.2193476171387508   0.1245082714833354   0.1221027530430325
   0.2203487615525875   0.1242371894342691   0.1207828116535049
   0.2217252320239409   0.1243034299776446   0.1197085186035260
   0.2235068681616724   0.1247531405299325   0.1189357082143938
   0.2257196624556722   0.1256315011023465   0.1185223411720623
   0.2283846951323471   0.1269814773941373   0.1185272649846474
   0.2315170909940087   0.1288424417861967   0.1190086948360819
   0.2351250530797113   0.1312487034802264   0.1200224319910793
   0.2392090350104309   0.1342280047871257   0.1216198604647642
   0.2437611175842417   0.1378000556365553   0.1238457893254343
   0.2487646543080040   0.1419751909637550   0.1267362356392100
   0.2541942440437562   0.1467532437133205   0.1303162687404771
   0.2600160761955569   0.1521227277881915   0.1345980566410450
   0.2661886748959757   0.1580604187137511   0.1395792661700843
   0.2726640443039189   0.1645314041284932   0.1452419664274325
   0.2793891890880721   0.1714896515235832   0.1515521679522431
   0.2863079549040984   0.1788791082386372   0.1584600969965498
   0.2933631061647994   0.1866353111473283   0.1659012569878109
   0.3004985357773348   0.1946874443572194   0.1737982715370168
   0.3076614865817744   0.2029607468441419   0.1820634410896807
   0.3148046589843694   0.2113791424871590   0.1906018856701093
   0.3218880846006392   0.2198679460367574   0.1993150964286045
   0.3288806611424966   0.2283564924304312   0.2081046850810410
   0.3357612675570010   0.2367805441866807   0.2168761068786911
   0.3425194078068799   0.2450843512081637   0.2255421406478502
   0.3491553633726433   0.2532222665021429   0.2340259368646620
   0.3556798652152127   0.2611598563115668   0.2422634872576545
   0.3621133226851488   0.2688744797535357   0.2502054209180250
   0.3684846676466820   0.2763553473384843   0.2578180856047747
   0.3748298858719078   0.2836030965469739   0.2650839226298018
   0.3811903145503705   0.2906289439785795   0.2720011845693986
   0.3876107854169911   0.2974534867380359   0.2785830741772869
   0.3941376889883725   0.3041052311385958   0.2848563994395915
   0.4008170284519158   0.3106189258411796   0.2908598447358322
   0.4076925235788074   0.3170337711246543   0.2966419539709008
   0.4148038170465850   0.3233915681929539   0.3022589115604341
   0.4221848287098571   0.3297348642078048   0.3077721947552363
   0.4298622980462268   0.3361051416087388   0.3132461591508985
   0.4378545510733540   0.3425410951639840   0.3187456107973377
   0.4461705248548245   0.3490770373262487   0.3243334145329507
   0.4548090793341436   0.3557414714192753   0.3300681892710464
   0.4637586215790821   0.3625558719643297   0.3360021460127710
   0.4729970606081336   0.3695337107070910   0.3421791313383611
   0.4824921011676451   0.3766797641485440   0.3486329452696085
   0.4922018720237530   0.3839897323352732   0.3553860046491620
   0.5020758690673212   0.3914501885405473   0.3624484188026312
   0.5120561769935233   0.3990388652286972   0.3698175314246877
   0.5220789172195256   0.4067252641720241   0.3774779610046161
   0.5320758560094250   0.4144715594335341   0.3854021430638256
   0.5419760973589537   0.4222337433764028   0.3935513440675437
   0.5517077814700265   0.4299629503402458   0.4018770833439658
   0.5611997122798887   0.4376068822849117   0.4103228703548263
   0.5703828462570528   0.4451112569807332   0.4188261443428999
   0.5791915884166422   0.4524212026493490   0.4273202944880198
   0.5875648584581351   0.4594825326790235   0.4357366420672877
   0.5954469079804187   0.4662428485771421   0.4440062805517863
   0.6027878868305417   0.4726524365241768   0.4520616922301107
   0.6095441711324323   0.4786649404548499   0.4598380869967997
   0.6156784763686075   0.4842378104766991   0.4672744363871899
   0.6211597856814448   0.4893325381756555   0.4743142003602658
   0.6259631265653721   0.4939146991946810   0.4809057633815980
   0.6300692290317890   0.4979538283372855   0.4870026089538053
   0.6334640960819435   0.5014231538222896   0.4925632679574131
   0.6361385139016996   0.5042992160186210   0.4975510769366606
   0.6380875254731418   0.5065613929659667   0.5019337792049589
   0.6393098879672231   0.5081913511409976   0.5056829958748326
   0.6398075318113556   0.5091724360095933   0.5087735869904749
   0.6395850380020043   0.5094890134699882   0.5111829158833705
   0.6386491502128987   0.5091257707212270   0.5128900233373497
   0.6370083396343620   0.5080669836477983   0.5138747124669152
   0.6346724433785396   0.5062957577184136   0.5141165404862740
   0.6316524018759269   0.5037932509317228   0.5135937097899581
   0.6279601272552375   0.5005378909329558   0.5122818480508829
   0.6236085436563570   0.4965046047594568   0.5101526656617312
   0.6186118523202527   0.4916640898140670   0.5071724795131691
   0.6129860897727377   0.4859821701990700   0.5033005962135439
   0.6067500671226952   0.4794193057510113   0.4984875578737014
   0.5999268029040760   0.4719303551747224   0.4926732736191396
   0.5925455909403939   0.4634647438532231   0.4857850966732283
   0.5846448771335141   0.4539672566818742   0.4777359705603583
   0.5762761512371705   0.4433797731427621   0.4684228745251519
   0.5675090835916802   0.4316443924666601   0.4577259709108298
   0.5584381369932370   0.4187085656233939   0.4455091284367184
   0.5491908326263054   0.4045330551691541   0.4316229065788817
   0.5399376998688229   0.3891037630956656   0.4159116823300621
   0.5309036203475090   0.3724486438120563   0.3982274099441884
   0.5223796837774980   0.3546609304066591   0.3784534912943786
   0.5147336801147886   0.3359295139168923   0.3565432013854417
   0.5084158463838611   0.3165761403127397   0.3325775276999451
   0.5039544674728700   0.2970965818200766   0.3068460321478170
   0.5019337115186232   0.2781985202665681   0.2799495328235402
   0.5029445975016972   0.2608223684354024   0.2529125275014729
   0.5075011066221130   0.2461237646287860   0.2272745413973192
   0.5159198611572865   0.2353916908805581   0.2051052063225868
   0.5281758544347370   0.2298810588518211   0.1888692368593486
   0.5437675212227402   0.2305613656137215   0.1810778854408686
   0.5616441182882045   0.2378258116611247   0.1837292440958158
   0.5802515305695991   0.2512537486018257   0.1976619733982426
   0.5977243671047617   0.2695398849803000   0.2220688437217975
   0.6121943160896623   0.2906628327606792   0.2544333053159007
   0.6221253331803253   0.3122663364821909   0.2909972214108112
   0.6265653391472807   0.3321242363831282   0.3276080840859498
   0.6252398722342816   0.3485248472248472   0.3606073735793199
   0.6184829953984577   0.3604639060397837   0.3874389724491803
   0.6070605395208161   0.3676332172454161   0.4068409677453540
   0.5919614511564659   0.3702693121323672   0.4186861994075365
   0.5742171009929150   0.3689500906447538   0.4236399113836842
   0.5547772082279504   0.3644077435602501   0.4227946236208076
   0.5344440699870178   0.3573914630696255   0.4173775853441049
   0.5138520949637264   0.3485848500474203   0.4085605650393977
   0.4934759105477504   0.3385676142393235   0.3973609954754856
   0.4736527804943469   0.3278068636418924   0.3846080115928102
   0.4546095618002815   0.3166650066168014   0.3709470586212722
   0.4364885987121371   0.3054150417924283   0.3568632251765760
   0.4193699636428442   0.2942576181150475   0.3427107049829944
   0.4032892986300939   0.2833369309409483   0.3287415169272427
   0.3882514777254807   0.2727542320877175   0.3151303966695574
   0.3742407191336396   0.2625786940868016   0.3019949613231399
   0.3612278726652477   0.2528558378240598   0.2894113535354025
   0.3491755542033847   0.2436139123425465   0.2774260269422625
   0.3380416877426685   0.2348686431422019   0.2660644422955500
   0.3277818954520412   0.2266267236678876   0.2553373871308855
   0.3183510687160923   0.2188883593343661   0.2452455144209945
   0.3097043653920875   0.2116491069464423   0.2357825690421617
   0.3017978107572550   0.2049011943016136   0.2269376577692294
   0.2945886291154005   0.1986344579106114   0.2186968263102601
   0.2880353963035884   0.1928370007587815   0.2110441357123171
   0.2820980770792719   0.1874956452316957   0.2039623774741757
   0.2767379927919086   0.1825962368278370   0.1974335282579350
   0.2719177516580248   0.1781238403043894   0.1914390177472928
   0.2676011647073107   0.1740628599627182   0.1859598640395796
   0.2637531638323861   0.1703971087008017   0.1809767176630880
   0.2603397334841366   0.1671098453397084   0.1764698461005164
   0.2573278637990304   0.1641837958977528   0.1724190842347837
   0.2546855299145100   0.1616011714495924   0.1688037714238742
   0.2523816996627695   0.1593436926238730   0.1656026922357558
   0.2503863695833174   0.1573926284340168   0.1627940347239001
   0.2486706271947190   0.1557288548685505   0.1603553771603269
   0.2472067357085694   0.1543329364328031   0.1582637111690795
   0.2459682358850399   0.1531852316368337   0.1564955061388899
   0.2449300585700249   0.1522660213150243   0.1550268166564617
   0.2440686406732647   0.1515556567212783   0.1538334315831009
   0.2433620369886876   0.1510347226647616   0.1528910604400869
   0.2427900203449958   0.1506842096275352   0.1521755501397534
   0.2423341631003069   0.1504856879138819   0.1516631229656465
   0.2419778939221862   0.1504214764704072   0.1513306252058592
   0.2417065250569783   0.1504747990994604   0.1511557750719943
   0.2415072467991209   0.1506299213412966   0.1511173985261660
   0.2413690875159455   0.1508722622622371   0.1511956423602709
   0.2412828392547389   0.1511884766673568   0.1513721552360145
   0.2412409505501175   0.1515665047483293   0.1516302292633342
   0.2412373894687254   0.1519955877637424   0.1519548969000242
   0.2412674811035784   0.1524662499179625   0.1523329803155481
   0.2413277246156571   0.1529702480564950   0.1527530927027886
   0.2414155954949914   0.1535004920524632   0.1532055931907567
   0.2415293389808119   0.1540509397666596   0.1536824988904198
   0.2416677605637502   0.1546164711943311   0.1541773591153358
   0.2418300192306988   0.1551927468607425   0.1546850979189312
   0.2420154286521491   0.1557760557093782   0.1552018317771315
   0.2422232709038075   0.1563631576708261   0.1557246695439217
   0.2424526266095530   0.1569511258455186   0.1562515017643544
   0.2427022246378372   0.1575371928225420   0.1567807861030006
   0.2429703137187049   0.1581186051328711   0.1573113350991505
   0.2432545576068223   0.1586924892391675   0.1578421117552414
   0.2435519547230322   0.1592557318316729   0.1583720376587638
   0.2438587825820301   0.1598048765614032   0.1588998174793018
   0.2441705667700616   0.1603360387230522   0.1594237828121239
   0.2444820737825289   0.1608448388211086   0.1599417574905925
   0.2447873266717449   0.1613263554298503   0.1604509456876929
   0.2450796421914526   0.1617750973038674   0.1609478433929313
   0.2453516879561772   0.1621849943205526   0.1614281732016853
   0.2455955580568594   0.1625494065472005   0.1618868418039211
   0.2458028655840191   0.1628611505283480   0.1623179191201073
   0.2459648505981723   0.1631125417868773   0.1627146377142195
   0.2460725022440906   0.1632954525257716   0.1630694109249126
   0.2461166939179437   0.1634013836040145   0.1633738681014733
   0.2460883306490886   0.1634215500346071   0.1636189054130409
   0.2459785081333837   0.1633469795063400   0.1637947509158980
   0.2457786831325602   0.1631686237516997   0.1638910429081943
   0.2454808552124213   0.1628774829556349   0.1638969210637401
   0.2450777600082133   0.1624647438051885   0.1638011304016298
   0.2445630743539000   0.1619219321965641   0.1635921387977767
   0.2439316336678483   0.1612410820195600   0.1632582694559107
   0.2431796619244272   0.1604149218022587   0.1627878505042624
   0.2423050143321734   0.1594370812911212   0.1621693846424181
   0.2413074324564757   0.1583023202295262   0.1613917425000007
   0.2401888109390646   0.1570067816431020   0.1604443840501993
   0.2389534741476481   0.1555482717991123   0.1593176130059157
   0.2376084600058339   0.1539265686286624   0.1580028695644043
   0.2361638068753254   0.1521437597248106   0.1564930670941789
   0.2346328376613812   0.1502046099871564   0.1547829782932088
   0.2330324332674360   0.1481169574942066   0.1528696758825177
   0.2313832851274480   0.1458921341602201   0.1507530318956105
   0.2297101138090937   0.1435454050803309   0.1484362779070585
   0.2280418376563739   0.1410964170978992   0.1459266259008202
   0.2264116722264805   0.1385696429714370   0.1432359456651103
   0.2248571380431417   0.1359948025463550   0.1403814893520394
   0.2234199511983354   0.1334072365925532   0.1373866469040255
   0.2221457689583863   0.1308482026085568   0.1342817072333578
   0.2210837612656295   0.1283650552334359   0.1311045892905244
   0.2202859794947540   0.1260112674785765   0.1279014946537206
   0.2198064967486059   0.1238462435798223   0.1247274195637594
   0.2197003001349293   0.1219348709464231   0.1216464504641377
