-0.08214842199999999
-0.11617014
-0.15496928
-0.1990582
-0.24878473
-0.30429963
-0.36552131
-0.43209787
-0.50336751
-0.5783191
-0.65555636
-0.73327035
-0.8092269899999999
-0.8807775700000001
-0.94490128
-0.9982886699999999
-1.0374732
-1.0590145
-1.0597296
-1.0369632
-0.9888738200000001
-0.91470859
-0.8150289499999999
-0.6918499
-0.54865938
-0.39029736
-0.22269241
-0.05247581099999999
0.11348651
0.2685889899999999
0.40694866
0.52378042
0.61564705
0.68056637
0.7179802500000001
0.72860842
0.7142218200000001
0.6773743900000001
0.6211297799999999
0.54881197
0.46379941
0.36937234
0.26861448
0.16436406
0.059204842
-0.044514243
-0.1446428
-0.23918754
-0.3262759299999999
-0.40413337
-0.47108029
-0.5255531199999999
-0.56615013
-0.59170021
-0.6013492099999999
-0.5946553200000001
-0.5716822999999999
-0.53307747
-0.4801213899999999
-0.4147375399999999
-0.33945406
-0.2573148499999999
-0.17174356
-0.08637032799999999
-0.004836385
0.06940557799999999
0.13327666
0.18422674
0.22034783
0.24044058
0.24403468
0.23136946
0.20334421
0.16144947
0.1076897
0.04450551199999999
-0.025299697
-0.098628139
-0.17215381
-0.2423925
-0.30578332
-0.35878942
-0.39802411
-0.42040435
-0.4233284699999999
-0.40486798
-0.36395651
-0.30055323
-0.21575501
-0.11183315
0.0078238798
0.13886881
0.27624868
0.41453154
0.5482734599999999
0.67238561
0.78246103
0.8750272300000001
0.9477026499999999
0.9992493400000001
1.0295285
1.039376499999999
1.0304255
1.0048952
0.9653807
0.9146547999999999
0.8554983800000001
0.79056623
0.72228924
0.65281079
0.58395227
0.5172016
0.45371869
0.39435203
0.33966211
0.2899479799999999
0.24527486
0.2055012699999999
0.17030512
0.13920852
0.11160164
0.08676581699999999
0.06389637099999999
0.042125331
0.020544355
-0.0017720634
-0.025743024
-0.05225722499999999