       0.42089248       0.27740174       0.29503072
       0.41765014       0.26789871       0.28260099
       0.41503659       0.25847321       0.26981524
       0.41313988       0.24922675       0.25676357
       0.41204922       0.24027767       0.24356526
       0.41185203       0.23176122       0.23037303
       0.41263021       0.22382867       0.21737642
       0.41445557       0.21664502       0.20480380
       0.41738442       0.21038511       0.19292208
       0.42145155       0.20522780       0.18203329
       0.42666394       0.20134811       0.17246701
       0.43299470       0.19890746       0.16456811
       0.44037779       0.19804236       0.15867933
       0.44870443       0.19885231       0.15511930
       0.45782183       0.20138808       0.15415711
       0.46753493       0.20564163       0.15598570
       0.47761170       0.21153921       0.16069722
       0.48779185       0.21893905       0.16826375
       0.49779868       0.22763445       0.17852689
       0.50735312       0.23736263       0.19119865
       0.51618862       0.24781873       0.20587463
       0.52406548       0.25867364       0.22205869
       0.53078307       0.26959370       0.23919626
       0.53618885       0.28026015       0.25671220
       0.54018341       0.29038611       0.27404852
       0.54272135       0.29972974       0.29069773
       0.54380840       0.30810248       0.30622838
       0.54349550       0.31537230       0.32030117
       0.54187084       0.32146249       0.33267545
       0.53905078       0.32634680       0.34320715
       0.53517076       0.33004222       0.35184003
       0.53037677       0.33260044       0.35859266
       0.52481793       0.33409896       0.36354313
       0.51864051       0.33463278       0.36681347
       0.51198328       0.33430693       0.36855506
       0.50497439       0.33323034       0.36893592
       0.49772936       0.33151098       0.36813030
       0.49035010       0.32925223       0.36631052
       0.48292476       0.32655046       0.36364120
       0.47552812       0.32349349       0.36027523
       0.46822238       0.32015979       0.35635144
       0.46105822       0.31661830       0.35199348
       0.45407598       0.31292864       0.34730962
       0.44730687       0.30914157       0.34239319
       0.44077416       0.30529969       0.33732347
       0.43449436       0.30143819       0.33216686
       0.42847823       0.29758559       0.32697808
       0.42273176       0.29376461       0.32180151
       0.41725698       0.28999283       0.31667248
       0.41205277       0.28628346       0.31161838
       0.40711543       0.28264593       0.30665987
       0.40243934       0.27908650       0.30181179
       0.39801733       0.27560875       0.29708411
       0.39384119       0.27221406       0.29248266
       0.38990197       0.26890199       0.28800986
       0.38619028       0.26567064       0.28366533
       0.38269656       0.26251696       0.27944634
       0.37941129       0.25943706       0.27534833
       0.37632514       0.25642636       0.27136529
       0.37342917       0.25347992       0.26749006
       0.37071493       0.25059254       0.26371468
       0.36817458       0.24775898       0.26003062
       0.36580098       0.24497409       0.25642904
       0.36358776       0.24223300       0.25290097
       0.36152941       0.23953120       0.24943756
       0.35962132       0.23686472       0.24603021
       0.35785980       0.23423022       0.24267079
       0.35624217       0.23162513       0.23935181
       0.35476670       0.22904776       0.23606657
       0.35343271       0.22649742       0.23280936
       0.35224048       0.22397451       0.22957564
       0.35119128       0.22148065       0.22636221
       0.35028734       0.21901876       0.22316740
       0.34953176       0.21659318       0.21999129
       0.34892846       0.21420972       0.21683586
       0.34848206       0.21187574       0.21370521
       0.34819776       0.20960018       0.21060576
       0.34808120       0.20739363       0.20754639
       0.34813827       0.20526825       0.20453861
       0.34837483       0.20323780       0.20159669
       0.34879655       0.20131746       0.19873770
       0.34940856       0.19952379       0.19598160
       0.35021512       0.19787444       0.19335111
       0.35121934       0.19638795       0.19087160
       0.35242275       0.19508337       0.18857087
       0.35382494       0.19397988       0.18647870
       0.35542320       0.19309635       0.18462646
       0.35721213       0.19245075       0.18304638
       0.35918333       0.19205962       0.18177079
       0.36132510       0.19193739       0.18083124
       0.36362221       0.19209581       0.18025743
       0.36605581       0.19254327       0.18007610
       0.36860335       0.19328419       0.18030989
       0.37123876       0.19431856       0.18097612
       0.37393259       0.19564145       0.18208575
       0.37665244       0.19724275       0.18364234
       0.37936344       0.19910701       0.18564128
       0.38202891       0.20121356       0.18806927
       0.38461106       0.20353666       0.19090406
       0.38707181       0.20604604       0.19411458
       0.38937371       0.20870745       0.19766140
       0.39148076       0.21148349       0.20149754
       0.39335933       0.21433452       0.20556963
       0.39497889       0.21721966       0.20981930
       0.39631275       0.22009782       0.21418484
       0.39733861       0.22292879       0.21860288
       0.39803898       0.22567413       0.22301017
       0.39840144       0.22829813       0.22734528
       0.39841873       0.23076850       0.23155017
       0.39808870       0.23305696       0.23557148
       0.39741407       0.23513969       0.23936171
       0.39640214       0.23699753       0.24287993
       0.39506430       0.23861606       0.24609238
       0.39341558       0.23998557       0.24897264
       0.39147404       0.24110075       0.25150161
       0.38926023       0.24196050       0.25366724
       0.38679659       0.24256742       0.25546410
       0.38410691       0.24292744       0.25689277
       0.38121576       0.24304931       0.25795917
       0.37814809       0.24294409       0.25867380
       0.37492873       0.24262474       0.25905098
       0.37158208       0.24210558       0.25910811
       0.36813179       0.24140194       0.25886494
       0.36460047       0.24052975       0.25834294
       0.36100959       0.23950520       0.25756466
       0.35737925       0.23834446       0.25655321
       0.35372812       0.23706345       0.25533185
       0.35007339       0.23567764       0.25392357
       0.34643075       0.23420185       0.25235078
       0.34281434       0.23265021       0.25063508
       0.33923685       0.23103598       0.24879708
       0.33570953       0.22937156       0.24685621
       0.33224223       0.22766842       0.24483071
       0.32884350       0.22593710       0.24273749
       0.32552063       0.22418719       0.24059216
       0.32227977       0.22242735       0.23840899
       0.31912598       0.22066535       0.23620097
       0.31606330       0.21890808       0.23397979
       0.31309487       0.21716159       0.23175594
       0.31022297       0.21543115       0.22953873
       0.30744911       0.21372126       0.22733634
       0.30477409       0.21203572       0.22515593
       0.30219809       0.21037766       0.22300364
       0.29972069       0.20874961       0.22088470
       0.29734097       0.20715349       0.21880348
       0.29505758       0.20559071       0.21676354
       0.29286871       0.20406217       0.21476769
       0.29077222       0.20256834       0.21281806
       0.28876567       0.20110925       0.21091615
       0.28684633       0.19968456       0.20906287
       0.28501124       0.19829356       0.20725858
       0.28325724       0.19693525       0.20550315
       0.28158103       0.19560833       0.20379602
       0.27997917       0.19431125       0.20213618
       0.27844811       0.19304223       0.20052226
       0.27698426       0.19179927       0.19895256
       0.27558396       0.19058023       0.19742504
       0.27424357       0.18938278       0.19593740
       0.27295942       0.18820449       0.19448706
       0.27172791       0.18704280       0.19307125
       0.27054550       0.18589509       0.19168696
       0.26940871       0.18475866       0.19033102
       0.26831418       0.18363078       0.18900013
       0.26725868       0.18250870       0.18769081
       0.26623914       0.18138969       0.18639952
       0.26525265       0.18027102       0.18512261
       0.26429651       0.17915005       0.18385638
       0.26336823       0.17802416       0.18259709
       0.26246557       0.17689089       0.18134096
       0.26158654       0.17574784       0.18008427
       0.26072946       0.17459282       0.17882329
       0.25989295       0.17342375       0.17755437
       0.25907595       0.17223882       0.17627395
       0.25827776       0.17103639       0.17497859
       0.25749808       0.16981513       0.17366499
       0.25673699       0.16857398       0.17233007
       0.25599498       0.16731221       0.17097094
       0.25527300       0.16602946       0.16958499
       0.25457244       0.16472577       0.16816993
       0.25389519       0.16340162       0.16672382
       0.25324361       0.16205796       0.16524513
       0.25262057       0.16069626       0.16373281
       0.25202944       0.15931856       0.16218631
       0.25147411       0.15792746       0.16060570
       0.25095900       0.15652625       0.15899168
       0.25048901       0.15511886       0.15734569
       0.25006954       0.15370993       0.15566997
       0.24970648       0.15230487       0.15396763
       0.24940612       0.15090984       0.15224272
       0.24917520       0.14953180       0.15050033
       0.24902077       0.14817850       0.14874661
       0.24895019       0.14685852       0.14698888
       0.24897100       0.14558121       0.14523567
       0.24909090       0.14435673       0.14349674
       0.24931759       0.14319592       0.14178315
       0.24965867       0.14211036       0.14010721
       0.25012153       0.14111216       0.13848251
       0.25071320       0.14021398       0.13692386
       0.25144020       0.13942882       0.13544718
       0.25230837       0.13876990       0.13406943
       0.25332275       0.13825051       0.13280839
       0.25448739       0.13788377       0.13168252
       0.25580518       0.13768245       0.13071064
       0.25727775       0.13765872       0.12991169
       0.25890530       0.13782393       0.12930438
       0.26068651       0.13818831       0.12890680
       0.26261846       0.13876075       0.12873602
       0.26469657       0.13954856       0.12880768
       0.26691458       0.14055725       0.12913554
       0.26926463       0.14179031       0.12973109
       0.27173729       0.14324908       0.13060314
       0.27432171       0.14493261       0.13175747
       0.27700577       0.14683763       0.13319657
       0.27977636       0.14895856       0.13491941
       0.28261953       0.15128755       0.13692138
       0.28552088       0.15381464       0.13919421
       0.28846581       0.15652792       0.14172619
       0.29143983       0.15941383       0.14450230
       0.29442890       0.16245745       0.14750460
       0.29741977       0.16564282       0.15071265
       0.30040017       0.16895332       0.15410401
       0.30335914       0.17237202       0.15765483
       0.30628720       0.17588211       0.16134043
       0.30917651       0.17946719       0.16513593
       0.31202095       0.18311160       0.16901686
       0.31481620       0.18680072       0.17295971
       0.31755969       0.19052117       0.17694238
       0.32025056       0.19426098       0.18094465
       0.32288952       0.19800969       0.18494849
       0.32547874       0.20175841       0.18893824
       0.32802164       0.20549980       0.19290076
       0.33052269       0.20922800       0.19682545
       0.33298719       0.21293854       0.20070417
       0.33542111       0.21662819       0.20453111
       0.33783078       0.22029482       0.20830256
       0.34022278       0.22393719       0.21201666
       0.34260374       0.22755480       0.21567313
       0.34498013       0.23114770       0.21927293
       0.34735822       0.23471633       0.22281801
       0.34974392       0.23826134       0.22631095
       0.35214270       0.24178348       0.22975473
       0.35455960       0.24528351       0.23315252
       0.35699914       0.24876208       0.23650740
       0.35946538       0.25221970       0.23982228
       0.36196190       0.25565669       0.24309975
       0.36449185       0.25907318       0.24634200
       0.36705798       0.26246911       0.24955082
       0.36966271       0.26584428       0.25272756
       0.37230816       0.26919834       0.25587318
       0.37499624       0.27253087       0.25898831
       0.37772865       0.27584144       0.26207336
       0.38050695       0.27912964       0.26512854
       0.38333258       0.28239512       0.26815400
       0.38620691       0.28563768       0.27114995
       0.38913121       0.28885729       0.27411671
       0.39210671       0.29205409       0.27705483
       0.39513451       0.29522845       0.27996514
       0.39821563       0.29838097       0.28284884
       0.40135096       0.30151247       0.28570754
       0.40454120       0.30462398       0.28854326
       0.40778681       0.30771673       0.29135848
       0.41108801       0.31079208       0.29415611
       0.41444465       0.31385151       0.29693946
       0.41785619       0.31689654       0.29971220
       0.42132163       0.31992870       0.30247832
       0.42483945       0.32294942       0.30524203
       0.42840754       0.32595998       0.30800769
       0.43202315       0.32896147       0.31077971
       0.43568283       0.33195464       0.31356244
       0.43938239       0.33493988       0.31636006
       0.44311689       0.33791712       0.31917649
       0.44688053       0.34088578       0.32201523
       0.45066673       0.34384465       0.32487927
       0.45446805       0.34679189       0.32777098
       0.45827619       0.34972492       0.33069197
       0.46208204       0.35264041       0.33364301
       0.46587567       0.35553417       0.33662392
       0.46964639       0.35840119       0.33963349
       0.47338273       0.36123558       0.34266938
       0.47707258       0.36403052       0.34572807
       0.48070316       0.36677830       0.34880479
       0.48426119       0.36947028       0.35189348
       0.48773286       0.37209695       0.35498678
       0.49110401       0.37464786       0.35807596
       0.49436017       0.37711172       0.36115097
       0.49748667       0.37947641       0.36420041
       0.50046877       0.38172900       0.36721155
       0.50329171       0.38385578       0.37017037
       0.50594086       0.38584235       0.37306158
       0.50840184       0.38767364       0.37586866
       0.51066060       0.38933396       0.37857392
       0.51270355       0.39080707       0.38115852
       0.51451767       0.39207619       0.38360253
       0.51609065       0.39312412       0.38588498
       0.51741098       0.39393323       0.38798387
       0.51846810       0.39448556       0.38987625
       0.51925249       0.39476284       0.39153819
       0.51975585       0.39474657       0.39294485
       0.51997122       0.39441807       0.39407046
       0.51989313       0.39375856       0.39488832
       0.51951780       0.39274921       0.39537080
       0.51884329       0.39137126       0.39548931
       0.51786976       0.38960610       0.39521430
       0.51659966       0.38743542       0.39451523
       0.51503805       0.38484141       0.39336057
       0.51319289       0.38180691       0.39171781
       0.51107540       0.37831576       0.38955350
       0.50870048       0.37435308       0.38683335
       0.50608713       0.36990577       0.38352241
       0.50325900       0.36496302       0.37958534
       0.50024495       0.35951702       0.37498683
       0.49707964       0.35356379       0.36969224
       0.49380422       0.34710420       0.36366841
       0.49046697       0.34014527       0.35688492
       0.48712400       0.33270157       0.34931566
       0.48383987       0.32479698       0.34094095
       0.48068809       0.31646671       0.33175020
       0.47775143       0.30775943       0.32174541
       0.47512198       0.29873975       0.31094527
       0.47290074       0.28949068       0.29939027
       0.47119659       0.28011609       0.28714847
       0.47012454       0.27074284       0.27432206
       0.46980300       0.26152237       0.26105420
       0.47034991       0.25263125       0.24753577
       0.47187748       0.24427026       0.23401117
       0.47448572       0.23666136       0.22078201
       0.47825458       0.23004216       0.20820739
       0.48323519       0.22465726       0.19669911
       0.48944053       0.22074639       0.18671025
       0.49683661       0.21852940       0.17871585
       0.50533500       0.21818897       0.17318534
       0.51478803       0.21985225       0.17054754
       0.52498806       0.22357351       0.17115073
       0.53567156       0.22932014       0.17522210
       0.54652875       0.23696459       0.18283220
       0.55721848       0.24628418       0.19387050
       0.56738721       0.25696994       0.20803752
       0.57669041       0.26864431       0.22485640
       0.58481385       0.28088586       0.24370403
       0.59149246       0.29325803       0.26385809
       0.59652457       0.30533856       0.28455343
       0.59978020       0.31674564       0.30503988
       0.60120298       0.32715830       0.32463398
       0.60080618       0.33632919       0.34275864
       0.59866408       0.34408948       0.35896765
       0.59490025       0.35034680       0.37295470
       0.58967437       0.35507762       0.38454901
       0.58316918       0.35831613       0.39370074
       0.57557853       0.36014150       0.40046031
       0.56709739       0.36066499       0.40495508
       0.55791391       0.36001811       0.40736631
       0.54820387       0.35834252       0.40790843
       0.53812695       0.35578192       0.40681160
       0.52782480       0.35247601       0.40430812
       0.51742045       0.34855624       0.40062239
       0.50701861       0.34414313       0.39596419
       0.49670677       0.33934492       0.39052455
       0.48655661       0.33425706       0.38447383
       0.47662567       0.32896240       0.37796119
       0.46695910       0.32353193       0.37111523
       0.45759137       0.31802563       0.36404529
       0.44854782       0.31249360       0.35684313
       0.43984618       0.30697713       0.34958483
       0.43149785       0.30150984       0.34233264
       0.42350901       0.29611872       0.33513686
       0.41588170       0.29082506       0.32803753
       0.40861455       0.28564530       0.32106596
       0.40170359       0.28059183       0.31424613
       0.39514279       0.27567363       0.30759591
       0.38892459       0.27089687       0.30112806
       0.38304029       0.26626536       0.29485114
       0.37748042       0.26178103       0.28877031
       0.37223495       0.25744425       0.28288790
       0.36729361       0.25325417       0.27720403
       0.36264599       0.24920895       0.27171703
       0.35828172       0.24530600       0.26642380
       0.35419059       0.24154219       0.26132017
       0.35036265       0.23791395       0.25640118
       0.34678823       0.23441749       0.25166124
       0.34345808       0.23104883       0.24709441
       0.34036335       0.22780398       0.24269449
       0.33749564       0.22467899       0.23845521
       0.33484704       0.22167004       0.23437033
       0.33241011       0.21877349       0.23043376
       0.33017791       0.21598599       0.22663965
       0.32814401       0.21330448       0.22298248
       0.32630246       0.21072629       0.21945715
       0.32464778       0.20824914       0.21605904
       0.32317496       0.20587121       0.21278408
       0.32187943       0.20359117       0.20962882
       0.32075702       0.20140818       0.20659051
       0.31980393       0.19932196       0.20366710
       0.31901668       0.19733277       0.20085736
       0.31839207       0.19544142       0.19816087
       0.31792712       0.19364929       0.19557809
       0.31761898       0.19195830       0.19311037
       0.31746490       0.19037091       0.19075997
       0.31746212       0.18889004       0.18853006
       0.31760777       0.18751910       0.18642472
       0.31789883       0.18626186       0.18444890
       0.31833197       0.18512243       0.18260839
       0.31890347       0.18410514       0.18090970
       0.31960913       0.18321444       0.17936001
       0.32044415       0.18245480       0.17796705
       0.32140303       0.18183054       0.17673888
       0.32247946       0.18134574       0.17568380
       0.32366627       0.18100404       0.17481009
       0.32495530       0.18080850       0.17412576
       0.32633737       0.18076141       0.17363838
       0.32780226       0.18086416       0.17335470
       0.32933863       0.18111705       0.17328046
       0.33093408       0.18151917       0.17342005
       0.33257519       0.18206824       0.17377625
       0.33424753       0.18276051       0.17434996
       0.33593582       0.18359070       0.17513999
       0.33762401       0.18455193       0.17614281
       0.33929549       0.18563571       0.17735244
       0.34093323       0.18683199       0.17876035
       0.34251999       0.18812923       0.18035542
       0.34403859       0.18951449       0.18212396
       0.34547209       0.19097361       0.18404989
       0.34680409       0.19249142       0.18611483
       0.34801892       0.19405190       0.18829843
       0.34910191       0.19563849       0.19057864
       0.35003959       0.19723433       0.19293211
       0.35081988       0.19882253       0.19533452
       0.35143225       0.20038644       0.19776110
       0.35186787       0.20190993       0.20018701
       0.35211969       0.20337762       0.20258777
       0.35218251       0.20477510       0.20493970
       0.35205298       0.20608915       0.20722029
       0.35172959       0.20730786       0.20940853
       0.35121263       0.20842079       0.21148521
       0.35050409       0.20941901       0.21343315
       0.34960756       0.21029519       0.21523733
       0.34852808       0.21104359       0.21688506
       0.34727204       0.21166003       0.21836598
       0.34584695       0.21214186       0.21967209
       0.34426132       0.21248787       0.22079768
       0.34252447       0.21269817       0.22173920
       0.34064638       0.21277413       0.22249520
       0.33863750       0.21271821       0.22306613
       0.33650863       0.21253386       0.22345413
       0.33427073       0.21222536       0.22366290
       0.33193482       0.21179770       0.22369748
       0.32951189       0.21125646       0.22356402
       0.32701271       0.21060767       0.22326964
       0.32444784       0.20985771       0.22282219
       0.32182747       0.20901320       0.22223013
       0.31916141       0.20808088       0.22150231
       0.31645904       0.20706756       0.22064787
       0.31372923       0.20598002       0.21967608
       0.31098036       0.20482496       0.21859625
       0.30822026       0.20360892       0.21741759
       0.30545624       0.20233826       0.21614918
       0.30269506       0.20101911       0.21479984
       0.29994295       0.19965735       0.21337811
       0.29720559       0.19825855       0.21189219
       0.29448817       0.19682802       0.21034991
       0.29179538       0.19537073       0.20875868
       0.28913141       0.19389134       0.20712554
       0.28650000       0.19239420       0.20545704
       0.28390446       0.19088335       0.20375934
       0.28134770       0.18936249       0.20203816
       0.27883221       0.18783504       0.20029877
       0.27636015       0.18630413       0.19854605
       0.27393332       0.18477257       0.19678446
       0.27155323       0.18324294       0.19501807
       0.26922106       0.18171752       0.19325055
       0.26693777       0.18019837       0.19148524
       0.26470404       0.17868729       0.18972512
       0.26252035       0.17718588       0.18797285
       0.26038696       0.17569553       0.18623076
       0.25830395       0.17421744       0.18450093
       0.25627126       0.17275261       0.18278512
       0.25428866       0.17130191       0.18108489
       0.25235579       0.16986602       0.17940151
       0.25047221       0.16844552       0.17773606
       0.24863734       0.16704084       0.17608944
       0.24685056       0.16565231       0.17446231
       0.24511117       0.16428016       0.17285520
       0.24341841       0.16292451       0.17126847
       0.24177148       0.16158544       0.16970235
       0.24016958       0.16026293       0.16815693
       0.23861187       0.15895695       0.16663221
       0.23709751       0.15766738       0.16512805
       0.23562568       0.15639409       0.16364427
       0.23419558       0.15513693       0.16218059
       0.23280641       0.15389575       0.16073667
       0.23145746       0.15267037       0.15931213
       0.23014802       0.15146065       0.15790654
       0.22887747       0.15026643       0.15651945
       0.22764525       0.14908762       0.15515039
       0.22645087       0.14792414       0.15379890
       0.22529392       0.14677597       0.15246450
       0.22417410       0.14564314       0.15114674
       0.22309120       0.14452575       0.14984521
       0.22204511       0.14342396       0.14855953
       0.22103585       0.14233804       0.14728935
       0.22006354       0.14126833       0.14603441
       0.21912845       0.14021527       0.14479450
       0.21823096       0.13917942       0.14356951
       0.21737162       0.13816146       0.14235940
       0.21655108       0.13716219       0.14116425
       0.21577018       0.13618254       0.13998424
       0.21502988       0.13522358       0.13881969
       0.21433131       0.13428653       0.13767105
       0.21367574       0.13337278       0.13653892
       0.21306462       0.13248386       0.13542404
       0.21249954       0.13162148       0.13432733
       0.21198225       0.13078752       0.13324991
       0.21151465       0.12998402       0.13219304
       0.21109881       0.12921323       0.13115821
       0.21073694       0.12847757       0.13014711
       0.21043138       0.12777963       0.12916166
       0.21018461       0.12712220       0.12820396
       0.20999926       0.12650825       0.12727638
       0.20987806       0.12594094       0.12638151
       0.20982383       0.12542360       0.12552218
       0.20983952       0.12495973       0.12470146
       0.20992814       0.12455300       0.12392265
       0.21009275       0.12420722       0.12318933
       0.21033648       0.12392637       0.12250528
       0.21066246       0.12371455       0.12187454
       0.21107385       0.12357596       0.12130136
       0.21157375       0.12351492       0.12079023
       0.21216524       0.12353579       0.12034581
       0.21285133       0.12364303       0.11997297
       0.21363491       0.12384107       0.11967675
       0.21451877       0.12413439       0.11946233
       0.21550550       0.12452739       0.11933497
       0.21659753       0.12502443       0.11930008
       0.21779708       0.12562976       0.11936305
       0.21910608       0.12634748       0.11952934
       0.22052622       0.12718152       0.11980433
       0.22205885       0.12813558       0.12019335
       0.22370501       0.12921312       0.12070159
       0.22546536       0.13041726       0.12133405
       0.22734018       0.13175080       0.12209551
       0.22932935       0.13321613       0.12299046
       0.23143231       0.13481524       0.12402300
       0.23364807       0.13654963       0.12519686
       0.23597522       0.13842031       0.12651528
       0.23841186       0.14042773       0.12798097
       0.24095566       0.14257181       0.12959607
       0.24360386       0.14485184       0.13136207
       0.24635325       0.14726655       0.13327978
       0.24920023       0.14981402       0.13534929
       0.25214078       0.15249169       0.13756992
       0.25517056       0.15529641       0.13994022
       0.25828488       0.15822440       0.14245792
       0.26147878       0.16127125       0.14511993
       0.26474706       0.16443202       0.14792234
       0.26808432       0.16770119       0.15086046
       0.27148506       0.17107274       0.15392880
       0.27494367       0.17454019       0.15712113
       0.27845452       0.17809666       0.16043050
       0.28201205       0.18173490       0.16384934
       0.28561076       0.18544739       0.16736950
       0.28924532       0.18922639       0.17098229
       0.29291064       0.19306400       0.17467865
       0.29660184       0.19695227       0.17844914
       0.30031441       0.20088323       0.18228414
       0.30404415       0.20484899       0.18617385
       0.30778729       0.20884181       0.19010847
       0.31154049       0.21285417       0.19407826
       0.31530083       0.21687883       0.19807366
       0.31906589       0.22090890       0.20208540
       0.32283373       0.22493789       0.20610456
       0.32660289       0.22895974       0.21012270
       0.33037238       0.23296890       0.21413191
       0.33414168       0.23696035       0.21812489
       0.33791070       0.24092961       0.22209505
       0.34167977       0.24487276       0.22603650
       0.34544959       0.24878647       0.22994416
       0.34922119       0.25266798       0.23381373
       0.35299587       0.25651509       0.23764176
       0.35677516       0.26032615       0.24142562
       0.36056077       0.26410004       0.24516353
       0.36435449       0.26783614       0.24885450
       0.36815815       0.27153424       0.25249836
       0.37197356       0.27519460       0.25609568
       0.37580240       0.27881777       0.25964773
       0.37964619       0.28240465       0.26315645
       0.38350621       0.28595633       0.26662436
       0.38738341       0.28947411       0.27005447
       0.39127837       0.29295937       0.27345027
       0.39519121       0.29641353       0.27681555
       0.39912155       0.29983797       0.28015439
       0.40306845       0.30323397       0.28347102
       0.40703034       0.30660260       0.28676972
       0.41100499       0.30994470       0.29005476
       0.41498946       0.31326078       0.29333023
       0.41898011       0.31655096       0.29659999
       0.42297249       0.31981488       0.29986755
       0.42696141       0.32305170       0.30313595
       0.43094089       0.32625997       0.30640769
       0.43490414       0.32943764       0.30968461
       0.43884363       0.33258197       0.31296781
       0.44275105       0.33568952       0.31625756
       0.44661738       0.33875610       0.31955323
       0.45043288       0.34177675       0.32285322
       0.45418720       0.34474572       0.32615486
       0.45786937       0.34765646       0.32945444
       0.46146790       0.35050162       0.33274707
       0.46497084       0.35327305       0.33602673
       0.46836585       0.35596180       0.33928620
       0.47164029       0.35855815       0.34251706
       0.47478129       0.36105164       0.34570972
       0.47777588       0.36343107       0.34885336
       0.48061104       0.36568458       0.35193604
       0.48327382       0.36779964       0.35494462
       0.48575144       0.36976313       0.35786490
       0.48803140       0.37156136       0.36068156
       0.49010157       0.37318013       0.36337827
       0.49195029       0.37460478       0.36593768
       0.49356652       0.37582021       0.36834150
       0.49493987       0.37681098       0.37057051
       0.49606081       0.37756132       0.37260461
       0.49692070       0.37805520       0.37442286
       0.49751197       0.37827636       0.37600347
       0.49782819       0.37820841       0.37732386
       0.49786426       0.37783483       0.37836062
       0.49761653       0.37713907       0.37908957
       0.49708296       0.37610464       0.37948571
       0.49626330       0.37471514       0.37952323
       0.49515929       0.37295444       0.37917550
       0.49377489       0.37080676       0.37841509
       0.49211652       0.36825683       0.37721371
       0.49019335       0.36529013       0.37554230
       0.48801764       0.36189314       0.37337106
       0.48560508       0.35805364       0.37066958
       0.48297524       0.35376113       0.36740697
       0.48015198       0.34900735       0.36355219
       0.47716400       0.34378689       0.35907442
       0.47404535       0.33809794       0.35394366
       0.47083601       0.33194325       0.34813153
       0.46758249       0.32533120       0.34161237
       0.46433840       0.31827712       0.33436466
       0.46116497       0.31080483       0.32637298
       0.45813146       0.30294835       0.31763031
       0.45531546       0.29475384       0.30814114
       0.45280281       0.28628167       0.29792506
       0.45068727       0.27760861       0.28702120
       0.44906956       0.26882987       0.27549320
       0.44805580       0.26006100       0.26343485
       0.44775514       0.25143921       0.25097599
       0.44827629       0.24312385       0.23828827
       0.44972307       0.23529568       0.22559014
       0.45218873       0.22815434       0.21315013
       0.45574918       0.22191374       0.20128733
       0.46045532       0.21679482       0.19036771
       0.46632495       0.21301562       0.18079494
       0.47333487       0.21077858       0.17299473
       0.48141406       0.21025580       0.16739218
       0.49043896       0.21157319       0.16438255
       0.50023196       0.21479499       0.16429750
       0.51056400       0.21991087       0.16736978
       0.52116179       0.22682740       0.17370104
       0.53171968       0.23536597       0.18323777
       0.54191544       0.24526821       0.19576002
       0.55142861       0.25620919       0.21088617
       0.55995952       0.26781709       0.22809463
       0.56724683       0.27969749       0.24676025
       0.57308179       0.29145909       0.26620096
       0.57731767       0.30273801       0.28572816
       0.57987381       0.31321787       0.30469442
       0.58073427       0.32264385       0.32253282
       0.57994194       0.33083007       0.33878422
       0.57758937       0.33766047       0.35311136
       0.57380759       0.34308427       0.36530038
       0.56875443       0.34710770       0.37525229
       0.56260336       0.34978327       0.38296738
       0.55553367       0.35119847       0.38852591
       0.54772236       0.35146476       0.39206760
       0.53933805       0.35070772       0.39377231
       0.53053664       0.34905891       0.39384296
       0.52145866       0.34664934       0.39249161
       0.51222800       0.34360479       0.38992866
       0.50295162       0.34004256       0.38635510
       0.49372011       0.33606946       0.38195739
       0.48460872       0.33178088       0.37690443
       0.47567867       0.32726055       0.37134625
       0.46697871       0.32258084       0.36541382
       0.45854661       0.31780338       0.35921975
       0.45041068       0.31298000       0.35285954
       0.44259118       0.30815362       0.34641307
       0.43510158       0.30335929       0.33994626
       0.42794974       0.29862514       0.33351272
       0.42113889       0.29397331       0.32715537
       0.41466852       0.28942081       0.32090793
       0.40853515       0.28498025       0.31479624
       0.40273292       0.28066054       0.30883951
       0.39725421       0.27646749       0.30305134
       0.39209001       0.27240430       0.29744068
       0.38723036       0.26847207       0.29201259
       0.38266467       0.26467012       0.28676896
       0.37838194       0.26099639       0.28170906
       0.37437100       0.25744767       0.27683004
       0.37062072       0.25401992       0.27212739
       0.36712011       0.25070842       0.26759522
       0.36385848       0.24750798       0.26322666
       0.36082553       0.24441313       0.25901406
       0.35801142       0.24141823       0.25494920
       0.35540688       0.23851763       0.25102357
       0.35300323       0.23570576       0.24722846
       0.35079243       0.23297725       0.24355514
       0.34876714       0.23032701       0.23999504
       0.34692073       0.22775038       0.23653983
       0.34524732       0.22524314       0.23318157
       0.34374176       0.22280165       0.22991283
       0.34239968       0.22042289       0.22672682
       0.34121745       0.21810458       0.22361748
       0.34019220       0.21584520       0.22057962
       0.33932178       0.21364411       0.21760901
       0.33860473       0.21150156       0.21470255
       0.33804025       0.20941881       0.21185833
       0.33762814       0.20739813       0.20907579
       0.33736874       0.20544283       0.20635582
       0.33726280       0.20355734       0.20370086
       0.33731144       0.20174720       0.20111500
       0.33751601       0.20001902       0.19860410
       0.33787791       0.19838049       0.19617582
       0.33839850       0.19684031       0.19383966
       0.33907886       0.19540813       0.19160698
       0.33991963       0.19409440       0.18949100
       0.34092081       0.19291023       0.18750666
       0.34208149       0.19186721       0.18567053
       0.34339968       0.19097720       0.18400060
       0.34487201       0.19025201       0.18251599
       0.34649357       0.18970314       0.18123664
       0.34825762       0.18934144       0.18018284
       0.35015547       0.18917671       0.17937481
       0.35217625       0.18921737       0.17883204
       0.35430683       0.18947003       0.17857273
       0.35653172       0.18993913       0.17861309
       0.35883311       0.19062657       0.17896666
       0.36119089       0.19153139       0.17964360
       0.36358280       0.19264951       0.18065009
       0.36598467       0.19397357       0.18198767
       0.36837069       0.19549275       0.18365280
       0.37071380       0.19719287       0.18563653
       0.37298614       0.19905643       0.18792424
       0.37515949       0.20106285       0.19049569
       0.37720586       0.20318879       0.19332518
       0.37909799       0.20540859       0.19638196
       0.38080993       0.20769478       0.19963076
       0.38231751       0.21001865       0.20303258
       0.38359889       0.21235084       0.20654554
       0.38463489       0.21466204       0.21012587
       0.38540942       0.21692355       0.21372896
       0.38590966       0.21910792       0.21731036
       0.38612625       0.22118945       0.22082686
       0.38605338       0.22314467       0.22423737
       0.38568871       0.22495271       0.22750377
       0.38503330       0.22659558       0.23059157
       0.38409138       0.22805836       0.23347047
       0.38287015       0.22932923       0.23611471
       0.38137942       0.23039954       0.23850327
       0.37963132       0.23126367       0.24061994
       0.37763989       0.23191888       0.24245320
       0.37542078       0.23236514       0.24399606
       0.37299082       0.23260481       0.24524573
       0.37036772       0.23264241       0.24620326
       0.36756972       0.23248431       0.24687313
       0.36461528       0.23213845       0.24726276
       0.36152286       0.23161401       0.24738212
       0.35831064       0.23092115       0.24724320
       0.35499634       0.23007076       0.24685962
       0.35159706       0.22907423       0.24624623
       0.34812914       0.22794318       0.24541871
       0.34460808       0.22668933       0.24439326
       0.34104843       0.22532432       0.24318628
       0.33746379       0.22385959       0.24181417
       0.33386673       0.22230622       0.24029305
       0.33026884       0.22067491       0.23863866
       0.32668069       0.21897585       0.23686617
       0.32311186       0.21721871       0.23499010
       0.31957099       0.21541259       0.23302423
       0.31606579       0.21356600       0.23098154
       0.31260312       0.21168685       0.22887420
       0.30918898       0.20978245       0.22671353
       0.30582861       0.20785951       0.22451001
       0.30252653       0.20592416       0.22227328
       0.29928656       0.20398198       0.22001216
       0.29611192       0.20203800       0.21773470
       0.29300524       0.20009675       0.21544817
       0.28996861       0.19816224       0.21315912
       0.28700367       0.19623805       0.21087344
       0.28411158       0.19432731       0.20859634
       0.28129313       0.19243275       0.20633243
       0.27854874       0.19055671       0.20408578
       0.27587852       0.18870121       0.20185989
       0.27328228       0.18686791       0.19965780
       0.27075958       0.18505821       0.19748209
       0.26830975       0.18327320       0.19533492
       0.26593192       0.18151375       0.19321805
       0.26362508       0.17978048       0.19113292
       0.26138804       0.17807383       0.18908061
       0.25921950       0.17639404       0.18706195
       0.25711805       0.17474119       0.18507746
       0.25508220       0.17311521       0.18312745
       0.25311042       0.17151592       0.18121200
       0.25120110       0.16994300       0.17933099
       0.24935261       0.16839606       0.17748414
       0.24756331       0.16687463       0.17567102
       0.24583156       0.16537816       0.17389104
       0.24415573       0.16390607       0.17214353
       0.24253422       0.16245772       0.17042769
       0.24096546       0.16103248       0.16874265
       0.23944795       0.15962968       0.16708748
       0.23798021       0.15824867       0.16546119
       0.23656088       0.15688881       0.16386276
       0.23518866       0.15554950       0.16229114
       0.23386234       0.15423015       0.16074526
       0.23258081       0.15293025       0.15922409
       0.23134308       0.15164933       0.15772657
       0.23014827       0.15038701       0.15625171
       0.22899565       0.14914298       0.15479855
       0.22788459       0.14791704       0.15336617
       0.22681463       0.14670907       0.15195375
       0.22578545       0.14551910       0.15056053
       0.22479688       0.14434725       0.14918585
       0.22384893       0.14319381       0.14782916
       0.22294177       0.14205918       0.14649002
       0.22207572       0.14094394       0.14516815
       0.22125131       0.13984883       0.14386338
       0.22046923       0.13877476       0.14257573
       0.21973036       0.13772281       0.14130538
       0.21903575       0.13669427       0.14005268
       0.21838664       0.13569061       0.13881820
       0.21778447       0.13471351       0.13760271
       0.21723083       0.13376484       0.13640718
       0.21672751       0.13284671       0.13523285
       0.21627647       0.13196142       0.13408117
       0.21587982       0.13111150       0.13295384
       0.21553984       0.13029968       0.13185283
       0.21525897       0.12952893       0.13078039
       0.21503979       0.12880242       0.12973900
       0.21488498       0.12812353       0.12873145
       0.21479736       0.12749584       0.12776079
       0.21477983       0.12692312       0.12683036
       0.21483540       0.12640935       0.12594377
       0.21496710       0.12595863       0.12510488
       0.21517803       0.12557527       0.12431785
       0.21547128       0.12526367       0.12358706
       0.21584996       0.12502837       0.12291714
       0.21631714       0.12487400       0.12231295
       0.21687582       0.12480525       0.12177954
       0.21752893       0.12482686       0.12132214
       0.21827928       0.12494357       0.12094612
       0.21912953       0.12516009       0.12065698
       0.22008219       0.12548107       0.12046031
       0.22113954       0.12591109       0.12036173
       0.22230367       0.12645456       0.12036687
       0.22357639       0.12711575       0.12048132
       0.22495923       0.12789869       0.12071059
       0.22645342       0.12880717       0.12106006
       0.22805987       0.12984468       0.12153491
       0.22977913       0.13101440       0.12214009
       0.23161139       0.13231910       0.12288027
       0.23355646       0.13376117       0.12375978
       0.23561373       0.13534254       0.12478253
       0.23778223       0.13706467       0.12595202
       0.24006054       0.13892850       0.12727124
       0.24244686       0.14093444       0.12874264
       0.24493898       0.14308235       0.13036810
       0.24753426       0.14537150       0.13214887
       0.25022971       0.14780058       0.13408552
       0.25302195       0.15036766       0.13617795
       0.25590726       0.15307023       0.13842535
       0.25888156       0.15590515       0.14082615
       0.26194052       0.15886871       0.14337804
       0.26507950       0.16195661       0.14607795
       0.26829367       0.16516398       0.14892206
       0.27157799       0.16848542       0.15190578
       0.27492728       0.17191503       0.15502381
       0.27833628       0.17544643       0.15827011
       0.28179968       0.17907286       0.16163799
       0.28531217       0.18278713       0.16512011
       0.28886851       0.18658179       0.16870854
       0.29246359       0.19044910       0.17239483
       0.29609246       0.19438116       0.17617007
       0.29975039       0.19836991       0.18002496
       0.30343294       0.20240728       0.18394991
       0.30713598       0.20648519       0.18793509
       0.31085578       0.21059569       0.19197057
       0.31458900       0.21473097       0.19604639
       0.31833276       0.21888347       0.20015267
       0.32208465       0.22304595       0.20427972
       0.32584276       0.22721152       0.20841810
       0.32960571       0.23137376       0.21255878
       0.33337263       0.23552673       0.21669320
       0.33714317       0.23966500       0.22081336
       0.34091752       0.24378377       0.22491191
       0.34469632       0.24787881       0.22898223
       0.34848071       0.25194655       0.23301847
       0.35227225       0.25598405       0.23701566
       0.35607290       0.25998904       0.24096969
       0.35988494       0.26395990       0.24487736
       0.36371096       0.26789564       0.24873643
       0.36755375       0.27179588       0.25254558
       0.37141627       0.27566083       0.25630443
       0.37530153       0.27949124       0.26001352
       0.37921259       0.28328834       0.26367424
       0.38315239       0.28705382       0.26728883
       0.38712377       0.29078974       0.27086031
       0.39112929       0.29449846       0.27439240
       0.39517123       0.29818261       0.27788946
       0.39925148       0.30184497       0.28135639
       0.40337146       0.30548841       0.28479856
       0.40753207       0.30911582       0.28822168
       0.41173360       0.31273003       0.29163172
       0.41597568       0.31633371       0.29503480
       0.42025724       0.31992930       0.29843706
       0.42457643       0.32351897       0.30184457
       0.42893061       0.32710449       0.30526320
       0.43331630       0.33068718       0.30869850
       0.43772917       0.33426787       0.31215562
       0.44216402       0.33784681       0.31563914
       0.44661478       0.34142362       0.31915305
       0.45107452       0.34499725       0.32270058
       0.45553544       0.34856596       0.32628415
       0.45998896       0.35212725       0.32990526
       0.46442568       0.35567785       0.33356444
       0.46883550       0.35921375       0.33726121
       0.47320763       0.36273011       0.34099397
       0.47753064       0.36622137       0.34476003
       0.48179262       0.36968118       0.34855556
       0.48598113       0.37310246       0.35237558
       0.49008341       0.37647744       0.35621397
       0.49408638       0.37979768       0.36006350
       0.49797677       0.38305411       0.36391587
       0.50174122       0.38623714       0.36776173
       0.50536635       0.38933664       0.37159076
       0.50883887       0.39234205       0.37539175
       0.51214567       0.39524244       0.37915264
       0.51527391       0.39802656       0.38286063
       0.51821109       0.40068293       0.38650227
       0.52094517       0.40319988       0.39006352
       0.52346459       0.40556563       0.39352989
       0.52575838       0.40776835       0.39688650
       0.52781621       0.40979620       0.40011816
       0.52962845       0.41163739       0.40320948
       0.53118622       0.41328025       0.40614494
       0.53248141       0.41471323       0.40890893
       0.53350676       0.41592494       0.41148586
       0.53425586       0.41690420       0.41386016
       0.53472318       0.41764004       0.41601635
       0.53490413       0.41812171       0.41793905
       0.53479504       0.41833869       0.41961302
       0.53439320       0.41828071       0.42102312
       0.53369687       0.41793771       0.42215433
       0.53270535       0.41729985       0.42299173
       0.53141894       0.41635750       0.42352042
       0.52983904       0.41510124       0.42372553
       0.52796813       0.41352181       0.42359211
       0.52580988       0.41161015       0.42310510
       0.52336921       0.40935735       0.42224921
       0.52065233       0.40675469       0.42100888
       0.51766691       0.40379364       0.41936816
       0.51442213       0.40046593       0.41731062
       0.51092893       0.39676353       0.41481928
       0.50720011       0.39267885       0.41187656
       0.50325059       0.38820477       0.40846416
       0.49909767       0.38333488       0.40456311
       0.49476132       0.37806367       0.40015373
       0.49026452       0.37238686       0.39521576
       0.48563364       0.36630181       0.38972848
       0.48089891       0.35980794       0.38367103
       0.47609485       0.35290744       0.37702277
       0.47126083       0.34560594       0.36976394
       0.46644154       0.33791348       0.36187647
       0.46168757       0.32984556       0.35334513
       0.45705594       0.32142442       0.34415899
       0.45261046       0.31268054       0.33431339
       0.44842216       0.30365423       0.32381233
       0.44456933       0.29439752       0.31267148
       0.44113741       0.28497603       0.30092178
       0.43821844       0.27547095       0.28861367
       0.43590996       0.26598081       0.27582189
       0.43431329       0.25662307       0.26265064
       0.43353097       0.24753497       0.24923898
       0.43366329       0.23887363       0.23576576
       0.43480371       0.23081478       0.22245370
       0.43703336       0.22354984       0.20957145
       0.44041453       0.21728087       0.19743288
       0.44498342       0.21221323       0.18639208
       0.45074279       0.20854568       0.17683326
       0.45765491       0.20645823       0.16915454
       0.46563580       0.20609831       0.16374557
       0.47455169       0.20756632       0.16095965
       0.48421858       0.21090206       0.16108244
       0.49440571       0.21607379       0.16430031
       0.50484324       0.22297189       0.17067252
       0.51523409       0.23140847       0.18011179
       0.52526911       0.24112391       0.19237706
       0.53464418       0.25180024       0.20708105
       0.54307766       0.26308011       0.22371268
       0.55032609       0.27458941       0.24167226
       0.55619677       0.28596074       0.26031484
       0.56055570       0.29685523       0.27899606
       0.56333074       0.30698017       0.29711487
       0.56450980       0.31610121       0.31414812
       0.56413511       0.32404842       0.32967420
       0.56229456       0.33071655       0.34338474
       0.55911134       0.33606060       0.35508522
       0.55473320       0.34008795       0.36468670
       0.54932222       0.34284855       0.37219135
       0.54304576       0.34442447       0.37767473
       0.53606909       0.34491984       0.38126714
       0.52854969       0.34445186       0.38313591
       0.52063329       0.34314324       0.38346987
       0.51245138       0.34111627       0.38246651
       0.50411997       0.33848839       0.38032205
       0.49573930       0.33536923       0.37722424
       0.48739431       0.33185866       0.37334753
       0.47915553       0.32804589       0.36885019
       0.47108032       0.32400924       0.36387296
       0.46321426       0.31981632       0.35853883
       0.45559255       0.31552468       0.35295362
       0.44824142       0.31118253       0.34720701
       0.44117945       0.30682969       0.34137394
       0.43441877       0.30249847       0.33551611
       0.42796617       0.29821462       0.32968353
       0.42182401       0.29399815       0.32391595
       0.41599114       0.28986417       0.31824434
       0.41046355       0.28582361       0.31269209
       0.40523505       0.28188384       0.30727619
       0.40029777       0.27804929       0.30200824
       0.39564262       0.27432194       0.29689532
       0.39125965       0.27070174       0.29194078
       0.38713841       0.26718703       0.28714488
       0.38326817       0.26377486       0.28250539
       0.37963815       0.26046127       0.27801803
       0.37623775       0.25724155       0.27367697
       0.37305665       0.25411047       0.26947512
       0.37008496       0.25106248       0.26540444
       0.36731336       0.24809185       0.26145629
       0.36473314       0.24519288       0.25762156
       0.36233629       0.24235998       0.25389097
       0.36011561       0.23958786       0.25025523
       0.35806469       0.23687162       0.24670518
       0.35617802       0.23420686       0.24323202
       0.35445094       0.23158982       0.23982743
       0.35287976       0.22901743       0.23648374
       0.35146170       0.22648748       0.23319405
       0.35019489       0.22399869       0.22995244
       0.34907842       0.22155078       0.22675408
       0.34811226       0.21914458       0.22359541
       0.34729722       0.21678214       0.22047430
       0.34663494       0.21446677       0.21739022
       0.34612779       0.21220312       0.21434439
       0.34577875       0.20999722       0.21133993
       0.34559134       0.20785655       0.20838208
       0.34556945       0.20579001       0.20547827
       0.34571717       0.20380795       0.20263826
       0.34603862       0.20192207       0.19987426
       0.34653767       0.20014538       0.19720097
       0.34721775       0.19849207       0.19463557
       0.34808154       0.19697730       0.19219768
       0.34913066       0.19561699       0.18990924
       0.35036540       0.19442753       0.18779425
       0.35178432       0.19342545       0.18587848
       0.35338401       0.19262696       0.18418900
       0.35515870       0.19204758       0.18275369
       0.35710002       0.19170156       0.18160053
       0.35919676       0.19160140       0.18075682
       0.36143463       0.19175727       0.18024835
       0.36379618       0.19217649       0.18009840
       0.36626078       0.19286302       0.18032682
       0.36880466       0.19381697       0.18094896
       0.37140112       0.19503423       0.18197476
       0.37402082       0.19650623       0.18340792
       0.37663217       0.19821977       0.18524514
       0.37920191       0.20015702       0.18747567
       0.38169565       0.20229571       0.19008101
       0.38407862       0.20460947       0.19303497
       0.38631640       0.20706831       0.19630396
       0.38837565       0.20963924       0.19984759
       0.39022490       0.21228706       0.20361959
       0.39183522       0.21497517       0.20756893
       0.39318089       0.21766646       0.21164114
       0.39423989       0.22032422       0.21577974
       0.39499435       0.22291296       0.21992775
       0.39543083       0.22539925       0.22402917
       0.39554044       0.22775240       0.22803035
       0.39531888       0.22994499       0.23188124
       0.39476629       0.23195336       0.23553642
       0.39388702       0.23375786       0.23895591
       0.39268932       0.23534298       0.24210578
       0.39118490       0.23669738       0.24495842
       0.38938852       0.23781378       0.24749266
       0.38731742       0.23868871       0.24969370
       0.38499089       0.23932225       0.25155275
       0.38242975       0.23971765       0.25306664
       0.37965586       0.23988095       0.25423731
       0.37669169       0.23982055       0.25507114
       0.37355991       0.23954680       0.25557839
       0.37028307       0.23907163       0.25577246
       0.36688325       0.23840808       0.25566933
       0.36338184       0.23757004       0.25528694
       0.35979932       0.23657188       0.25464461
       0.35615512       0.23542819       0.25376256
       0.35246748       0.23415352       0.25266147
       0.34875338       0.23276220       0.25136209
       0.34502849       0.23126814       0.24988494
       0.34130718       0.22968475       0.24825005
       0.33760246       0.22802479       0.24647672
       0.33392609       0.22630031       0.24458341
       0.33028853       0.22452261       0.24258757
       0.32669905       0.22270219       0.24050561
       0.32316579       0.22084874       0.23835283
       0.31969576       0.21897116       0.23614337
       0.31629499       0.21707754       0.23389025
       0.31296853       0.21517519       0.23160537
       0.30972057       0.21327067       0.22929951
       0.30655448       0.21136984       0.22698242
       0.30347287       0.20947784       0.22466283
       0.30047769       0.20759919       0.22234848
       0.29757025       0.20573777       0.22004624
       0.29475132       0.20389692       0.21776210
       0.29202113       0.20207941       0.21550124
       0.28937949       0.20028753       0.21326812
       0.28682577       0.19852311       0.21106647
       0.28435900       0.19678755       0.20889942
       0.28197787       0.19508186       0.20676946
       0.27968080       0.19340669       0.20467857
       0.27746598       0.19176236       0.20262820
       0.27533135       0.19014889       0.20061936
       0.27327471       0.18856604       0.19865261
       0.27129368       0.18701330       0.19672814
       0.26938577       0.18548998       0.19484579
       0.26754840       0.18399516       0.19300508
       0.26577890       0.18252778       0.19120524
       0.26407457       0.18108659       0.18944522
       0.26243267       0.17967025       0.18772377
       0.26085045       0.17827728       0.18603940
       0.25932518       0.17690615       0.18439045
       0.25785416       0.17555523       0.18277510
       0.25643474       0.17422284       0.18119138
       0.25506433       0.17290729       0.17963720
       0.25374044       0.17160683       0.17811037
       0.25246067       0.17031977       0.17660864
       0.25122273       0.16904440       0.17512967
       0.25002449       0.16777906       0.17367110
       0.24886394       0.16652215       0.17223052
       0.24773925       0.16527213       0.17080556
       0.24664878       0.16402757       0.16939383
       0.24559107       0.16278712       0.16799298
       0.24456487       0.16154961       0.16660073
       0.24356915       0.16031396       0.16521487
       0.24260315       0.15907928       0.16383330
       0.24166631       0.15784488       0.16245401
       0.24075838       0.15661025       0.16107516
       0.23987936       0.15537513       0.15969507
       0.23902954       0.15413949       0.15831226
       0.23820951       0.15290355       0.15692546
       0.23742017       0.15166787       0.15553365
       0.23666273       0.15043326       0.15413609
       0.23593871       0.14920089       0.15273235
       0.23524996       0.14797227       0.15132231
       0.23459866       0.14674928       0.14990626
       0.23398728       0.14553418       0.14848484
       0.23341864       0.14432963       0.14705916
       0.23289587       0.14313870       0.14563078
       0.23242236       0.14196491       0.14420174
       0.23200182       0.14081219       0.14277462
       0.23163822       0.13968493       0.14135254
       0.23133574       0.13858795       0.13993921
       0.23109881       0.13752654       0.13853892
       0.23093201       0.13650639       0.13715659
       0.23084007       0.13553364       0.13579776
       0.23082780       0.13461481       0.13446861
       0.23090008       0.13375681       0.13317593
       0.23106176       0.13296687       0.13192716
       0.23131764       0.13225254       0.13073029
       0.23167238       0.13162157       0.12959391
       0.23213046       0.13108195       0.12852709
       0.23269610       0.13064173       0.12753936
       0.23337318       0.13030903       0.12664063
       0.23416520       0.13009192       0.12584109
       0.23507521       0.12999831       0.12515111
       0.23610573       0.13003591       0.12458114
       0.23725869       0.13021206       0.12414154
       0.23853542       0.13053369       0.12384248
       0.23993657       0.13100719       0.12369376
       0.24146208       0.13163831       0.12370471
       0.24311119       0.13243207       0.12388395
       0.24488239       0.13339268       0.12423932
       0.24677349       0.13452347       0.12477769
       0.24878157       0.13582680       0.12550483
       0.25090305       0.13730406       0.12642532
       0.25313376       0.13895560       0.12754244
       0.25546896       0.14078073       0.12885806
       0.25790343       0.14277775       0.13037268
       0.26043158       0.14494394       0.13208535
       0.26304748       0.14727564       0.13399370
       0.26574500       0.14976830       0.13609401
       0.26851791       0.15241655       0.13838127
       0.27135992       0.15521428       0.14084929
       0.27426481       0.15815477       0.14349084
       0.27722653       0.16123077       0.14629775
       0.28023921       0.16443461       0.14926114
       0.28329726       0.16775829       0.15237150
       0.28639543       0.17119362       0.15561892
       0.28952883       0.17473225       0.15899317
       0.29269293       0.17836582       0.16248394
       0.29588361       0.18208598       0.16608086
       0.29909717       0.18588445       0.16977370
       0.30233027       0.18975309       0.17355238
       0.30557996       0.19368395       0.17740708
       0.30884366       0.19766924       0.18132827
       0.31211912       0.20170139       0.18530674
       0.31540442       0.20577306       0.18933357
       0.31869793       0.20987712       0.19340018
       0.32199831       0.21400667       0.19749827
       0.32530451       0.21815505       0.20161982
       0.32861573       0.22231586       0.20575708
       0.33193145       0.22648292       0.20990252
       0.33525142       0.23065036       0.21404886
       0.33857569       0.23481256       0.21818905
       0.34190457       0.23896425       0.22231631
       0.34523872       0.24310048       0.22642410
       0.34857911       0.24721670       0.23050621
       0.35192703       0.25130878       0.23455678
       0.35528416       0.25537304       0.23857035
       0.35865249       0.25940629       0.24254196
       0.36203440       0.26340589       0.24646718
       0.36543262       0.26736973       0.25034217
       0.36885020       0.27129631       0.25416381
       0.37229052       0.27518474       0.25792967
       0.37575724       0.27903473       0.26163815
       0.37925427       0.28284661       0.26528846
       0.38278571       0.28662131       0.26888070
       0.38635579       0.29036037       0.27241586
       0.38996885       0.29406588       0.27589582
       0.39362919       0.29774044       0.27932335
       0.39734106       0.30138713       0.28270208
       0.40110858       0.30500945       0.28603646
       0.40493560       0.30861125       0.28933172
       0.40882567       0.31219666       0.29259378
       0.41278194       0.31577000       0.29582921
       0.41680707       0.31933572       0.29904507
       0.42090315       0.32289829       0.30224886
       0.42507164       0.32646215       0.30544842
       0.42931326       0.33003156       0.30865176
       0.43362798       0.33361058       0.31186697
       0.43801491       0.33720294       0.31510211
       0.44247228       0.34081194       0.31836503
       0.44699739       0.34444044       0.32166328
       0.45158660       0.34809071       0.32500399
       0.45623528       0.35176439       0.32839369
       0.46093781       0.35546245       0.33183826
       0.46568760       0.35918510       0.33534276
       0.47047712       0.36293177       0.33891138
       0.47529787       0.36670107       0.34254729
       0.48014047       0.37049077       0.34625260
       0.48499472       0.37429776       0.35002828
       0.48984960       0.37811812       0.35387412
       0.49469343       0.38194703       0.35778865
       0.49951385       0.38577889       0.36176918
       0.50429801       0.38960729       0.36581175
       0.50903259       0.39342505       0.36991119
       0.51370392       0.39722434       0.37406109
       0.51829811       0.40099665       0.37825390
       0.52280113       0.40473293       0.38248099
       0.52719890       0.40842363       0.38673269
       0.53147744       0.41205877       0.39099839
       0.53562292       0.41562806       0.39526669
       0.53962181       0.41912094       0.39952543
       0.54346093       0.42252672       0.40376187
       0.54712755       0.42583460       0.40796274
       0.55060946       0.42903379       0.41211445
       0.55389508       0.43211358       0.41620311
       0.55697346       0.43506341       0.42021472
       0.55983438       0.43787296       0.42413525
       0.56246839       0.44053215       0.42795075
       0.56486681       0.44303127       0.43164745
       0.56702181       0.44536099       0.43521187
       0.56892636       0.44751237       0.43863084
       0.57057433       0.44947696       0.44189166
       0.57196040       0.45124678       0.44498208
       0.57308011       0.45281432       0.44789040
       0.57392986       0.45417261       0.45060549
       0.57450682       0.45531516       0.45311682
       0.57480902       0.45623600       0.45541447
       0.57483521       0.45692965       0.45748918
       0.57458492       0.45739109       0.45933227
       0.57405838       0.45761577       0.46093571
       0.57325650       0.45759958       0.46229206
       0.57218085       0.45733878       0.46339443
       0.57083360       0.45683001       0.46423647
       0.56921751       0.45607024       0.46481233
       0.56733589       0.45505672       0.46511660
       0.56519256       0.45378693       0.46514422
       0.56279184       0.45225858       0.46489048
       0.56013853       0.45046950       0.46435091
       0.55723787       0.44841763       0.46352122
       0.55409556       0.44610099       0.46239720
       0.55071773       0.44351759       0.46097467
       0.54711096       0.44066543       0.45924936
       0.54328228       0.43754242       0.45721685
       0.53923922       0.43414637       0.45487244
       0.53498983       0.43047498       0.45221106
       0.53054273       0.42652576       0.44922721
       0.52590719       0.42229606       0.44591481
       0.52109321       0.41778307       0.44226712
       0.51611164       0.41298381       0.43827665
       0.51097430       0.40789520       0.43393509
       0.50569412       0.40251409       0.42923320
       0.50028539       0.39683736       0.42416077
       0.49476390       0.39086206       0.41870659
       0.48914722       0.38458557       0.41285844
       0.48345500       0.37800579       0.40660311
       0.47770930       0.37112151       0.39992655
       0.47193491       0.36393266       0.39281398
       0.46615977       0.35644089       0.38525023
       0.46041542       0.34864999       0.37722009
       0.45473742       0.34056667       0.36870890
       0.44916587       0.33220129       0.35970331
       0.44374582       0.32356887       0.35019231
       0.43852774       0.31469014       0.34016851
       0.43356793       0.30559281       0.32962985
       0.42892875       0.29631300       0.31858166
       0.42467874       0.28689677       0.30703920
       0.42089248       0.27740174       0.29503072
