       0.66130298       0.52526877       0.50869287
       0.66454699       0.52809391       0.51224326
       0.66764594       0.53079964       0.51567348
       0.67060008       0.53338536       0.51898226
       0.67340973       0.53585064       0.52216859
       0.67607535       0.53819518       0.52523171
       0.67859747       0.54041879       0.52817106
       0.68097669       0.54252135       0.53098626
       0.68321365       0.54450282       0.53367706
       0.68530903       0.54636322       0.53624337
       0.68726351       0.54810257       0.53868516
       0.68907779       0.54972092       0.54100251
       0.69075254       0.55121832       0.54319556
       0.69228843       0.55259477       0.54526449
       0.69368606       0.55385025       0.54720948
       0.69494600       0.55498468       0.54903074
       0.69606876       0.55599791       0.55072847
       0.69705476       0.55688969       0.55230280
       0.69790435       0.55765969       0.55375386
       0.69861777       0.55830742       0.55508169
       0.69919516       0.55883230       0.55628623
       0.69963656       0.55923356       0.55736735
       0.69994185       0.55951027       0.55832478
       0.70011079       0.55966133       0.55915811
       0.70014300       0.55968541       0.55986676
       0.70003794       0.55958097       0.56045000
       0.69979491       0.55934621       0.56090685
       0.69941302       0.55897908       0.56123615
       0.69889123       0.55847725       0.56143645
       0.69822831       0.55783806       0.56150604
       0.69742282       0.55705854       0.56144290
       0.69647314       0.55613536       0.56124467
       0.69537748       0.55506481       0.56090863
       0.69413380       0.55384276       0.56043164
       0.69273991       0.55246467       0.55981013
       0.69119340       0.55092552       0.55904004
       0.68949168       0.54921980       0.55811678
       0.68763198       0.54734146       0.55703517
       0.68561138       0.54528391       0.55578941
       0.68342677       0.54303996       0.55437299
       0.68107496       0.54060179       0.55277866
       0.67855263       0.53796091       0.55099831
       0.67585643       0.53510813       0.54902295
       0.67298298       0.53203353       0.54684257
       0.66992895       0.52872643       0.54444607
       0.66669113       0.52517534       0.54182116
       0.66326654       0.52136795       0.53895424
       0.65965248       0.51729114       0.53583030
       0.65584672       0.51293090       0.53243274
       0.65184762       0.50827242       0.52874331
       0.64765435       0.50330008       0.52474190
       0.64326706       0.49799747       0.52040645
       0.63868720       0.49234754       0.51571276
       0.63391780       0.48633268       0.51063440
       0.62896386       0.47993489       0.50514258
       0.62383275       0.47313609       0.49920606
       0.61853475       0.46591838       0.49279111
       0.61308361       0.45826454       0.48586159
       0.60749720       0.45015856       0.47837904
       0.60179829       0.44158642       0.47030300
       0.59601535       0.43253697       0.46159153
       0.59018351       0.42300316       0.45220196
       0.58434550       0.41298344       0.44209203
       0.57855275       0.40248350       0.43122156
       0.57286637       0.39151843       0.41955461
       0.56735816       0.38011516       0.40706251
       0.56211141       0.36831534       0.39372775
       0.55722147       0.35617855       0.37954899
       0.55279585       0.34378583       0.36454721
       0.54895368       0.33124324       0.34877326
       0.54582422       0.31868543       0.33231653
       0.54354424       0.30627854       0.31531467
       0.54225387       0.29422221       0.29796375
       0.54209068       0.28274973       0.28052781
       0.54318181       0.27212577       0.26334654
       0.54563416       0.26264063       0.24683900
       0.54952286       0.25460028       0.23150094
       0.55487864       0.24831165       0.21789322
       0.56167520       0.24406311       0.20661899
       0.56981810       0.24210096       0.19828833
       0.57913692       0.24260368       0.19347089
       0.58938275       0.24565679       0.19263987
       0.60023259       0.25123198       0.19611336
       0.61130163       0.25917438       0.20400168
       0.62216315       0.26920134       0.21617062
       0.63237459       0.28091454       0.23222899
       0.64150694       0.29382507       0.25154569
       0.64917382       0.30738874       0.27329589
       0.65505658       0.32104693       0.29653031
       0.65892239       0.33426729       0.32025680
       0.66063349       0.34657891       0.34352167
       0.66014727       0.35759798       0.36547919
       0.65750843       0.36704203       0.38544117
       0.65283515       0.37473284       0.40290326
       0.64630194       0.38058992       0.41754895
       0.63812149       0.38461728       0.42923576
       0.62852753       0.38688645       0.43796922
       0.61776012       0.38751850       0.44387095
       0.60605387       0.38666701       0.44714565
       0.59362941       0.38450327       0.44805064
       0.58068787       0.38120441       0.44687016
       0.56740780       0.37694444       0.44389515
       0.55394409       0.37188805       0.43940846
       0.54042838       0.36618670       0.43367507
       0.52697043       0.35997657       0.42693613
       0.51366001       0.35337787       0.41940620
       0.50056914       0.34649510       0.41127269
       0.48775444       0.33941790       0.40269675
       0.47525927       0.33222232       0.39381512
       0.46311587       0.32497220       0.38474250
       0.45134721       0.31772065       0.37557407
       0.43996860       0.31051142       0.36638800
       0.42898916       0.30338019       0.35724791
       0.41841296       0.29635583       0.34820498
       0.40824011       0.28946135       0.33929998
       0.39846755       0.28271491       0.33056492
       0.38908978       0.27613052       0.32202454
       0.38009942       0.26971879       0.31369759
       0.37148768       0.26348747       0.30559784
       0.36324472       0.25744194       0.29773502
       0.35536002       0.25158563       0.29011554
       0.34782251       0.24592032       0.28274309
       0.34062089       0.24044651       0.27561919
       0.33374368       0.23516356       0.26874359
       0.32717941       0.23006998       0.26211462
       0.32091666       0.22516354       0.25572946
       0.31494419       0.22044142       0.24958442
       0.30925093       0.21590035       0.24367510
       0.30382608       0.21153669       0.23799655
       0.29865910       0.20734649       0.23254342
       0.29373974       0.20332563       0.22731006
       0.28905806       0.19946977       0.22229059
       0.28460445       0.19577451       0.21747900
       0.28036961       0.19223534       0.21286920
       0.27634454       0.18884772       0.20845505
       0.27252058       0.18560710       0.20423044
       0.26888937       0.18250894       0.20018926
       0.26544288       0.17954872       0.19632549
       0.26217335       0.17672199       0.19263320
       0.25907333       0.17402433       0.18910654
       0.25613563       0.17145140       0.18573978
       0.25335336       0.16899893       0.18252731
       0.25071987       0.16666275       0.17946365
       0.24822880       0.16443876       0.17654346
       0.24587399       0.16232296       0.17376155
       0.24364954       0.16031144       0.17111284
       0.24154979       0.15840041       0.16859242
       0.23956928       0.15658614       0.16619550
       0.23770275       0.15486502       0.16391746
       0.23594516       0.15323354       0.16175380
       0.23429165       0.15168829       0.15970015
       0.23273757       0.15022595       0.15775230
       0.23127841       0.14884329       0.15590615
       0.22990985       0.14753719       0.15415774
       0.22862774       0.14630461       0.15250324
       0.22742807       0.14514261       0.15093894
       0.22630699       0.14404832       0.14946123
       0.22526080       0.14301898       0.14806665
       0.22428593       0.14205190       0.14675183
       0.22337893       0.14114447       0.14551351
       0.22253651       0.14029418       0.14434854
       0.22175548       0.13949858       0.14325387
       0.22103278       0.13875530       0.14222654
       0.22036545       0.13806204       0.14126370
       0.21975065       0.13741658       0.14036259
       0.21918567       0.13681676       0.13952051
       0.21866785       0.13626049       0.13873489
       0.21819467       0.13574576       0.13800320
       0.21776371       0.13527061       0.13732302
       0.21737261       0.13483314       0.13669200
       0.21701912       0.13443151       0.13610786
       0.21670108       0.13406396       0.13556839
       0.21641642       0.13372877       0.13507145
       0.21616314       0.13342427       0.13461498
       0.21593931       0.13314885       0.13419699
       0.21574311       0.13290098       0.13381552
       0.21557277       0.13267914       0.13346872
       0.21542660       0.13248189       0.13315476
       0.21530298       0.13230783       0.13287190
       0.21520037       0.13215560       0.13261844
       0.21511729       0.13202392       0.13239275
       0.21505231       0.13191152       0.13219325
       0.21500411       0.13181720       0.13201841
       0.21497138       0.13173979       0.13186675
       0.21495290       0.13167818       0.13173687
       0.21494751       0.13163129       0.13162739
       0.21495410       0.13159809       0.13153700
       0.21497161       0.13157759       0.13146442
       0.21499906       0.13156885       0.13140845
       0.21503549       0.13157095       0.13136791
       0.21508002       0.13158303       0.13134168
       0.21513180       0.13160425       0.13132868
       0.21519003       0.13163383       0.13132788
       0.21525398       0.13167100       0.13133830
       0.21532294       0.13171507       0.13135899
       0.21539626       0.13176533       0.13138905
       0.21547332       0.13182114       0.13142763
       0.21555354       0.13188190       0.13147392
       0.21563641       0.13194702       0.13152713
       0.21572141       0.13201594       0.13158653
       0.21580809       0.13208817       0.13165143
       0.21589604       0.13216320       0.13172116
       0.21598486       0.13224059       0.13179511
       0.21607419       0.13231991       0.13187269
       0.21616371       0.13240075       0.13195334
       0.21625313       0.13248275       0.13203656
       0.21634218       0.13256556       0.13212185
       0.21643061       0.13264887       0.13220877
       0.21651822       0.13273237       0.13229690
       0.21660481       0.13281579       0.13238584
       0.21669022       0.13289889       0.13247524
       0.21677430       0.13298143       0.13256475
       0.21685692       0.13306322       0.13265409
       0.21693798       0.13314405       0.13274296
       0.21701740       0.13322378       0.13283111
       0.21709509       0.13330223       0.13291831
       0.21717101       0.13337930       0.13300435
       0.21724512       0.13345485       0.13308905
       0.21731739       0.13352879       0.13317223
       0.21738780       0.13360103       0.13325376
       0.21745635       0.13367150       0.13333351
       0.21752305       0.13374015       0.13341137
       0.21758792       0.13380692       0.13348724
       0.21765099       0.13387179       0.13356106
       0.21771228       0.13393473       0.13363275
       0.21777184       0.13399573       0.13370228
       0.21782972       0.13405478       0.13376961
       0.21788597       0.13411189       0.13383472
       0.21794065       0.13416707       0.13389761
       0.21799382       0.13422035       0.13395826
       0.21804555       0.13427175       0.13401670
       0.21809591       0.13432130       0.13407294
       0.21814496       0.13436904       0.13412701
       0.21819279       0.13441502       0.13417895
       0.21823946       0.13445929       0.13422880
       0.21828504       0.13450190       0.13427662
       0.21832963       0.13454290       0.13432245
       0.21837328       0.13458235       0.13436636
       0.21841608       0.13462032       0.13440841
       0.21845810       0.13465687       0.13444868
       0.21849942       0.13469206       0.13448722
       0.21854010       0.13472597       0.13452413
       0.21858021       0.13475866       0.13455947
       0.21861982       0.13479019       0.13459333
       0.21865901       0.13482065       0.13462578
       0.21869782       0.13485009       0.13465691
       0.21873633       0.13487858       0.13468680
       0.21877458       0.13490620       0.13471552
       0.21881265       0.13493302       0.13474318
       0.21885057       0.13495909       0.13476984
       0.21888839       0.13498448       0.13479558
       0.21892617       0.13500927       0.13482049
       0.21896395       0.13503350       0.13484465
       0.21900175       0.13505725       0.13486814
       0.21903963       0.13508057       0.13489102
       0.21907761       0.13510352       0.13491338
       0.21911572       0.13512615       0.13493529
       0.21915399       0.13514851       0.13495681
       0.21919244       0.13517067       0.13497802
       0.21923109       0.13519266       0.13499897
       0.21926995       0.13521452       0.13501974
       0.21930904       0.13523632       0.13504037
       0.21934836       0.13525807       0.13506094
       0.21938792       0.13527983       0.13508148
       0.21942773       0.13530163       0.13510206
       0.21946778       0.13532350       0.13512271
       0.21950808       0.13534546       0.13514349
       0.21954860       0.13536756       0.13516444
       0.21958935       0.13538981       0.13518559
       0.21963032       0.13541223       0.13520698
       0.21967148       0.13543484       0.13522864
       0.21971282       0.13545767       0.13525060
       0.21975433       0.13548071       0.13527289
       0.21979598       0.13550400       0.13529552
       0.21983774       0.13552752       0.13531853
       0.21987960       0.13555130       0.13534192
       0.21992152       0.13557533       0.13536570
       0.21996347       0.13559961       0.13538990
       0.22000543       0.13562415       0.13541451
       0.22004735       0.13564893       0.13543954
       0.22008921       0.13567396       0.13546499
       0.22013096       0.13569923       0.13549086
       0.22017257       0.13572472       0.13551715
       0.22021401       0.13575042       0.13554384
       0.22025522       0.13577631       0.13557094
       0.22029618       0.13580239       0.13559842
       0.22033683       0.13582863       0.13562628
       0.22037714       0.13585501       0.13565449
       0.22041706       0.13588151       0.13568304
       0.22045654       0.13590811       0.13571190
       0.22049555       0.13593477       0.13574106
       0.22053404       0.13596147       0.13577048
       0.22057197       0.13598819       0.13580014
       0.22060928       0.13601489       0.13583000
       0.22064594       0.13604153       0.13586005
       0.22068189       0.13606810       0.13589023
       0.22071709       0.13609454       0.13592053
       0.22075151       0.13612084       0.13595090
       0.22078508       0.13614694       0.13598130
       0.22081778       0.13617282       0.13601169
       0.22084955       0.13619844       0.13604204
       0.22088035       0.13622375       0.13607230
       0.22091014       0.13624871       0.13610242
       0.22093888       0.13627330       0.13613237
       0.22096652       0.13629745       0.13616210
       0.22099303       0.13632115       0.13619156
       0.22101836       0.13634433       0.13622071
       0.22104248       0.13636697       0.13624949
       0.22106536       0.13638901       0.13627787
       0.22108694       0.13641042       0.13630579
       0.22110721       0.13643115       0.13633320
       0.22112613       0.13645117       0.13636005
       0.22114366       0.13647042       0.13638630
       0.22115978       0.13648888       0.13641190
       0.22117446       0.13650650       0.13643680
       0.22118766       0.13652323       0.13646094
       0.22119938       0.13653904       0.13648428
       0.22120957       0.13655389       0.13650677
       0.22121823       0.13656775       0.13652836
       0.22122533       0.13658056       0.13654901
       0.22123085       0.13659231       0.13656867
       0.22123478       0.13660296       0.13658729
       0.22123711       0.13661246       0.13660483
       0.22123783       0.13662079       0.13662124
       0.22123693       0.13662793       0.13663648
       0.22123441       0.13663383       0.13665052
       0.22123026       0.13663848       0.13666330
       0.22122448       0.13664185       0.13667479
       0.22121707       0.13664391       0.13668496
       0.22120805       0.13664466       0.13669376
       0.22119743       0.13664406       0.13670117
       0.22118521       0.13664211       0.13670716
       0.22117140       0.13663879       0.13671169
       0.22115604       0.13663409       0.13671474
       0.22113914       0.13662801       0.13671628
       0.22112073       0.13662054       0.13671630
       0.22110083       0.13661169       0.13671476
       0.22107949       0.13660144       0.13671167
       0.22105674       0.13658982       0.13670700
       0.22103262       0.13657683       0.13670074
       0.22100717       0.13656249       0.13669290
       0.22098045       0.13654681       0.13668345
       0.22095251       0.13652982       0.13667242
       0.22092341       0.13651154       0.13665979
       0.22089321       0.13649201       0.13664558
       0.22086197       0.13647126       0.13662981
       0.22082978       0.13644932       0.13661248
       0.22079671       0.13642626       0.13659362
       0.22076284       0.13640211       0.13657326
       0.22072825       0.13637694       0.13655143
       0.22069305       0.13635080       0.13652816
       0.22065731       0.13632376       0.13650349
       0.22062116       0.13629589       0.13647747
       0.22058469       0.13626727       0.13645015
       0.22054801       0.13623798       0.13642160
       0.22051125       0.13620812       0.13639186
       0.22047452       0.13617777       0.13636102
       0.22043796       0.13614704       0.13632914
       0.22040169       0.13611604       0.13629632
       0.22036586       0.13608487       0.13626262
       0.22033061       0.13605366       0.13622815
       0.22029609       0.13602254       0.13619302
       0.22026244       0.13599163       0.13615731
       0.22022984       0.13596108       0.13612116
       0.22019844       0.13593102       0.13608467
       0.22016841       0.13590161       0.13604799
       0.22013992       0.13587301       0.13601123
       0.22011315       0.13584537       0.13597454
       0.22008829       0.13581887       0.13593807
       0.22006551       0.13579367       0.13590198
       0.22004501       0.13576997       0.13586641
       0.22002698       0.13574794       0.13583156
       0.22001161       0.13572777       0.13579757
       0.21999911       0.13570967       0.13576465
       0.21998967       0.13569382       0.13573298
       0.21998351       0.13568044       0.13570275
       0.21998081       0.13566973       0.13567416
       0.21998180       0.13566191       0.13564742
       0.21998668       0.13565719       0.13562274
       0.21999565       0.13565580       0.13560035
       0.22000893       0.13565795       0.13558045
       0.22002673       0.13566386       0.13556329
       0.22004924       0.13567377       0.13554910
       0.22007668       0.13568790       0.13553810
       0.22010925       0.13570648       0.13553055
       0.22014714       0.13572974       0.13552668
       0.22019056       0.13575789       0.13552675
       0.22023970       0.13579118       0.13553099
       0.22029474       0.13582981       0.13553967
       0.22035586       0.13587401       0.13555303
       0.22042323       0.13592400       0.13557132
       0.22049704       0.13597999       0.13559480
       0.22057742       0.13604219       0.13562371
       0.22066454       0.13611079       0.13565830
       0.22075853       0.13618600       0.13569882
       0.22085953       0.13626799       0.13574551
       0.22096764       0.13635695       0.13579860
       0.22108299       0.13645304       0.13585833
       0.22120565       0.13655642       0.13592492
       0.22133571       0.13666723       0.13599859
       0.22147323       0.13678561       0.13607955
       0.22161825       0.13691167       0.13616800
       0.22177082       0.13704553       0.13626412
       0.22193094       0.13718726       0.13636810
       0.22209861       0.13733693       0.13648009
       0.22227380       0.13749461       0.13660025
       0.22245648       0.13766032       0.13672872
       0.22264657       0.13783408       0.13686561
       0.22284399       0.13801589       0.13701103
       0.22304863       0.13820571       0.13716506
       0.22326037       0.13840350       0.13732777
       0.22347904       0.13860918       0.13749919
       0.22370448       0.13882266       0.13767936
       0.22393647       0.13904380       0.13786826
       0.22417480       0.13927247       0.13806588
       0.22441921       0.13950848       0.13827217
       0.22466942       0.13975163       0.13848706
       0.22492514       0.14000169       0.13871043
       0.22518602       0.14025840       0.13894216
       0.22545172       0.14052147       0.13918210
       0.22572186       0.14079058       0.13943005
       0.22599601       0.14106539       0.13968581
       0.22627376       0.14134551       0.13994911
       0.22655464       0.14163054       0.14021970
       0.22683816       0.14192003       0.14049724
       0.22712381       0.14221353       0.14078141
       0.22741105       0.14251052       0.14107183
       0.22769933       0.14281049       0.14136809
       0.22798805       0.14311287       0.14166976
       0.22827660       0.14341707       0.14197635
       0.22856435       0.14372247       0.14228737
       0.22885065       0.14402844       0.14260228
       0.22913482       0.14433429       0.14292050
       0.22941616       0.14463932       0.14324144
       0.22969395       0.14494281       0.14356446
       0.22996748       0.14524400       0.14388889
       0.23023597       0.14554212       0.14421403
       0.23049867       0.14583636       0.14453916
       0.23075480       0.14612590       0.14486353
       0.23100356       0.14640990       0.14518634
       0.23124415       0.14668750       0.14550678
       0.23147577       0.14695781       0.14582401
       0.23169758       0.14721994       0.14613717
       0.23190877       0.14747297       0.14644536
       0.23210852       0.14771597       0.14674766
       0.23229598       0.14794802       0.14704315
       0.23247034       0.14816817       0.14733085
       0.23263077       0.14837546       0.14760980
       0.23277645       0.14856893       0.14787900
       0.23290659       0.14874763       0.14813742
       0.23302037       0.14891059       0.14838406
       0.23311703       0.14905686       0.14861785
       0.23319579       0.14918547       0.14883776
       0.23325592       0.14929549       0.14904271
       0.23329671       0.14938598       0.14923165
       0.23331745       0.14945601       0.14940348
       0.23331751       0.14950467       0.14955714
       0.23329625       0.14953109       0.14969155
       0.23325311       0.14953439       0.14980562
       0.23318754       0.14951374       0.14989828
       0.23309907       0.14946833       0.14996846
       0.23298726       0.14939739       0.15001512
       0.23285175       0.14930019       0.15003719
       0.23269224       0.14917603       0.15003366
       0.23250849       0.14902428       0.15000351
       0.23230034       0.14884436       0.14994577
       0.23206772       0.14863572       0.14985947
       0.23181064       0.14839791       0.14974368
       0.23152923       0.14813054       0.14959753
       0.23122368       0.14783328       0.14942016
       0.23089432       0.14750591       0.14921079
       0.23054159       0.14714827       0.14896866
       0.23016605       0.14676031       0.14869309
       0.22976840       0.14634211       0.14838348
       0.22934945       0.14589382       0.14803927
       0.22891019       0.14541574       0.14766001
       0.22845175       0.14490828       0.14724533
       0.22797541       0.14437201       0.14679497
       0.22748265       0.14380764       0.14630877
       0.22697509       0.14321602       0.14578670
       0.22645456       0.14259819       0.14522884
       0.22592307       0.14195537       0.14463544
       0.22538282       0.14128894       0.14400689
       0.22483623       0.14060050       0.14334376
       0.22428593       0.13989187       0.14264679
       0.22373475       0.13916506       0.14191691
       0.22318574       0.13842232       0.14115528
       0.22264219       0.13766616       0.14036328
       0.22210761       0.13689932       0.13954252
       0.22158571       0.13612481       0.13869487
       0.22108045       0.13534588       0.13782249
       0.22059603       0.13456611       0.13692781
       0.22013682       0.13378932       0.13601357
       0.21970746       0.13301962       0.13508284
       0.21931277       0.13226145       0.13413903
       0.21895775       0.13151952       0.13318588
       0.21864763       0.13079883       0.13222752
       0.21838778       0.13010470       0.13126843
       0.21818373       0.12944273       0.13031352
       0.21804114       0.12881881       0.12936805
       0.21796578       0.12823911       0.12843772
       0.21796353       0.12771006       0.12752861
       0.21804027       0.12723835       0.12664723
       0.21820194       0.12683087       0.12580048
       0.21845445       0.12649476       0.12499565
       0.21880366       0.12623729       0.12424041
       0.21925531       0.12606589       0.12354282
       0.21981502       0.12598809       0.12291123
       0.22048821       0.12601148       0.12235432
       0.22128004       0.12614366       0.12188106
       0.22219539       0.12639219       0.12150059
       0.22323879       0.12676452       0.12122226
       0.22441437       0.12726795       0.12105552
       0.22572579       0.12790954       0.12100983
       0.22717620       0.12869605       0.12109465
       0.22876822       0.12963388       0.12131929
       0.23050381       0.13072897       0.12169286
       0.23238432       0.13198674       0.12222416
       0.23441039       0.13341202       0.12292157
       0.23658191       0.13500896       0.12379297
       0.23889805       0.13678096       0.12484558
       0.24135719       0.13873062       0.12608591
       0.24395692       0.14085965       0.12751961
       0.24669404       0.14316884       0.12915138
       0.24956459       0.14565800       0.13098486
       0.25256385       0.14832592       0.13302256
       0.25568635       0.15117033       0.13526575
       0.25892598       0.15418793       0.13771438
       0.26227597       0.15737434       0.14036706
       0.26572901       0.16072417       0.14322101
       0.26927729       0.16423097       0.14627201
       0.27291260       0.16788735       0.14951444
       0.27662645       0.17168499       0.15294125
       0.28041012       0.17561475       0.15654407
       0.28425478       0.17966672       0.16031321
       0.28815165       0.18383033       0.16423778
       0.29209204       0.18809449       0.16830579
       0.29606751       0.19244767       0.17250428
       0.30006994       0.19687806       0.17681944
       0.30409169       0.20137367       0.18123681
       0.30812564       0.20592249       0.18574142
       0.31216532       0.21051262       0.19031800
       0.31620495       0.21513240       0.19495111
       0.32023957       0.21977054       0.19962540
       0.32426503       0.22441625       0.20432574
       0.32827810       0.22905935       0.20903744
       0.33227643       0.23369037       0.21374640
       0.33625862       0.23830064       0.21843929
       0.34022421       0.24288237       0.22310369
       0.34417363       0.24742873       0.22772822
       0.34810823       0.25193388       0.23230267
       0.35203020       0.25639299       0.23681809
       0.35594253       0.26080231       0.24126687
       0.35984894       0.26515911       0.24564278
       0.36375383       0.26946172       0.24994105
       0.36766216       0.27370947       0.25415832
       0.37157939       0.27790267       0.25829269
       0.37551138       0.28204255       0.26234369
       0.37946426       0.28613122       0.26631221
       0.38344436       0.29017156       0.27020048
       0.38745810       0.29416720       0.27401199
       0.39151185       0.29812237       0.27775138
       0.39561186       0.30204184       0.28142438
       0.39976414       0.30593084       0.28503770
       0.40397433       0.30979493       0.28859890
       0.40824764       0.31363991       0.29211625
       0.41258873       0.31747173       0.29559866
       0.41700163       0.32129635       0.29905550
       0.42148963       0.32511969       0.30249646
       0.42605525       0.32894747       0.30593146
       0.43070013       0.33278518       0.30937045
       0.43542498       0.33663790       0.31282329
       0.44022953       0.34051029       0.31629964
       0.44511251       0.34440647       0.31980876
       0.45007159       0.34832993       0.32335946
       0.45510337       0.35228349       0.32695988
       0.46020340       0.35626923       0.33061743
       0.46536615       0.36028840       0.33433866
       0.47058505       0.36434143       0.33812915
       0.47585253       0.36842788       0.34199342
       0.48116003       0.37254639       0.34593485
       0.48649807       0.37669472       0.34995561
       0.49185633       0.38086971       0.35405663
       0.49722373       0.38506731       0.35823754
       0.50258846       0.38928262       0.36249666
       0.50793814       0.39350989       0.36683100
       0.51325988       0.39774261       0.37123631
       0.51854038       0.40197354       0.37570705
       0.52376608       0.40619478       0.38023651
       0.52892320       0.41039784       0.38481685
       0.53399792       0.41457375       0.38943917
       0.53897644       0.41871310       0.39409362
       0.54384511       0.42280617       0.39876951
       0.54859051       0.42684297       0.40345542
       0.55319956       0.43081339       0.40813931
       0.55765961       0.43470725       0.41280868
       0.56195851       0.43851440       0.41745063
       0.56608471       0.44222477       0.42205206
       0.57002728       0.44582853       0.42659975
       0.57377600       0.44931606       0.43108049
       0.57732138       0.45267810       0.43548116
       0.58065474       0.45590575       0.43978891
       0.58376819       0.45899056       0.44399118
       0.58665466       0.46192457       0.44807582
       0.58930794       0.46470031       0.45203118
       0.59172266       0.46731088       0.45584613
       0.59389428       0.46974995       0.45951018
       0.59581908       0.47201176       0.46301346
       0.59749417       0.47409116       0.46634683
       0.59891744       0.47598360       0.46950182
       0.60008755       0.47768511       0.47247075
       0.60100388       0.47919233       0.47524665
       0.60166654       0.48050247       0.47782332
       0.60207627       0.48161330       0.48019531
       0.60223445       0.48252314       0.48235790
       0.60214306       0.48323084       0.48430712
       0.60180461       0.48373574       0.48603969
       0.60122210       0.48403764       0.48755301
       0.60039902       0.48413681       0.48884516
       0.59933926       0.48403392       0.48991482
       0.59804708       0.48373002       0.49076128
       0.59652709       0.48322651       0.49138439
       0.59478416       0.48252510       0.49178449
       0.59282346       0.48162781       0.49196244
       0.59065032       0.48053688       0.49191951
       0.58827029       0.47925478       0.49165738
       0.58568904       0.47778415       0.49117807
       0.58291234       0.47612780       0.49048392
       0.57994606       0.47428864       0.48957755
       0.57679610       0.47226967       0.48846178
       0.57346839       0.47007392       0.48713961
       0.56996885       0.46770448       0.48561420
       0.56630337       0.46516441       0.48388878
       0.56247781       0.46245671       0.48196664
       0.55849795       0.45958436       0.47985107
       0.55436952       0.45655019       0.47754534
       0.55009814       0.45335697       0.47505261
       0.54568935       0.45000727       0.47237597
       0.54114860       0.44650353       0.46951830
       0.53648123       0.44284797       0.46648232
       0.53169251       0.43904262       0.46327050
       0.52678761       0.43508927       0.45988503
       0.52177162       0.43098946       0.45632777
       0.51664958       0.42674447       0.45260023
       0.51142650       0.42235529       0.44870354
       0.50610739       0.41782264       0.44463838
       0.50069725       0.41314693       0.44040494
       0.49520117       0.40832826       0.43600292
       0.48962434       0.40336645       0.43143145
       0.48397211       0.39826100       0.42668910
       0.47825006       0.39301112       0.42177379
       0.47246405       0.38761576       0.41668277
       0.46662034       0.38207361       0.41141263
       0.46072565       0.37638315       0.40595920
       0.45478729       0.37054266       0.40031761
       0.44881326       0.36455034       0.39448218
       0.44281241       0.35840434       0.38844651
       0.43679457       0.35210286       0.38220342
       0.43077076       0.34564427       0.37574498
       0.42475333       0.33902728       0.36906262
       0.41875622       0.33225108       0.36214713
       0.41279516       0.32531558       0.35498882
       0.40688793       0.31822169       0.34757770
       0.40105462       0.31097158       0.33990365
       0.39531793       0.30356910       0.33195682
       0.38970345       0.29602019       0.32372792
       0.38423997       0.28833340       0.31520884
       0.37895974       0.28052046       0.30639323
       0.37389877       0.27259696       0.29727735
       0.36909704       0.26458308       0.28786108
       0.36459865       0.25650439       0.27814911
       0.36045189       0.24839277       0.26815244
       0.35670917       0.24028731       0.25789005
       0.35342677       0.23223521       0.24739086
       0.35066432       0.22429267       0.23669593
       0.34848404       0.21652565       0.22586079
       0.34694961       0.20901037       0.21495789
       0.34612463       0.20183355       0.20407896
       0.34607061       0.19509212       0.19333710
       0.34684451       0.18889236       0.18286833
       0.34849578       0.18334817       0.17283214
       0.35106301       0.17857854       0.16341082
       0.35457024       0.17470385       0.15480696
       0.35902318       0.17184123       0.14723874
       0.36440551       0.17009879       0.14093281
       0.37067571       0.16956914       0.13611450
       0.37776471       0.17032242       0.13299567
       0.38557477       0.17239949       0.13176066
       0.39397998       0.17580575       0.13255144
       0.40282863       0.18050656       0.13545317
       0.41194751       0.18642475       0.14048206
       0.42114813       0.19344090       0.14757692
       0.43023441       0.20139666       0.15659614
       0.43901139       0.21010110       0.16732078
       0.44729415       0.21933957       0.17946406
       0.45491629       0.22888449       0.19268661
       0.46173709       0.23850688       0.20661585
       0.46764692       0.24798768       0.22086755
       0.47257039       0.25712773       0.23506731
       0.47646722       0.26575575       0.24886986
       0.47933096       0.27373360       0.26197444
       0.48118588       0.28095900       0.27413540
       0.48208253       0.28736551       0.28516765
       0.48209248       0.29292051       0.29494731
       0.48130279       0.29762141       0.30340833
       0.47981052       0.30149100       0.31053626
       0.47771783       0.30457215       0.31636002
       0.47512763       0.30692259       0.32094298
       0.47214009       0.30861005       0.32437394
       0.46884996       0.30970783       0.32675884
       0.46534461       0.31029122       0.32821335
       0.46170281       0.31043451       0.32885682
       0.45799411       0.31020881       0.32880740
       0.45427860       0.30968043       0.32817834
       0.45060712       0.30890983       0.32707549
       0.44702168       0.30795107       0.32559554
       0.44355611       0.30685153       0.32382514
       0.44023674       0.30565197       0.32184055
       0.43708319       0.30438677       0.31970770
       0.43410916       0.30308430       0.31748260
       0.43132320       0.30176736       0.31521194
       0.42872946       0.30045371       0.31293383
       0.42632831       0.29915656       0.31067854
       0.42411702       0.29788509       0.30846941
       0.42209033       0.29664496       0.30632352
       0.42024089       0.29543873       0.30425257
       0.41855976       0.29426636       0.30226351
       0.41703678       0.29312552       0.30035922
       0.41566091       0.29201200       0.29853913
       0.41442053       0.29092000       0.29679968
       0.41330369       0.28984241       0.29513482
       0.41229831       0.28877105       0.29353643
       0.41139242       0.28769690       0.29199466
       0.41057428       0.28661027       0.29049818
       0.40983255       0.28550099       0.28903453
       0.40915640       0.28435850       0.28759025
       0.40853567       0.28317206       0.28615108
       0.40796093       0.28193080       0.28470216
       0.40742360       0.28062388       0.28322807
       0.40691608       0.27924056       0.28171303
       0.40643184       0.27777032       0.28014091
       0.40596550       0.27620301       0.27849538
       0.40551300       0.27452893       0.27675999
       0.40507168       0.27273899       0.27491826
       0.40464044       0.27082486       0.27295382
       0.40421983       0.26877918       0.27085050
       0.40381228       0.26659573       0.26859260
       0.40342215       0.26426971       0.26616500
       0.40305597       0.26179798       0.26355353
       0.40272254       0.25917941       0.26074525
       0.40243310       0.25641523       0.25772891
       0.40220144       0.25350942       0.25449541
       0.40204402       0.25046914       0.25103846
       0.40198001       0.24730523       0.24735522
       0.40203130       0.24403265       0.24344719
       0.40222242       0.24067106       0.23932113
       0.40258040       0.23724522       0.23499005
       0.40313443       0.23378552       0.23047440
       0.40391546       0.23032833       0.22580321
       0.40495555       0.22691626       0.22101530
       0.40628708       0.22359825       0.21616038
       0.40794176       0.22042943       0.21130000
       0.40994932       0.21747067       0.20650828
       0.41233608       0.21478780       0.20187208
       0.41512330       0.21245032       0.19749072
       0.41832535       0.21052977       0.19347487
       0.42194778       0.20909747       0.18994453
       0.42598552       0.20822186       0.18702596
       0.43042107       0.20796541       0.18484748
       0.43522312       0.20838123       0.18353425
       0.44034553       0.20950956       0.18320200
       0.44572700       0.21137434       0.18395016
       0.45129147       0.21398032       0.18585483
       0.45694938       0.21731066       0.18896205
       0.46259981       0.22132571       0.19328203
       0.46813351       0.22596290       0.19878513
       0.47343660       0.23113796       0.20539999
       0.47839479       0.23674762       0.21301428
       0.48289783       0.24267340       0.22147823
       0.48684389       0.24878651       0.23061070
       0.49014348       0.25495333       0.24020744
       0.49272276       0.26104106       0.25005074
       0.49452587       0.26692313       0.25991979
       0.49551634       0.27248404       0.26960062
       0.49567738       0.27762319       0.27889516
       0.49501120       0.28225758       0.28762848
       0.49353756       0.28632337       0.29565408
       0.49129155       0.28977623       0.30285694
       0.48832112       0.29259067       0.30915445
       0.48468419       0.29475863       0.31449556
       0.48044592       0.29628744       0.31885837
       0.47567600       0.29719739       0.32224678
       0.47044625       0.29751922       0.32468645
       0.46482853       0.29729161       0.32622052
       0.45889298       0.29655882       0.32690539
       0.45270673       0.29536857       0.32680683
       0.44633282       0.29377025       0.32599644
       0.43982957       0.29181339       0.32454866
       0.43325016       0.28954645       0.32253833
       0.42664242       0.28701595       0.32003875
       0.42004886       0.28426580       0.31712022
       0.41350679       0.28133686       0.31384901
       0.40704857       0.27826666       0.31028670
       0.40070192       0.27508932       0.30648977
       0.39449026       0.27183556       0.30250947
       0.38843309       0.26853275       0.29839183
       0.38254637       0.26520506       0.29417783
       0.37684287       0.26187365       0.28990361
       0.37133254       0.25855689       0.28560082
       0.36602284       0.25527055       0.28129690
       0.36091902       0.25202804       0.27701546
       0.35602447       0.24884062       0.27277665
       0.35134087       0.24571761       0.26859743
       0.34686853       0.24266657       0.26449196
       0.34260651       0.23969353       0.26047187
       0.33855285       0.23680309       0.25654654
       0.33470469       0.23399864       0.25272335
       0.33105847       0.23128245       0.24900793
       0.32760998       0.22865583       0.24540434
       0.32435456       0.22611924       0.24191527
       0.32128711       0.22367237       0.23854223
       0.31840221       0.22131426       0.23528562
       0.31569423       0.21904337       0.23214497
       0.31315734       0.21685766       0.22911894
       0.31078560       0.21475464       0.22620552
       0.30857299       0.21273148       0.22340205
       0.30651350       0.21078500       0.22070535
       0.30460112       0.20891178       0.21811177
       0.30282991       0.20710818       0.21561723
       0.30119406       0.20537036       0.21321733
       0.29968785       0.20369440       0.21090738
       0.29830575       0.20207625       0.20868244
       0.29704243       0.20051182       0.20653736
       0.29589277       0.19899702       0.20446688
       0.29485189       0.19752777       0.20246559
       0.29391523       0.19610007       0.20052804
       0.29307848       0.19470999       0.19864874
       0.29233770       0.19335378       0.19682223
       0.29168926       0.19202781       0.19504311
       0.29112994       0.19072873       0.19330607
       0.29065690       0.18945338       0.19160597
       0.29026769       0.18819896       0.18993786
       0.28996033       0.18696297       0.18829707
       0.28973326       0.18574331       0.18667920
       0.28958540       0.18453832       0.18508026
       0.28951613       0.18334680       0.18349667
       0.28952532       0.18216811       0.18192538
       0.28961331       0.18100216       0.18036388
       0.28978094       0.17984948       0.17881036
       0.29002949       0.17871131       0.17726371
       0.29036072       0.17758957       0.17572366
       0.29077680       0.17648696       0.17419086
       0.29128030       0.17540696       0.17266693
       0.29187412       0.17435389       0.17115461
       0.29256148       0.17333292       0.16965780
       0.29334577       0.17235009       0.16818165
       0.29423056       0.17141228       0.16673266
       0.29521940       0.17052724       0.16531870
       0.29631578       0.16970351       0.16394909
       0.29752297       0.16895040       0.16263457
       0.29884386       0.16827787       0.16138735
       0.30028081       0.16769647       0.16022102
       0.30183549       0.16721715       0.15915052
       0.30350869       0.16685115       0.15819192
       0.30530012       0.16660973       0.15736233
       0.30720823       0.16650403       0.15667961
       0.30923004       0.16654473       0.15616208
       0.31136098       0.16674183       0.15582816
       0.31359468       0.16710433       0.15569596
       0.31592292       0.16763992       0.15578282
       0.31833553       0.16835466       0.15610477
       0.32082028       0.16925269       0.15667601
       0.32336299       0.17033594       0.15750837
       0.32594752       0.17160391       0.15861073
       0.32855592       0.17305342       0.15998856
       0.33116864       0.17467852       0.16164341
       0.33376474       0.17647040       0.16357257
       0.33632223       0.17841738       0.16576880
       0.33881843       0.18050505       0.16822018
       0.34123036       0.18271644       0.17091012
       0.34353519       0.18503227       0.17381754
       0.34571068       0.18743133       0.17691713
       0.34773561       0.18989086       0.18017986
       0.34959026       0.19238706       0.18357355
       0.35125675       0.19489555       0.18706356
       0.35271944       0.19739191       0.19061361
       0.35396518       0.19985220       0.19418658
       0.35498357       0.20225345       0.19774539
       0.35576709       0.20457408       0.20125381
       0.35631117       0.20679432       0.20467721
       0.35661422       0.20889654       0.20798333
       0.35667750       0.21086546       0.21114280
       0.35650503       0.21268838       0.21412964
       0.35610337       0.21435523       0.21692161
       0.35548140       0.21585858       0.21950040
       0.35465003       0.21719363       0.22185178
       0.35362189       0.21835808       0.22396548
       0.35241109       0.21935196       0.22583518
       0.35103281       0.22017744       0.22745819
       0.34950309       0.22083862       0.22883524
       0.34783848       0.22134124       0.22997013
       0.34605579       0.22169249       0.23086936
       0.34417186       0.22190071       0.23154176
       0.34220331       0.22197515       0.23199810
       0.34016639       0.22192576       0.23225073
       0.33807678       0.22176294       0.23231318
       0.33594946       0.22149736       0.23219988
       0.33379863       0.22113977       0.23192579
       0.33163758       0.22070087       0.23150620
       0.32947869       0.22019114       0.23095642
       0.32733334       0.21962072       0.23029159
       0.32521189       0.21899936       0.22952653
       0.32312369       0.21833631       0.22867555
       0.32107711       0.21764026       0.22775236
       0.31907948       0.21691931       0.22676997
       0.31713719       0.21618092       0.22574060
       0.31525568       0.21543191       0.22467567
       0.31343952       0.21467842       0.22358571
       0.31169238       0.21392595       0.22248038
       0.31001714       0.21317933       0.22136847
       0.30841593       0.21244274       0.22025787
       0.30689013       0.21171974       0.21915559
       0.30544047       0.21101326       0.21806780
       0.30406706       0.21032566       0.21699983
       0.30276943       0.20965871       0.21595623
       0.30154657       0.20901367       0.21494075
       0.30039701       0.20839126       0.21395643
       0.29931884       0.20779172       0.21300557
       0.29830974       0.20721485       0.21208985
       0.29736705       0.20666000       0.21121028
       0.29648779       0.20612614       0.21036729
       0.29566872       0.20561185       0.20956075
       0.29490634       0.20511539       0.20878998
       0.29419697       0.20463466       0.20805384
       0.29353674       0.20416731       0.20735071
       0.29292168       0.20371070       0.20667854
       0.29234769       0.20326197       0.20603489
       0.29181061       0.20281803       0.20541694
       0.29130624       0.20237559       0.20482154
       0.29083036       0.20193121       0.20424522
       0.29037880       0.20148130       0.20368421
       0.28994741       0.20102215       0.20313449
       0.28953211       0.20054993       0.20259179
       0.28912896       0.20006074       0.20205162
       0.28873412       0.19955065       0.20150928
       0.28834392       0.19901566       0.20095991
       0.28795490       0.19845178       0.20039848
       0.28756380       0.19785502       0.19981981
       0.28716763       0.19722143       0.19921862
       0.28676366       0.19654712       0.19858952
       0.28634951       0.19582831       0.19792703
       0.28592312       0.19506130       0.19722563
       0.28548285       0.19424257       0.19647976
       0.28502745       0.19336879       0.19568384
       0.28455618       0.19243682       0.19483232
       0.28406876       0.19144381       0.19391972
       0.28356550       0.19038720       0.19294063
       0.28304727       0.18926482       0.19188978
       0.28251559       0.18807488       0.19076209
       0.28197268       0.18681609       0.18955274
       0.28142147       0.18548767       0.18825718
       0.28086567       0.18408950       0.18687130
       0.28030982       0.18262211       0.18539141
       0.27975931       0.18108684       0.18381445
       0.27922044       0.17948588       0.18213801
       0.27870044       0.17782239       0.18036053
       0.27820751       0.17610062       0.17848140
       0.27775080       0.17432597       0.17650115
       0.27734047       0.17250515       0.17442161
       0.27698760       0.17064624       0.17224612
       0.27670425       0.16875882       0.16997971
       0.27650332       0.16685408       0.16762936
       0.27639852       0.16494488       0.16520419
       0.27640427       0.16304583       0.16271572
       0.27653549       0.16117332       0.16017807
       0.27680748       0.15934557       0.15760818
       0.27723567       0.15758255       0.15502599
       0.27783536       0.15590595       0.15245459
       0.27862141       0.15433905       0.14992031
       0.27960789       0.15290648       0.14745269
       0.28080766       0.15163398       0.14508443
       0.28223200       0.15054805       0.14285117
       0.28389013       0.14967551       0.14079114
       0.28578874       0.14904297       0.13894467
       0.28793156       0.14867624       0.13735351
       0.29031894       0.14859966       0.13605997
       0.29294742       0.14883537       0.13510597
       0.29580946       0.14940259       0.13453178
       0.29889322       0.15031679       0.13437480
       0.30218244       0.15158904       0.13466815
       0.30565648       0.15322533       0.13543927
       0.30929057       0.15522601       0.13670857
       0.31305610       0.15758544       0.13848821
       0.31692121       0.16029177       0.14078108
       0.32085146       0.16332697       0.14358010
       0.32481065       0.16666708       0.14686780
       0.32876178       0.17028274       0.15061645
       0.33266800       0.17413985       0.15478849
       0.33649369       0.17820057       0.15933751
       0.34020543       0.18242432       0.16420952
       0.34377292       0.18676906       0.16934468
       0.34716981       0.19119244       0.17467920
       0.35037434       0.19565306       0.18014740
       0.35336981       0.20011162       0.18568382
       0.35614485       0.20453188       0.19122523
       0.35869348       0.20888155       0.19671247
       0.36101505       0.21313288       0.20209199
       0.36311384       0.21726309       0.20731709
       0.36499871       0.22125457       0.21234879
       0.36668248       0.22509485       0.21715628
       0.36818131       0.22877642       0.22171707
       0.36951402       0.23229636       0.22601679
       0.37070135       0.23565587       0.23004870
       0.37176529       0.23885972       0.23381300
       0.37272844       0.24191562       0.23731596
       0.37361339       0.24483361       0.24056897
       0.37444221       0.24762541       0.24358753
       0.37523604       0.25030386       0.24639023
       0.37601465       0.25288238       0.24899783
       0.37679626       0.25537445       0.25143231
       0.37759729       0.25779325       0.25371613
       0.37843226       0.26015128       0.25587150
       0.37931372       0.26246013       0.25791982
       0.38025230       0.26473027       0.25988123
       0.38125668       0.26697090       0.26177424
       0.38233377       0.26918993       0.26361551
       0.38348877       0.27139388       0.26541971
       0.38472533       0.27358798       0.26719944
       0.38604571       0.27577619       0.26896522
       0.38745092       0.27796126       0.27072563
       0.38894089       0.28014488       0.27248736
       0.39051464       0.28232776       0.27425539
       0.39217038       0.28450977       0.27603318
       0.39390568       0.28669003       0.27782283
       0.39571757       0.28886708       0.27962532
       0.39760262       0.29103894       0.28144067
       0.39955705       0.29320324       0.28326814
       0.40157679       0.29535728       0.28510640
       0.40365751       0.29749813       0.28695370
       0.40579465       0.29962267       0.28880796
       0.40798345       0.30172762       0.29066694
       0.41021894       0.30380958       0.29252826
       0.41249595       0.30586503       0.29438951
       0.41480907       0.30789032       0.29624826
       0.41715264       0.30988166       0.29810205
       0.41952069       0.31183508       0.29994842
       0.42190697       0.31374639       0.30178485
       0.42430486       0.31561112       0.30360869
       0.42670736       0.31742448       0.30541714
       0.42910707       0.31918128       0.30720711
       0.43149615       0.32087590       0.30897516
       0.43386631       0.32250214       0.31071736
       0.43620883       0.32405326       0.31242923
       0.43851451       0.32552182       0.31410554
       0.44077374       0.32689967       0.31574028
       0.44297649       0.32817788       0.31732643
       0.44511236       0.32934667       0.31885594
       0.44717066       0.33039538       0.32031953
       0.44914045       0.33131244       0.32170659
       0.45101063       0.33208533       0.32300508
       0.45277008       0.33270057       0.32420141
       0.45440778       0.33314371       0.32528033
       0.45591292       0.33339938       0.32622483
       0.45727512       0.33345129       0.32701609
       0.45848463       0.33328231       0.32763337
       0.45953251       0.33287453       0.32805398
       0.46041092       0.33220940       0.32825321
       0.46111341       0.33126785       0.32820434
       0.46163521       0.33003051       0.32787867
       0.46197361       0.32847791       0.32724551
       0.46212835       0.32659082       0.32627231
       0.46210206       0.32435057       0.32492483
       0.46190073       0.32173953       0.32316735
       0.46153424       0.31874165       0.32096302
       0.46101691       0.31534311       0.31827431
       0.46036813       0.31153311       0.31506366
       0.45961294       0.30730483       0.31129435
       0.45878267       0.30265652       0.30693155
       0.45791561       0.29759280       0.30194382
       0.45705749       0.29212613       0.29630492
       0.45626204       0.28627850       0.28999611
       0.45559125       0.28008329       0.28300899
       0.45511544       0.27358724       0.27534892
       0.45491305       0.26685252       0.26703910
       0.45506982       0.25995873       0.25812516
       0.45567754       0.25300471       0.24868039
       0.45683192       0.24610989       0.23881113
       0.45862967       0.23941486       0.22866210
       0.46116450       0.23308096       0.21842117
       0.46452213       0.22728822       0.20832260
       0.46877426       0.22223150       0.19864793
       0.47397167       0.21811428       0.18972331
       0.48013690       0.21514002       0.18191212
       0.48725685       0.21350106       0.17560184
       0.49527637       0.21336541       0.17118475
       0.50409337       0.21486240       0.16903262
       0.51355672       0.21806835       0.16946680
       0.52346756       0.22299400       0.17272639
       0.53358483       0.22957555       0.17893800
       0.54363486       0.23767103       0.18809179
       0.55332481       0.24706324       0.20002780
       0.56235879       0.25746963       0.21443609
       0.57045500       0.26855850       0.23087188
       0.57736222       0.27996992       0.24878461
       0.58287383       0.29133887       0.26755754
       0.58683783       0.30231794       0.28655271
       0.58916221       0.31259706       0.30515526
       0.58981535       0.32191837       0.32281194
       0.58882209       0.33008519       0.33905995
       0.58625636       0.33696505       0.35354409
       0.58223160       0.34248751       0.36602243
       0.57689023       0.34663786       0.37636200
       0.57039324       0.34944834       0.38452712
       0.56291063       0.35098800       0.39056313
       0.55461343       0.35135256       0.39457818
       0.54566726       0.35065500       0.39672522
       0.53622770       0.34901746       0.39718554
       0.52643720       0.34656458       0.39615488
       0.51642331       0.34341851       0.39383232
       0.50629799       0.33969526       0.39041194
       0.49615778       0.33550231       0.38607699
       0.48608449       0.33093730       0.38099627
       0.47614627       0.32608737       0.37532204
       0.46639891       0.32102923       0.36918939
       0.45688722       0.31582950       0.36271638
       0.44764640       0.31054538       0.35600487
       0.43870333       0.30522542       0.34914173
       0.43007787       0.29991042       0.34220024
       0.42178386       0.29463428       0.33524153
       0.41383019       0.28942484       0.32831611
       0.40622162       0.28430466       0.32146515
       0.39895954       0.27929177       0.31472185
       0.39204261       0.27440026       0.30811256
       0.38546730       0.26964093       0.30165779
       0.37922832       0.26502173       0.29537317
       0.37331906       0.26054822       0.28927015
       0.36773187       0.25622398       0.28335675
       0.36245833       0.25205089       0.27763809
       0.35748948       0.24802942       0.27211692
       0.35281598       0.24415892       0.26679399
       0.34842830       0.24043775       0.26166846
       0.34431677       0.23686353       0.25673815
       0.34047176       0.23343321       0.25199981
       0.33688370       0.23014327       0.24744934
       0.33354317       0.22698981       0.24308195
       0.33044097       0.22396863       0.23889232
       0.32756810       0.22107532       0.23487474
       0.32491589       0.21830534       0.23102320
       0.32247594       0.21565409       0.22733152
       0.32024018       0.21311697       0.22379338
       0.31820092       0.21068941       0.22040245
       0.31635080       0.20836693       0.21715243
       0.31468284       0.20614522       0.21403709
       0.31319044       0.20402011       0.21105037
       0.31186740       0.20198769       0.20818643
       0.31070787       0.20004427       0.20543964
       0.30970644       0.19818649       0.20280472
       0.30885803       0.19641130       0.20027672
       0.30815796       0.19471599       0.19785109
       0.30760191       0.19309828       0.19552375
       0.30718593       0.19155626       0.19329109
       0.30690636       0.19008850       0.19115006
       0.30675990       0.18869401       0.18909819
       0.30674348       0.18737229       0.18713366
       0.30685431       0.18612331       0.18525529
       0.30708982       0.18494757       0.18346263
       0.30744757       0.18384604       0.18175598
       0.30792525       0.18282023       0.18013637
       0.30852062       0.18187208       0.17860565
       0.30923141       0.18100402       0.17716645
       0.31005529       0.18021889       0.17582219
       0.31098976       0.17951993       0.17457706
       0.31203211       0.17891067       0.17343597
       0.31317928       0.17839493       0.17240455
       0.31442783       0.17797666       0.17148900
       0.31577381       0.17765992       0.17069608
       0.31721271       0.17744872       0.17003291
       0.31873932       0.17734692       0.16950690
       0.32034770       0.17735810       0.16912554
       0.32203110       0.17748542       0.16889624
       0.32378190       0.17773150       0.16882610
       0.32559153       0.17809822       0.16892171
       0.32745049       0.17858664       0.16918889
       0.32934834       0.17919682       0.16963244
       0.33127368       0.17992772       0.17025595
       0.33321421       0.18077709       0.17106149
       0.33515683       0.18174135       0.17204942
       0.33708767       0.18281557       0.17321821
       0.33899227       0.18399341       0.17456426
       0.34085567       0.18526711       0.17608177
       0.34266264       0.18662756       0.17776268
       0.34439781       0.18806433       0.17959668
       0.34604589       0.18956580       0.18157120
       0.34759191       0.19111930       0.18367157
       0.34902136       0.19271124       0.18588116
       0.35032049       0.19432736       0.18818162
       0.35147645       0.19595293       0.19055313
       0.35247750       0.19757296       0.19297474
       0.35331316       0.19917245       0.19542472
       0.35397437       0.20073664       0.19788094
       0.35445360       0.20225120       0.20032121
       0.35474493       0.20370251       0.20272371
       0.35484410       0.20507778       0.20506729
       0.35474851       0.20636528       0.20733187
       0.35445725       0.20755445       0.20949867
       0.35397098       0.20863600       0.21155051
       0.35329195       0.20960203       0.21347197
       0.35242383       0.21044601       0.21524960
       0.35137162       0.21116286       0.21687196
       0.35014152       0.21174889       0.21832972
       0.34874081       0.21220176       0.21961561
       0.34717765       0.21252046       0.22072444
       0.34546099       0.21270517       0.22165298
       0.34360036       0.21275720       0.22239986
       0.34160577       0.21267888       0.22296544
       0.33948756       0.21247344       0.22335166
       0.33725625       0.21214489       0.22356187
       0.33492246       0.21169791       0.22360066
       0.33249674       0.21113775       0.22347368
       0.32998954       0.21047008       0.22318748
       0.32741109       0.20970094       0.22274933
       0.32477133       0.20883658       0.22216709
       0.32207986       0.20788343       0.22144903
       0.31934589       0.20684800       0.22060371
       0.31657820       0.20573679       0.21963986
       0.31378510       0.20455626       0.21856628
       0.31097444       0.20331275       0.21739175
       0.30815357       0.20201245       0.21612490
       0.30532936       0.20066136       0.21477421
       0.30250817       0.19926528       0.21334792
       0.29969589       0.19782973       0.21185398
       0.29689791       0.19636000       0.21030001
       0.29411918       0.19486110       0.20869331
       0.29136419       0.19333776       0.20704078
       0.28863702       0.19179442       0.20534897
       0.28594131       0.19023523       0.20362402
       0.28328034       0.18866409       0.20187169
       0.28065702       0.18708458       0.20009737
       0.27807389       0.18550005       0.19830605
       0.27553321       0.18391356       0.19650235
       0.27303691       0.18232794       0.19469054
       0.27058665       0.18074575       0.19287453
       0.26818384       0.17916937       0.19105792
       0.26582963       0.17760091       0.18924396
       0.26352499       0.17604230       0.18743562
       0.26127065       0.17449528       0.18563559
       0.25906720       0.17296141       0.18384627
       0.25691503       0.17144208       0.18206982
       0.25481442       0.16993851       0.18030817
       0.25276549       0.16845180       0.17856302
       0.25076826       0.16698290       0.17683586
       0.24882264       0.16553266       0.17512800
       0.24692847       0.16410180       0.17344059
       0.24508549       0.16269095       0.17177460
       0.24329340       0.16130065       0.17013085
       0.24155183       0.15993138       0.16851005
       0.23986037       0.15858352       0.16691277
       0.23821860       0.15725743       0.16533949
       0.23662606       0.15595339       0.16379058
       0.23508227       0.15467165       0.16226632
       0.23358678       0.15341244       0.16076694
       0.23213910       0.15217594       0.15929260
       0.23073878       0.15096235       0.15784339
       0.22938539       0.14977182       0.15641937
       0.22807852       0.14860454       0.15502058
       0.22681779       0.14746068       0.15364700
       0.22560286       0.14634043       0.15229863
       0.22443343       0.14524401       0.15097543
       0.22330926       0.14417166       0.14967740
       0.22223015       0.14312364       0.14840451
       0.22119599       0.14210027       0.14715677
       0.22020669       0.14110190       0.14593421
       0.21926226       0.14012894       0.14473688
       0.21836277       0.13918184       0.14356487
       0.21750836       0.13826113       0.14241834
       0.21669927       0.13736738       0.14129746
       0.21593577       0.13650126       0.14020250
       0.21521827       0.13566349       0.13913377
       0.21454723       0.13485487       0.13809166
       0.21392319       0.13407629       0.13707663
       0.21334680       0.13332872       0.13608923
       0.21281876       0.13261321       0.13513009
       0.21233988       0.13193091       0.13419995
       0.21191104       0.13128305       0.13329963
       0.21153321       0.13067095       0.13243006
       0.21120743       0.13009604       0.13159228
       0.21093481       0.12955982       0.13078743
       0.21071655       0.12906390       0.13001676
       0.21055389       0.12860997       0.12928167
       0.21044816       0.12819980       0.12858362
       0.21040072       0.12783526       0.12792424
       0.21041299       0.12751831       0.12730526
       0.21048642       0.12725095       0.12672851
       0.21062250       0.12703529       0.12619595
       0.21082274       0.12687349       0.12570967
       0.21108867       0.12676775       0.12527184
       0.21142180       0.12672034       0.12488475
       0.21182365       0.12673357       0.12455078
       0.21229571       0.12680976       0.12427241
       0.21283942       0.12695126       0.12405220
       0.21345620       0.12716040       0.12389277
       0.21414738       0.12743953       0.12379680
       0.21491423       0.12779096       0.12376703
       0.21575792       0.12821693       0.12380621
       0.21667951       0.12871967       0.12391711
       0.21767996       0.12930129       0.12410249
       0.21876006       0.12996383       0.12436510
       0.21992049       0.13070919       0.12470762
       0.22116174       0.13153915       0.12513267
       0.22248414       0.13245535       0.12564279
       0.22388782       0.13345923       0.12624037
       0.22537274       0.13455204       0.12692769
       0.22693861       0.13573484       0.12770685
       0.22858498       0.13700844       0.12857974
       0.23031113       0.13837340       0.12954805
       0.23211615       0.13983004       0.13061320
       0.23399888       0.14137837       0.13177636
       0.23595795       0.14301813       0.13303840
       0.23799176       0.14474876       0.13439986
       0.24009849       0.14656938       0.13586096
       0.24227610       0.14847879       0.13742155
       0.24452235       0.15047549       0.13908113
       0.24683480       0.15255763       0.14083879
       0.24921084       0.15472309       0.14269326
       0.25164768       0.15696938       0.14464286
       0.25414240       0.15929375       0.14668553
       0.25669194       0.16169314       0.14881879
       0.25929312       0.16416422       0.15103981
       0.26194270       0.16670340       0.15334538
       0.26463735       0.16930685       0.15573193
       0.26737371       0.17197052       0.15819557
       0.27014841       0.17469017       0.16073210
       0.27295807       0.17746141       0.16333704
       0.27579933       0.18027971       0.16600567
       0.27866889       0.18314043       0.16873306
       0.28156353       0.18603885       0.17151412
       0.28448010       0.18897022       0.17434361
       0.28741555       0.19192978       0.17721623
       0.29036695       0.19491278       0.18012660
       0.29333151       0.19791453       0.18306938
       0.29630656       0.20093039       0.18603923
       0.29928958       0.20395584       0.18903092
       0.30227819       0.20698651       0.19203933
       0.30527016       0.21001812       0.19505951
       0.30826340       0.21304661       0.19808668
       0.31125594       0.21606806       0.20111632
       0.31424594       0.21907877       0.20414413
       0.31723167       0.22207523       0.20716612
       0.32021148       0.22505412       0.21017855
       0.32318381       0.22801235       0.21317804
       0.32614712       0.23094701       0.21616149
       0.32909993       0.23385540       0.21912613
       0.33204073       0.23673500       0.22206952
       0.33496800       0.23958346       0.22498952
       0.33788014       0.24239857       0.22788430
       0.34077549       0.24517828       0.23075229
       0.34365226       0.24792061       0.23359221
       0.34650850       0.25062371       0.23640299
       0.34934211       0.25328573       0.23918376
       0.35215076       0.25590489       0.24193382
       0.35493190       0.25847936       0.24465259
       0.35768271       0.26100730       0.24733957
       0.36040011       0.26348677       0.24999428
       0.36308069       0.26591572       0.25261625
       0.36572073       0.26829194       0.25520490
       0.36831618       0.27061305       0.25775955
       0.37086264       0.27287644       0.26027935
       0.37335536       0.27507924       0.26276320
       0.37578924       0.27721831       0.26520970
       0.37815881       0.27929016       0.26761714
       0.38045828       0.28129097       0.26998337
       0.38268152       0.28321656       0.27230582
       0.38482207       0.28506233       0.27458139
       0.38687322       0.28682327       0.27680646
       0.38882796       0.28849395       0.27897679
       0.39067908       0.29006846       0.28108752
       0.39241919       0.29154049       0.28313310
       0.39404076       0.29290322       0.28510729
       0.39553616       0.29414940       0.28700309
       0.39689777       0.29527132       0.28881277
       0.39811798       0.29626083       0.29052778
       0.39918932       0.29710935       0.29213879
       0.40010447       0.29780790       0.29363568
       0.40085644       0.29834709       0.29500750
       0.40143854       0.29871722       0.29624246
       0.40184460       0.29890825       0.29732799
       0.40206895       0.29890987       0.29825069
       0.40210666       0.29871155       0.29899638
       0.40195354       0.29830262       0.29955008
       0.40160635       0.29767229       0.29989607
       0.40106291       0.29680979       0.30001786
       0.40032226       0.29570439       0.29989830
       0.39938481       0.29434557       0.29951955
       0.39825251       0.29272313       0.29886317
       0.39692908       0.29082728       0.29791017
       0.39542016       0.28864890       0.29664113
       0.39373359       0.28617965       0.29503625
       0.39187961       0.28341226       0.29307556
       0.38987116       0.28034080       0.29073906
       0.38772409       0.27696096       0.28800698
       0.38545754       0.27327047       0.28486008
       0.38309416       0.26926952       0.28128005
       0.38066049       0.26496128       0.27725001
       0.37818721       0.26035247       0.27275511
       0.37570948       0.25545403       0.26778335
       0.37326713       0.25028190       0.26232655
       0.37090496       0.24485779       0.25638148
       0.36867277       0.23921018       0.24995134
       0.36662539       0.23337520       0.24304738
       0.36482253       0.22739767       0.23569089
       0.36332836       0.22133203       0.22791539
       0.36221085       0.21524328       0.21976904
       0.36154079       0.20920761       0.21131725
       0.36139033       0.20331288       0.20264525
       0.36183112       0.19765857       0.19386053
       0.36293193       0.19235519       0.18509485
       0.36475577       0.18752294       0.17650534
       0.36735645       0.18328936       0.16827461
       0.37077483       0.17978605       0.16060894
       0.37503480       0.17714407       0.15373447
       0.38013921       0.17548837       0.14789084
       0.38606623       0.17493109       0.14332192
       0.39276630       0.17556430       0.14026394
       0.40016036       0.17745249       0.13893120
       0.40813949       0.18062559       0.13950042
       0.41656656       0.18507324       0.14209490
       0.42527988       0.19074106       0.14677030
       0.43409896       0.19752972       0.15350383
       0.44283201       0.20529709       0.16218860
       0.45128475       0.21386379       0.17263429
       0.45926983       0.22302166       0.18457477
       0.46661595       0.23254456       0.19768224
       0.47317595       0.24220040       0.21158645
       0.47883313       0.25176337       0.22589708
       0.48350536       0.26102509       0.24022684
       0.48714669       0.26980378       0.25421291
       0.48974667       0.27795078       0.26753470
       0.49132755       0.28535421       0.27992664
       0.49193995       0.29193978       0.29118555
       0.49165745       0.29766915       0.30117269
       0.49057077       0.30253638       0.30981116
       0.48878197       0.30656314       0.31707994
       0.48639905       0.30979322       0.32300556
       0.48353124       0.31228692       0.32765265
       0.48028511       0.31411573       0.33111429
       0.47676154       0.31535758       0.33350292
       0.47305354       0.31609274       0.33494223
       0.46924488       0.31640060       0.33556040
       0.46540924       0.31635713       0.33548457
       0.46161006       0.31603310       0.33483679
       0.45790062       0.31549287       0.33373102
       0.45432460       0.31479373       0.33227122
       0.45091666       0.31398561       0.33055025
       0.44770332       0.31311112       0.32864947
       0.44470376       0.31220584       0.32663881
       0.44193073       0.31129869       0.32457717
       0.43939143       0.31041250       0.32251313
       0.43708828       0.30956455       0.32048575
       0.43501973       0.30876721       0.31852552
       0.43318094       0.30802849       0.31665525
       0.43156441       0.30735263       0.31489104
       0.43016052       0.30674065       0.31324318
       0.42895805       0.30619083       0.31171692
       0.42794456       0.30569914       0.31031331
       0.42710678       0.30525970       0.30902987
       0.42643090       0.30486508       0.30786120
       0.42590280       0.30450660       0.30679955
       0.42550831       0.30417466       0.30583527
       0.42523330       0.30385888       0.30495723
       0.42506390       0.30354832       0.30415311
       0.42498652       0.30323162       0.30340975
       0.42498800       0.30289714       0.30271328
       0.42505563       0.30253299       0.30204935
       0.42517725       0.30212716       0.30140321
       0.42534125       0.30166754       0.30075980
       0.42553662       0.30114195       0.30010380
       0.42575302       0.30053817       0.29941962
       0.42598080       0.29984398       0.29869140
       0.42621107       0.29904715       0.29790299
       0.42643576       0.29813550       0.29703791
       0.42664770       0.29709689       0.29607926
       0.42684074       0.29591932       0.29500976
       0.42700983       0.29459097       0.29381163
       0.42715119       0.29310028       0.29246662
       0.42726248       0.29143611       0.29095600
       0.42734295       0.28958790       0.28926061
       0.42739372       0.28754585       0.28736092
       0.42741795       0.28530120       0.28523721
       0.42742114       0.28284657       0.28286977
       0.42741137       0.28017629       0.28023922
       0.42739966       0.27728690       0.27732691
       0.42740016       0.27417767       0.27411547
       0.42743053       0.27085122       0.27058954
       0.42751213       0.26731419       0.26673657
       0.42767026       0.26357804       0.26254796
       0.42793427       0.25965987       0.25802028
       0.42833765       0.25558331       0.25315679
       0.42891786       0.25137942       0.24796915
       0.42971606       0.24708759       0.24247938
       0.43077657       0.24275631       0.23672196
       0.43214607       0.23844384       0.23074601
       0.43387242       0.23421855       0.22461748
       0.43600312       0.23015896       0.21842116
       0.43858339       0.22635322       0.21226221
       0.44165378       0.22289796       0.20626709
       0.44524745       0.21989639       0.20058339
       0.44938713       0.21745547       0.19537824
       0.45408185       0.21568219       0.19083505
       0.45932380       0.21467888       0.18714811
       0.46508537       0.21453778       0.18451505
       0.47131682       0.21533505       0.18312714
       0.47794482       0.21712459       0.18315779
       0.48487227       0.21993233       0.18474996
       0.49197955       0.22375135       0.18800346
       0.49912742       0.22853870       0.19296347
       0.50616149       0.23421424       0.19961164
       0.51291821       0.24066198       0.20786111
       0.51923185       0.24773408       0.21755640
       0.52494197       0.25525718       0.22847871
       0.52990087       0.26304078       0.24035625
       0.53398032       0.27088670       0.25287890
       0.53707689       0.27859900       0.26571567
       0.53911576       0.28599324       0.27853309
       0.54005251       0.29290446       0.29101279
       0.53987308       0.29919325       0.30286673
       0.53859201       0.30474958       0.31384878
       0.53624930       0.30949443       0.32376221
       0.53290635       0.31337933       0.33246291
       0.52864135       0.31638432       0.33985888
       0.52354452       0.31851458       0.34590669
       0.51771363       0.31979645       0.35060567
       0.51124989       0.32027300       0.35399091
       0.50425449       0.31999978       0.35612569
       0.49682577       0.31904081       0.35709413
       0.48905710       0.31746502       0.35699431
       0.48103535       0.31534330       0.35593244
       0.47283993       0.31274613       0.35401781
       0.46454233       0.30974179       0.35135902
       0.45620592       0.30639497       0.34806093
       0.44788621       0.30276598       0.34422265
       0.43963109       0.29891016       0.33993616
       0.43148143       0.29487769       0.33528553
       0.42347161       0.29071356       0.33034664
       0.41563012       0.28645767       0.32518719
       0.40798022       0.28214513       0.31986698
       0.40054051       0.27780655       0.31443833
       0.39332554       0.27346837       0.30894668
       0.38634632       0.26915328       0.30343110
       0.37961081       0.26488055       0.29792498
       0.37312435       0.26066641       0.29245656
       0.36689008       0.25652435       0.28704955
       0.36090925       0.25246551       0.28172363
       0.35518154       0.24849888       0.27649500
       0.34970532       0.24463162       0.27137674
       0.34447790       0.24086929       0.26637929
       0.33949567       0.23721601       0.26151077
       0.33475433       0.23367472       0.25677731
       0.33024900       0.23024728       0.25218333
       0.32597434       0.22693465       0.24773175
       0.32192468       0.22373702       0.24342426
       0.31809408       0.22065389       0.23926145
       0.31447643       0.21768420       0.23524300
       0.31106547       0.21482640       0.23136783
       0.30785492       0.21207852       0.22763418
       0.30483844       0.20943826       0.22403973
       0.30200973       0.20690302       0.22058173
       0.29936253       0.20446997       0.21725700
       0.29689067       0.20213608       0.21406207
       0.29458807       0.19989819       0.21099319
       0.29244879       0.19775301       0.20804641
       0.29046701       0.19569717       0.20521763
       0.28863709       0.19372727       0.20250260
       0.28695354       0.19183987       0.19989699
       0.28541108       0.19003155       0.19739644
       0.28400461       0.18829891       0.19499655
       0.28272923       0.18663862       0.19269292
       0.28158027       0.18504742       0.19048121
       0.28055327       0.18352217       0.18835712
       0.27964402       0.18205983       0.18631647
       0.27884853       0.18065753       0.18435516
       0.27816305       0.17931255       0.18246926
       0.27758409       0.17802237       0.18065500
       0.27710842       0.17678470       0.17890883
       0.27673303       0.17559745       0.17722739
       0.27645519       0.17445881       0.17560763
       0.27627241       0.17336724       0.17404674
       0.27618246       0.17232150       0.17254226
       0.27618333       0.17132065       0.17109207
       0.27627326       0.17036410       0.16969444
       0.27645070       0.16945161       0.16834807
       0.27671432       0.16858328       0.16705208
       0.27706296       0.16775961       0.16580609
       0.27749562       0.16698147       0.16461022
       0.27801145       0.16625012       0.16346514
       0.27860970       0.16556720       0.16237206
       0.27928968       0.16493474       0.16133278
       0.28005072       0.16435513       0.16034968
       0.28089214       0.16383112       0.15942576
       0.28181318       0.16336578       0.15856459
       0.28281294       0.16296247       0.15777033
       0.28389034       0.16262481       0.15704770
       0.28504406       0.16235660       0.15640194
       0.28627243       0.16216179       0.15583876
       0.28757341       0.16204440       0.15536427
       0.28894451       0.16200840       0.15498490
       0.29038272       0.16205771       0.15470730
       0.29188443       0.16219601       0.15453822
       0.29344541       0.16242668       0.15448438
       0.29506074       0.16275273       0.15455231
       0.29672476       0.16317659       0.15474821
       0.29843106       0.16370011       0.15507774
       0.30017245       0.16432439       0.15554585
       0.30194099       0.16504968       0.15615663
       0.30372796       0.16587530       0.15691308
       0.30552395       0.16679960       0.15781696
       0.30731888       0.16781983       0.15886861
       0.30910212       0.16893213       0.16006685
       0.31086253       0.17013154       0.16140882
       0.31258863       0.17141195       0.16288992
       0.31426869       0.17276619       0.16450376
       0.31589090       0.17418603       0.16624219
       0.31744352       0.17566231       0.16809527
       0.31891506       0.17718504       0.17005144
       0.32029441       0.17874351       0.17209759
       0.32157102       0.18032647       0.17421925
       0.32273508       0.18192230       0.17640082
       0.32377761       0.18351914       0.17862578
       0.32469068       0.18510513       0.18087700
       0.32546741       0.18666858       0.18313695
       0.32610218       0.18819811       0.18538809
       0.32659060       0.18968289       0.18761306
       0.32692962       0.19111272       0.18979503
       0.32711751       0.19247821       0.19191792
       0.32715390       0.19377088       0.19396665
       0.32703968       0.19498329       0.19592735
       0.32677704       0.19610902       0.19778752
       0.32636932       0.19714283       0.19953619
       0.32582097       0.19808057       0.20116396
       0.32513744       0.19891925       0.20266313
       0.32432507       0.19965699       0.20402763
       0.32339097       0.20029298       0.20525310
       0.32234291       0.20082741       0.20633678
       0.32118918       0.20126141       0.20727745
       0.31993849       0.20159699       0.20807537
       0.31859983       0.20183691       0.20873211
       0.31718238       0.20198461       0.20925049
       0.31569540       0.20204412       0.20963440
       0.31414812       0.20201994       0.20988868
       0.31254965       0.20191697       0.21001897
       0.31090895       0.20174042       0.21003160
       0.30923469       0.20149572       0.20993344
       0.30753523       0.20118842       0.20973175
       0.30581857       0.20082416       0.20943411
       0.30409231       0.20040856       0.20904827
       0.30236359       0.19994719       0.20858208
       0.30063910       0.19944550       0.20804338
       0.29892502       0.19890878       0.20743991
       0.29722707       0.19834214       0.20677930
       0.29555044       0.19775044       0.20606892
       0.29389980       0.19713828       0.20531591
       0.29227936       0.19651000       0.20452710
       0.29069280       0.19586961       0.20370897
       0.28914332       0.19522082       0.20286765
       0.28763364       0.19456705       0.20200886
       0.28616605       0.19391135       0.20113793
       0.28474236       0.19325646       0.20025978
       0.28336396       0.19260481       0.19937891
       0.28203186       0.19195847       0.19849939
       0.28074665       0.19131921       0.19762488
       0.27950857       0.19068849       0.19675861
       0.27831750       0.19006745       0.19590342
       0.27717301       0.18945695       0.19506172
       0.27607436       0.18885753       0.19423557
       0.27502051       0.18826949       0.19342660
       0.27401018       0.18769285       0.19263611
       0.27304183       0.18712736       0.19186503
       0.27211370       0.18657256       0.19111394
       0.27122383       0.18602774       0.19038311
       0.27037007       0.18549199       0.18967249
       0.26955012       0.18496417       0.18898172
       0.26876152       0.18444298       0.18831018
       0.26800170       0.18392693       0.18765695
       0.26726797       0.18341439       0.18702087
       0.26655755       0.18290354       0.18640056
       0.26586760       0.18239247       0.18579439
       0.26519522       0.18187911       0.18520053
       0.26453748       0.18136131       0.18461694
       0.26389142       0.18083682       0.18404142
       0.26325409       0.18030329       0.18347159
       0.26262257       0.17975832       0.18290490
       0.26199395       0.17919946       0.18233869
       0.26136539       0.17862421       0.18177015
       0.26073411       0.17803005       0.18119636
       0.26009743       0.17741444       0.18061430
       0.25945276       0.17677485       0.18002086
       0.25879765       0.17610876       0.17941285
       0.25812979       0.17541370       0.17878704
       0.25744702       0.17468723       0.17814013
       0.25674739       0.17392699       0.17746878
       0.25602912       0.17313070       0.17676967
       0.25529068       0.17229617       0.17603943
       0.25453076       0.17142134       0.17527474
       0.25374833       0.17050430       0.17447229
       0.25294265       0.16954327       0.17362883
       0.25211328       0.16853670       0.17274117
       0.25126013       0.16748322       0.17180622
       0.25038345       0.16638169       0.17082101
       0.24948388       0.16523126       0.16978270
       0.24856247       0.16403134       0.16868862
       0.24762069       0.16278168       0.16753632
       0.24666047       0.16148239       0.16632356
       0.24568422       0.16013395       0.16504840
       0.24469485       0.15873729       0.16370920
       0.24369578       0.15729378       0.16230468
       0.24269099       0.15580532       0.16083396
       0.24168500       0.15427432       0.15929665
       0.24068293       0.15270381       0.15769285
       0.23969045       0.15109742       0.15602325
       0.23871387       0.14945947       0.15428918
       0.23776005       0.14779498       0.15249270
       0.23683648       0.14610974       0.15063664
       0.23595120       0.14441029       0.14872469
       0.23511285       0.14270404       0.14676147
       0.23433057       0.14099923       0.14475262
       0.23361403       0.13930496       0.14270488
       0.23297334       0.13763125       0.14062611
       0.23241900       0.13598899       0.13852542
       0.23196185       0.13438997       0.13641322
       0.23161293       0.13284684       0.13430120
       0.23138344       0.13137309       0.13220246
       0.23128460       0.12998296       0.13013145
       0.23132752       0.12869143       0.12810400
       0.23152305       0.12751404       0.12613728
       0.23188166       0.12646683       0.12424970
       0.23241326       0.12556620       0.12246088
       0.23312702       0.12482870       0.12079144
       0.23403121       0.12427088       0.11926287
       0.23513304       0.12390906       0.11789729
       0.23643845       0.12375910       0.11671720
       0.23795199       0.12383616       0.11574514
       0.23967668       0.12415445       0.11500342
       0.24161382       0.12472696       0.11451367
       0.24376297       0.12556520       0.11429650
       0.24612182       0.12667897       0.11437110
       0.24868617       0.12807611       0.11475476
       0.25144995       0.12976231       0.11546256
       0.25440521       0.13174094       0.11650695
       0.25754226       0.13401292       0.11789746
       0.26084973       0.13657667       0.11964039
       0.26431476       0.13942802       0.12173864
       0.26792320       0.14256032       0.12419158
       0.27165976       0.14596444       0.12699502
       0.27550832       0.14962895       0.13014124
       0.27945212       0.15354030       0.13361915
       0.28347406       0.15768300       0.13741447
       0.28755688       0.16203990       0.14151005
       0.29168347       0.16659241       0.14588618
       0.29583703       0.17132086       0.15052097
       0.30000131       0.17620470       0.15539075
       0.30416077       0.18122282       0.16047047
       0.30830073       0.18635382       0.16573410
       0.31240747       0.19157621       0.17115499
       0.31646839       0.19686869       0.17670623
       0.32047199       0.20221031       0.18236093
       0.32440805       0.20758065       0.18809250
       0.32826754       0.21296000       0.19387486
       0.33204276       0.21832946       0.19968265
       0.33572731       0.22367109       0.20549134
       0.33931608       0.22896801       0.21127743
       0.34280534       0.23420447       0.21701848
       0.34619265       0.23936597       0.22269332
       0.34947694       0.24443930       0.22828204
       0.35265847       0.24941266       0.23376618
       0.35573882       0.25427570       0.23912878
       0.35872088       0.25901957       0.24435446
       0.36160886       0.26363698       0.24942959
       0.36440818       0.26812224       0.25434230
       0.36712550       0.27247128       0.25908264
       0.36976861       0.27668167       0.26364260
       0.37234640       0.28075260       0.26801619
       0.37486871       0.28468485       0.27219950
       0.37734632       0.28848079       0.27619069
       0.37979074       0.29214426       0.27999000
       0.38221418       0.29568055       0.28359973
       0.38462937       0.29909627       0.28702417
       0.38704943       0.30239927       0.29026953
       0.38948773       0.30559851       0.29334385
       0.39195779       0.30870392       0.29625686
       0.39447305       0.31172628       0.29901986
       0.39704680       0.31467709       0.30164556
       0.39969202       0.31756839       0.30414793
       0.40242124       0.32041265       0.30654199
       0.40524638       0.32322256       0.30884368
       0.40817871       0.32601098       0.31106963
       0.41122864       0.32879069       0.31323700
       0.41440567       0.33157434       0.31536329
       0.41771829       0.33437425       0.31746615
       0.42117387       0.33720233       0.31956319
       0.42477860       0.34006991       0.32167183
       0.42853745       0.34298767       0.32380908
       0.43245408       0.34596551       0.32599140
       0.43653082       0.34901246       0.32823452
       0.44076865       0.35213659       0.33055332
       0.44516719       0.35534494       0.33296163
       0.44972471       0.35864342       0.33547213
       0.45443814       0.36203683       0.33809620
       0.45930309       0.36552874       0.34084383
       0.46431395       0.36912153       0.34372351
       0.46946387       0.37281631       0.34674216
       0.47474493       0.37661300       0.34990505
       0.48014816       0.38051028       0.35321578
       0.48566364       0.38450567       0.35667624
       0.49128067       0.38859553       0.36028663
       0.49698782       0.39277519       0.36404548
       0.50277308       0.39703894       0.36794968
       0.50862398       0.40138019       0.37199460
       0.51452774       0.40579153       0.37617412
       0.52047136       0.41026483       0.38048080
       0.52644180       0.41479137       0.38490598
       0.53242604       0.41936196       0.38943993
       0.53841122       0.42396701       0.39407199
       0.54438476       0.42859672       0.39879077
       0.55033444       0.43324111       0.40358428
       0.55624849       0.43789022       0.40844012
       0.56211563       0.44253414       0.41334563
       0.56792521       0.44716312       0.41828807
       0.57366714       0.45176768       0.42325472
       0.57933205       0.45633867       0.42823308
       0.58491121       0.46086730       0.43321092
       0.59039660       0.46534526       0.43817644
       0.59578089       0.46976469       0.44311834
       0.60105744       0.47411826       0.44802590
       0.60622028       0.47839915       0.45288899
       0.61126407       0.48260109       0.45769818
       0.61618410       0.48671834       0.46244472
       0.62097627       0.49074570       0.46712055
       0.62563699       0.49467847       0.47171833
       0.63016321       0.49851246       0.47623140
       0.63455234       0.50224396       0.48065376
       0.63880224       0.50586968       0.48498005
       0.64291115       0.50938679       0.48920554
       0.64687770       0.51279282       0.49332606
       0.65070081       0.51608567       0.49733797
       0.65437970       0.51926355       0.50123813
       0.65791385       0.52232499       0.50502386
       0.66130298       0.52526877       0.50869287
