-0.1754263
0.055139987
0.28278951
0.49792002
0.6919488099999999
0.85794666
0.99105862
1.0886757
1.150365
1.1775996
1.1733545
1.141637599999999
1.0870203
1.014216999999999
0.9277425900000001
0.83166178
0.72942877
0.62380715
0.51685579
0.40996474
0.30392688
0.19903334
0.095183689
-0.007995337199999999
-0.11102664
-0.21445758
-0.31873448
-0.42407822
-0.53036316
-0.63700265
-0.74284679
-0.84610018
-0.94427082
-1.0341636
-1.1119342
-1.1732182
-1.213348099999999
-1.2276628
-1.211902899999999
-1.1626665
-1.0778855
-0.95726258
-0.8025984100000001
-0.61794262
-0.40951455
-0.18537333
0.045143331
0.27214944
0.4860145499999999
0.67813073
0.8415396899999999
0.97134497
1.064874799999999
1.121604
1.142879
1.1315108
1.0913079
1.026613
0.94189297
0.84141222
0.72900285
0.6079308700000001
0.4808485499999999
0.3498184
0.21639264
0.08173282099999999
-0.053243966
-0.18770417
-0.32073244
-0.45117172
-0.57747922
-0.69760971
-0.8089393899999999
-0.90824543
-0.9917563899999999
-1.0552876
-1.094470199999999
-1.105074799999999
-1.0834139
-1.0267961
-0.93397951
-0.8055654799999999
-0.64426042
-0.4549444699999999
-0.24450528
-0.021429938
0.20481024
0.42450833
0.6285038100000001
0.80889104
0.9595623500000001
1.076526099999999
1.1579815
1.204169899999999
1.2170561
1.1999021
1.1568042
1.0922487
1.010728
0.91644037
0.8130806800000001
0.70371813
0.59074901
0.47591004
0.3603373
0.24465732
0.12909973
0.013623371
-0.10194996
-0.21779812
-0.33396091
-0.45020532
-0.56589776
-0.67988921
-0.79042144
-0.8950652699999999
-0.9907045000000001
-1.0735809
-1.1394157
-1.183619699999999
-1.2015974
-1.189136699999999
-1.142862899999999
-1.0607141
-0.9423784100000001
-0.78962546
-0.6064619200000001
-0.39905854