   0.2635118729733872   0.1531375822991708   0.1503263704403938
   0.2643830557630209   0.1520840210198093   0.1486251072225888
   0.2654382654752745   0.1511720900224665   0.1470383501323763
   0.2666842875191425   0.1504234876976122   0.1455934413936390
   0.2681261137971004   0.1498605351499670   0.1443201024276047
   0.2697663938723571   0.1495056382157818   0.1432501861141290
   0.2716048700524102   0.1493805734562002   0.1424169094323031
   0.2736378454282332   0.1495056758542587   0.1418538579320716
   0.2758577218172932   0.1498989562904900   0.1415937818544644
   0.2782526472403093   0.1505751860916811   0.1416672139327432
   0.2808063131430683   0.1515449967247995   0.1421009606855661
   0.2834979386376533   0.1528140516908345   0.1429165420142466
   0.2863024719557554   0.1543823531361473   0.1441286749035001
   0.2891910279059847   0.1562437460693256   0.1457439125838580
   0.2921315648078257   0.1583856771436433   0.1477595571815673
   0.2950897861887752   0.1607892522032413   0.1501629587625349
   0.2980302331501056   0.1634296175828751   0.1529312951376009
   0.3009175148617251   0.1662766659305004   0.1560318950655433
   0.3037176094435458   0.1692960404987926   0.1594231249775827
   0.3063991576433551   0.1724503855243508   0.1630558105394686
   0.3089346687733150   0.1757007677987305   0.1668751152471245
   0.3113015629884708   0.1790081788026922   0.1708227553185590
   0.3134829858212043   0.1823350199087585   0.1748393992387148
   0.3154683485728905   0.1856464759770976   0.1788670855224501
   0.3172535695880044   0.1889116945986987   0.1828514951748013
   0.3188410140716746   0.1921047074477123   0.1867439348272184
   0.3202391514467055   0.1952050539858667   0.1905029191305005
   0.3214619671614093   0.1981980930452483   0.1940952816347671
   0.3225281789001347   0.2010750116879946   0.1974967864717745
   0.3234603146435162   0.2038325608695013   0.2006922534915267
   0.3242837120592836   0.2064725623164893   0.2036752430889792
   0.3250254959684305   0.2090012400721909   0.2064473713636814
   0.3257135842111401   0.2114284335582015   0.2090173406837104
   0.3263757633847270   0.2137667475520684   0.2113997757515101
   0.3270388658650677   0.2160306893246044   0.2136139524348640
   0.3277280693055663   0.2182358355756849   0.2156824979785760
   0.3284663302365454   0.2203980629311201   0.2176301288946172
   0.3292739549960104   0.2225328665994461   0.2194824787758599
   0.3301683042948316   0.2246547830680929   0.2212650540400151
   0.3311636223396804   0.2267769249207514   0.2230023422835923
   0.3322709775464679   0.2289106292371621   0.2247170861778181
   0.3334982993283563   0.2310652156762898   0.2264297259796902
   0.3348504940464184   0.2332478462096818   0.2281580058110269
   0.3363296227696679   0.2354634754605407   0.2299167327604236
   0.3379351238184001   0.2377148785816315   0.2317176733867690
   0.3396640639964481   0.2400027424323193   0.2335695691225215
   0.3415114038141394   0.2423258053619902   0.2354782501762249
   0.3434702637459708   0.2446810310588753   0.2374468266323118
   0.3455321805537835   0.2470638025796195   0.2394759353905324
   0.3476873448477546   0.2494681237465330   0.2415640222529547
   0.3499248132723475   0.2518868165037634   0.2437076397462412
   0.3522326909170602   0.2543117044809709   0.2459017430606866
   0.3545982816927975   0.2567337748447974   0.2481399686944528
   0.3570082064212495   0.2591433124464801   0.2504148829056647
   0.3594484902028918   0.2615300022225822   0.2527181897853233
   0.3619046222161203   0.2638829977040004   0.2550408915565462
   0.3643615924252684   0.2661909552729563   0.2573733964691047
   0.3668039107224031   0.2684420354261532   0.2597055722892999
   0.3692156147944691   0.2706238737152494   0.2620267457943050
   0.3715802735047850   0.2727235252183408   0.2643256507954535
   0.3738809928295594   0.2747273873382688   0.2665903289854937
   0.3761004314298819   0.2766211064299805   0.2688079893012251
   0.3782208328099921   0.2783894742484848   0.2709648325072950
   0.3802240807621275   0.2800163205125311   0.2730458483517863
   0.3820917844798418   0.2814844080402167   0.2750345929511149
   0.3838053993905367   0.2827753369857292   0.2769129540803655
   0.3853463894695507   0.2838694647566520   0.2786609118433294
   0.3866964366062581   0.2847458482954640   0.2802563018614351
   0.3878377025466234   0.2853822156558331   0.2816745877623596
   0.3887531490782467   0.2857549742962140   0.2828886495047698
   0.3894269224823189   0.2858392643665555   0.2838685941176351
   0.3898448088619290   0.2856090666101136   0.2845815959773881
   0.3899947677485643   0.2850373764869088   0.2849917750666622
   0.3898675523258335   0.2840964589043219   0.2850601240974981
   0.3894574255658536   0.2827582016716477   0.2847444993685468
   0.3887629823333680   0.2809945906224406   0.2839996962889001
   0.3877880877317084   0.2787783353696429   0.2827776392787006
   0.3865429411229208   0.2760836818766780   0.2810277279897289
   0.3850452725931086   0.2728874562677602   0.2786973982849608
   0.3833216730834426   0.2691703930817530   0.2757329779523796
   0.3814090495092057   0.2649188095189254   0.2720809442550851
   0.3793561800330680   0.2601266933951188   0.2676897230918350
   0.3772253198656764   0.2547982736307111   0.2625122064912211
   0.3750937717849966   0.2489511337172415   0.2565092028937927
   0.3730552851821653   0.2426199042356320   0.2496540659783749
   0.3712210806620397   0.2358605212713148   0.2419387597115318
   0.3697202137345093   0.2287549523013054   0.2333815887565759
   0.3686988945432746   0.2214161573728880   0.2240367229834380
   0.3683182814282097   0.2139928602763070   0.2140054303806146
   0.3687501856198956   0.2066734482722121   0.2034485550261901
   0.3701700981086725   0.1996880127007721   0.1925991921265741
   0.3727470293281709   0.1933072290470093   0.1817737077951285
   0.3766299014653411   0.1878365401107608   0.1713782879467955
   0.3819307134980042   0.1836040880552671   0.1619072669135787
   0.3887054408956916   0.1809412196146480   0.1539289440196066
   0.3969345915036025   0.1801553379941950   0.1480549735155892
   0.4065063526509429   0.1814964724757349   0.1448912828388170
   0.4172060269818804   0.1851210382178014   0.1449721736345161
   0.4287155618802808   0.1910583956414089   0.1486844935732363
   0.4406260607501821   0.1991872132105147   0.1561942826845354
   0.4524640982123097   0.2092284236361765   0.1673919614318007
   0.4637297538832776   0.2207592070126626   0.1818716491323763
   0.4739413046852248   0.2332481678650320   0.1989543857541737
   0.4826794849296239   0.2461068457414271   0.2177548819117059
   0.4896239500783131   0.2587486183852741   0.2372802099499649
   0.4945762616278823   0.2706444203173464   0.2565407585669718
   0.4974667944631912   0.2813660495166804   0.2746518044553976
   0.4983464046990549   0.2906115095024780   0.2909085119089230
   0.4973664274655337   0.2982113675505236   0.3048257233455861
   0.4947519648124151   0.3041189832754095   0.3161430368627354
   0.4907734165319166   0.3083897335784019   0.3248024591935993
   0.4857201889889544   0.3111548721054079   0.3309090799790652
   0.4798790481127186   0.3125948473544150   0.3346850497587222
   0.4735181493782399   0.3129154258732850   0.3364248831520819
   0.4668766721495889   0.3123284114327984   0.3364571008012992
   0.4601593018914316   0.3110374803344389   0.3351144555265931
   0.4535344984857974   0.3092288026102173   0.3327129486989731
   0.4471354565150429   0.3070656670822905   0.3295386203305286
   0.4410627909836301   0.3046861780241482   0.3258405519701734
   0.4353881787450598   0.3022031309080374   0.3218284389989606
   0.4301583916979517   0.2997053108596816   0.3176732660035332
   0.4253993398024749   0.2972596250283586   0.3135099050441803
   0.4211198870291070   0.2949136409488838   0.3094407574667447
   0.4173153103500439   0.2926982389671555   0.3055398261797250
   0.4139703457135127   0.2906301925602595   0.3018568181343553
   0.4110618126484812   0.2887145675628297   0.2984210348011659
   0.4085608377534155   0.2869468846754519   0.2952449189379834
   0.4064347128173804   0.2853150247195894   0.2923271990016049
   0.4046484303533496   0.2838008780401651   0.2896556181576715
   0.4031659412541995   0.2823817524569488   0.2872092615033215
   0.4019511783967237   0.2810315614412797   0.2849605094746000
   0.4009688877737353   0.2797218180502997   0.2828766523212543
   0.4001853059834638   0.2784224621540066   0.2809212033601659
   0.3995687200893797   0.2771025496490534   0.2790549496814075
   0.3990899431497315   0.2757308332744986   0.2772367794650046
   0.3987227360979070   0.2742762656612133   0.2754243258969829
   0.3984442040150139   0.2727084565084020   0.2735744693201206
   0.3982351919820087   0.2709981173147610   0.2716437419821051
   0.3980807023750145   0.2691175288318584   0.2695886837061223
   0.3979703513542206   0.2670410681958634   0.2673662020991723
   0.3978988769972748   0.2647458342589169   0.2649339975626321
   0.3978667045540857   0.2622124105491355   0.2622511212964983
   0.3978805650620832   0.2594258048721083   0.2592787433915997
   0.3979541513760846   0.2563766018384466   0.2559812172834992
   0.3981087797996239   0.2530623581519797   0.2523275349424122
   0.3983740052653764   0.2494892584009404   0.2482932718365466
   0.3987881129448224   0.2456740288852670   0.2438631181451450
   0.3993983793600189   0.2416460757274773   0.2390340772482619
   0.4002609626296060   0.2374497679906759   0.2338193762989016
   0.4014402471803785   0.2331467240393696   0.2282530666069255
   0.4030074383270220   0.2288178787996112   0.2223951821706373
   0.4050381850528506   0.2245650132093271   0.2163371623816419
   0.4076090173520172   0.2205113232542902   0.2102070243685333
   0.4107924332752666   0.2168005116718847   0.2041734986958225
   0.4146505775153539   0.2135938290490780   0.1984480482783547
   0.4192276323092814   0.2110645125175760   0.1932834356708127
   0.4245412969092826   0.2093892165358558   0.1889673876918897
   0.4305740485684170   0.2087363437956493   0.1858100597251712
   0.4372652116042646   0.2092516830170235   0.1841245597471832
   0.4445051341145516   0.2110424121319237   0.1842008371127074
   0.4521328810408825   0.2141612259086633   0.1862747287006082
   0.4599386930377190   0.2185929172341551   0.1904956447479411
   0.4676719680623055   0.2242459587609302   0.1968978198914051
   0.4750547165643093   0.2309513031659197   0.2053806856412118
   0.4817994537731169   0.2384696761534351   0.2157032592241246
   0.4876295547726372   0.2465072046962290   0.2274953499148133
   0.4922994755392518   0.2547376332238642   0.2402852263003336
   0.4956121400972093   0.2628280705172298   0.2535400016227773
   0.4974312669904714   0.2704645652044401   0.2667123942932286
   0.4976873356848750   0.2773740055629256   0.2792864896978668
   0.4963770193094956   0.2833397817490326   0.2908158961770120
   0.4935569416592847   0.2882100149583151   0.3009498660274229
   0.4893333270577065   0.2918985454938792   0.3094457553291246
   0.4838494030368407   0.2943799464550335   0.3161687902063819
   0.4772723201518998   0.2956804203229070   0.3210819085430481
   0.4697809903746257   0.2958665433843500   0.3242292488400867
   0.4615557630589651   0.2950335690283334   0.3257167828273586
   0.4527703822870520   0.2932945523477295   0.3256929373726695
   0.4435862826608257   0.2907710663416879   0.3243311549101315
   0.4341490155994757   0.2875858475224042   0.3218154597165570
   0.4245864519470264   0.2838573859542564   0.3183293820669653
   0.4150083557668658   0.2796962699817624   0.3140480982553185
   0.4055069384256866   0.2752029923721111   0.3091333601226582
   0.3961580534165175   0.2704668953384757   0.3037306683574166
   0.3870227591646298   0.2655659497375784   0.2979681362854270
   0.3781490448520478   0.2605671063664310   0.2919565479337213
   0.3695735748912689   0.2555270088955663   0.2857902003442101
   0.3613233574840807   0.2504929087211074   0.2795482121236572
   0.3534172810856178   0.2455036666815928   0.2732960647877835
   0.3458674905705704   0.2405907631177569   0.2670872145108977
   0.3386805942074054   0.2357792660230261   0.2609646678934550
   0.3318587050847401   0.2310887279124014   0.2549624572960107
   0.3254003281493933   0.2265339968062944   0.2491069812957720
   0.3193011079728232   0.2221259367147730   0.2434181963492988
   0.3135544539130621   0.2178720594186851   0.2379106590990234
   0.3081520593446515   0.2137770731771923   0.2325944269067049
   0.3030843307082708   0.2098433560327997   0.2274758287006525
   0.2983407407120422   0.2060713622278082   0.2225581202772859
   0.2939101183812581   0.2024599703215227   0.2178420386736581
   0.2897808869817215   0.1990067812095360   0.2133262697433397
   0.2859412592402290   0.1957083736024856   0.2090078420466270
   0.2823793978109148   0.1925605237588082   0.2048824588876001
   0.2790835476128635   0.1895583954707453   0.2009447789732424
   0.2760421454970652   0.1866967055267898   0.1971886548409669
   0.2732439116820916   0.1839698691448562   0.1936073369597769
   0.2706779265140387   0.1813721292009917   0.1901936502846591
   0.2683336953408509   0.1788976724707864   0.1869401490412166
   0.2662012036270988   0.1765407355510104   0.1838392546330827
   0.2642709638565612   0.1742957026300796   0.1808833807861287
   0.2625340552621196   0.1721571968186305   0.1780650493545993
   0.2609821569733189   0.1701201663259210   0.1753769995968782
   0.2596075747717019   0.1681799663642544   0.1728122931636034
   0.2584032612855953   0.1663324372730217   0.1703644165093817
   0.2573628291350981   0.1645739789683273   0.1680273819229468
   0.2564805562533639   0.1629016214370802   0.1657958278518575
   0.2557513823636693   0.1613130906017142   0.1636651186607882
   0.2551708953884979   0.1598068684818073   0.1616314433934509
   0.2547353064155207   0.1583822461739344   0.1596919124967674
   0.2544414117580641   0.1570393677674626   0.1578446508062347
   0.2542865406397851   0.1557792629234177   0.1560888843840165
   0.2542684871230337   0.1546038654838205   0.1544250180551153
   0.2543854251079306   0.1535160151746686   0.1528546997217687
   0.2546358055752538   0.1525194392488819   0.1513808667849945
   0.2550182357501373   0.1516187108248186   0.1500077693133299
   0.2555313405404533   0.1508191807560598   0.1487409640375310
   0.2561736074612617   0.1501268801672423   0.1475872728984452
   0.2569432172909437   0.1495483913568824   0.1465546998305693
   0.2578378638959142   0.1490906856439324   0.1456522998331117
   0.2588545679694684   0.1487609279504609   0.1448899952725046
   0.2599894907933049   0.1485662494777577   0.1442783358731438
   0.2612377554594453   0.1485134917271588   0.1438282010572342
   0.2625932841730936   0.1486089272814464   0.1435504462136314
   0.2640486611609462   0.1488579650944492   0.1434554980654779
   0.2655950311905284   0.1492648503843344   0.1435529084366300
   0.2672220436218523   0.1498323713941475   0.1438508801572189
   0.2689178511392861   0.1505615870410683   0.1443557832670196
   0.2706691707637557   0.1514515905775954   0.1450716836501424
   0.2724614123967015   0.1524993245983546   0.1459999092857501
   0.2742788770471285   0.1536994618539293   0.1471386809375909
   0.2761050231779886   0.1550443642645191   0.1484828338957750
   0.2779227955020865   0.1565241292567946   0.1500236550205498
   0.2797150063609390   0.1581267282026385   0.1517488547087394
   0.2814647558839009   0.1598382365796820   0.1536426866449664
   0.2831558738160171   0.1616431498832943   0.1556862197152846
   0.2847733635598245   0.1635247737674358   0.1578577569024849
   0.2863038278645903   0.1654656718821467   0.1601333861890708
   0.2877358558719874   0.1674481508861464   0.1624876393938866
   0.2890603529107188   0.1694547595326309   0.1648942273588776
   0.2902707974034109   0.1714687778022425   0.1673268147280941
   0.2913634132578682   0.1734746728630482   0.1697597952118681
   0.2923372508144911   0.1754585010659372   0.1721690288769725
   0.2931941744107859   0.1774082389656670   0.1745325064880563
   0.2939387594952211   0.1793140311020356   0.1768309117897507
   0.2945781066094227   0.1811683475250083   0.1790480601864044
   0.2951215831702589   0.1829660493374884   0.1811712007545218
   0.2955805066324867   0.1847043654415422   0.1831911771102341
   0.2959677842167047   0.1863827878772511   0.1851024506367489
   0.2962975249656211   0.1880028964176247   0.1869029963987285
   0.2965846395462137   0.1895681253242972   0.1885940873718284
   0.2968444421065671   0.1910834863798337   0.1901799862374311
   0.2970922668160336   0.1925552625820615   0.1916675659562751
   0.2973431096648931   0.1939906863618715   0.1930658808022939
   0.2976113038609147   0.1953976150480555   0.1943857087645185
   0.2979102348944351   0.1967842147377732   0.1956390845105715
   0.2982520991757762   0.1981586619139440   0.1968388397544304
   0.2986477081678853   0.1995288702311028   0.1979981651614456
   0.2991063381981564   0.2009022479876239   0.1991302050866429
   0.2996356246631279   0.2022854900005496   0.2002476936550354
   0.3002414981429052   0.2036844059555270   0.2013626380772839
   0.3009281590084039   0.2051037858495268   0.2024860527242805
   0.3016980864144731   0.2065473018902851   0.2036277453951338
   0.3025520771021660   0.2080174451632518   0.2047961554117073
   0.3034893091597599   0.2095154945162913   0.2059982416492043
   0.3045074257918860   0.2110415144332765   0.2072394173476802
   0.3056026341989494   0.2125943781583295   0.2085235275234388
   0.3067698148567852   0.2141718119821059   0.2098528639940054
   0.3080026367927374   0.2157704564008674   0.2112282124321309
   0.3092936748633536   0.2173859397998835   0.2126489254638496
   0.3106345255347315   0.2190129603868223   0.2141130156169858
   0.3120159182324333   0.2206453722992609   0.2156172619048656
   0.3134278199457031   0.2222762721225160   0.2171573239894501
   0.3148595314210810   0.2238980824664194   0.2187278581997094
   0.3162997739430745   0.2255026297464880   0.2203226301711593
   0.3177367663536720   0.2270812138776203   0.2219346195021356
   0.3191582925881579   0.2286246681963747   0.2235561125671656
   0.3205517605833528   0.2301234085592400   0.2251787804587149
   0.3219042539300580   0.2315674711971797   0.2267937399133138
   0.3232025780812424   0.2329465395200490   0.2283915959826863
   0.3244333032825163   0.2342499606394019   0.2299624661014386
   0.3255828066568604   0.2354667528986990   0.2314959860486563
   0.3266373160510778   0.2365856061538580   0.2329812990738337
   0.3275829583407005   0.2375948769264872   0.2344070301354634
   0.3284058149007337   0.2384825808536294   0.2357612477671041
   0.3290919868924852   0.2392363850826358   0.2370314165313585
   0.3296276729052949   0.2398436034136024   0.2382043433445968
   0.3299992613415484   0.2402911970846080   0.2392661211593417
   0.3301934397602055   0.2405657841406916   0.2402020735889732
   0.3301973232145437   0.2406536603434582   0.2409967040698338
   0.3299986034492455   0.2405408345848234   0.2416336531046849
   0.3295857206736544   0.2402130817885801   0.2420956670513477
   0.3289480595118944   0.2396560163419006   0.2423645818504180
   0.3280761706517877   0.2388551892213902   0.2424213250721222
   0.3269620196717160   0.2377962121906689   0.2422459397573745
   0.3255992645078347   0.2364649127731233   0.2418176337914921
   0.3239835630122806   0.2348475241655564   0.2411148590471067
   0.3221129120109326   0.2329309148709661   0.2401154253380132
   0.3199880191436545   0.2307028635965579   0.2387966554151451
   0.3176127084850883   0.2281523858757167   0.2371355888884193
   0.3149943603967554   0.2252701198959816   0.2351092451487854
   0.3121443851150877   0.2220487800810460   0.2326949581548754
   0.3090787280599434   0.2184836879670100   0.2298707993698906
   0.3058184025359954   0.2145733906481292   0.2266161091635953
   0.3023900421322940   0.2103203772713709   0.2229121615147867
   0.2988264604003630   0.2057319033405277   0.2187429915951522
   0.2951671989802867   0.2008209304101860   0.2140964202920185
   0.2914590369262561   0.1956071843933950   0.2089653131101535
   0.2877564233019696   0.1901183282704871   0.2033491118982695
   0.2841217820761492   0.1843912333889255   0.1972556745921264
   0.2806256231566491   0.1784733165922574   0.1907034480452764
   0.2773463767690749   0.1724238869587859   0.1837239786382933
   0.2743698517835744   0.1663154151435143   0.1763647306447621
   0.2717882045455993   0.1602346001696094   0.1686921289421797
   0.2696982971238174   0.1542830644484511   0.1607946668740178
   0.2681993279758226   0.1485774616066696   0.1527858204132974
   0.2673896404950439   0.1432487404554739   0.1448063894313281
   0.2673626630155334   0.1384402833143325   0.1370257568552078
   0.2682020140364680   0.1343046432128579   0.1296414389935047
   0.2699759218055879   0.1309986604033302   0.1228762308885151
   0.2727312544807336   0.1286768616667181   0.1169722770809517
   0.2764876222074825   0.1274832469246623   0.1121815737427548
   0.2812321692524060   0.1275418425154601   0.1087527758361564
   0.2869157842239669   0.1289467214809899   0.1069147528158586
   0.2934514740284950   0.1317525022797996   0.1068580596558076
   0.3007155318642060   0.1359665577625996   0.1087162420018873
   0.3085518612692537   0.1415442068983095   0.1125494809562525
   0.3167794134813033   0.1483879534751473   0.1183332826589987
   0.3252022150894965   0.1563513626171238   0.1259545560695917
   0.3336210058001778   0.1652474877062071   0.1352164573269819
   0.3418451844931812   0.1748610129003198   0.1458519567950602
   0.3497036666178215   0.1849626384377026   0.1575445263886125
   0.3570534238641460   0.1953238724038981   0.1699530540990680
   0.3637848737789524   0.2057303974218239   0.1827374169069065
   0.3698238169701107   0.2159925429700363   0.1955812463332678
   0.3751301570679809   0.2259520046137264   0.2082092299075436
   0.3796940679393767   0.2354846450124939   0.2203975386849656
   0.3835305202476557   0.2444998239537686   0.2319773024053927
   0.3866731275666926   0.2529371207094591   0.2428321552037848
   0.3891681524314969   0.2607614879238269   0.2528915552457350
   0.3910692861681692   0.2679578342576213   0.2621217987578462
   0.3924335511962484   0.2745258379449093   0.2705164795403678
   0.3933184278046748   0.2804755242086368   0.2780877300794806
   0.3937801158312454   0.2858238662753789   0.2848590697650449
   0.3938727202565601   0.2905924411430941   0.2908602005768141
   0.3936480960604360   0.2948060114517095   0.2961237066169117
   0.3931560884397194   0.2984918172619782   0.3006833618536960
   0.3924449417035784   0.3016793358593091   0.3045736267227123
   0.3915617061465888   0.3044002866076226   0.3078298941970031
   0.3905525324606635   0.3066887029035586   0.3104890964219713
   0.3894627977505793   0.3085809483865710   0.3125903713619478
   0.3883370503796190   0.3101156079451768   0.3141755883891186
   0.3872187907950836   0.3113332285116393   0.3152896237439497
   0.3861501228810816   0.3122759169629546   0.3159803507524865
   0.3851713174939441   0.3129868224502375   0.3162983617031877
   0.3843203295047936   0.3135095398531671   0.3162964691777808
   0.3836323047190681   0.3138874724005284   0.3160290479764263
   0.3831391058517408   0.3141631875843306   0.3155512793116156
   0.3828688790959033   0.3143777937987968   0.3149183514123276
   0.3828456758978839   0.3145703575972209   0.3141846591517036
   0.3830891389672059   0.3147773744206484   0.3134030328819726
   0.3836142575037878   0.3150322999000261   0.3126240154069471
   0.3844311940217913   0.3153651447034573   0.3118951971231653
   0.3855451837137147   0.3158021333949902   0.3112606132813827
   0.3869565066679760   0.3163654266726861   0.3107602040118865
   0.3886605330506101   0.3170729063163645   0.3104293368328842
   0.3906478412420981   0.3179380228000864   0.3102983922363807
   0.3929044086041519   0.3189697064112584   0.3103924149452882
   0.3954118738432845   0.3201723435056464   0.3107308358713645
   0.3981478687370213   0.3215458199200162   0.3113272720355940
   0.4010864152887350   0.3230856333517564   0.3121894131945921
   0.4041983822617922   0.3247830755865848   0.3133190042355850
   0.4074519926725818   0.3266254838044357   0.3147119313099462
   0.4108133714108788   0.3285965579151938   0.3163584171077221
   0.4142471199510123   0.3306767381555217   0.3182433267609797
   0.4177169033655528   0.3328436342703469   0.3203465809087766
   0.4211860337722571   0.3350724948016619   0.3226436669132771
   0.4246180340955780   0.3373367026114499   0.3251062336300076
   0.4279771666892540   0.3396082810404596   0.3277027500768386
   0.4312289129407958   0.3418583942504749   0.3303992043415112
   0.4343403923680992   0.3440578254248455   0.3331598165296170
   0.4372807127525512   0.3461774176185229   0.3359477387337458
   0.4400212463060970   0.3481884640625122   0.3387257159594443
   0.4425358304885179   0.3500630374613187   0.3414566845437263
   0.4448008956240383   0.3517742510390887   0.3441042885525945
   0.4467955246909340   0.3532964475266077   0.3466332995340197
   0.4485014534018519   0.3546053156780673   0.3490099303628800
   0.4499030208476346   0.3556779370386215   0.3512020392778298
   0.4509870825029246   0.3564927683818596   0.3531792251658236
   0.4517428983111776   0.3570295673994925   0.3549128193819929
   0.4521620089572427   0.3572692708242705   0.3563757827017515
   0.4522381134142223   0.3571938352392641   0.3575425183121642
   0.4519669605584641   0.3567860514673723   0.3583886130991158
   0.4513462672311878   0.3560293437841964   0.3588905200114136
   0.4503756747311380   0.3549075654276219   0.3590251941949366
   0.4490567554772237   0.3534048021821150   0.3587696951587421
   0.4473930815855621   0.3515051964022218   0.3581007667728915
   0.4453903674308911   0.3491928049245590   0.3569944067539351
   0.4430566989358464   0.3464515061248594   0.3554254378585764
   0.4404028633286748   0.3432649741375954   0.3533670947238406
   0.4374427943372733   0.3396167422066403   0.3507906436864261
   0.4341941490573961   0.3354903825099786   0.3476650586170549
   0.4306790337254641   0.3308698368110105   0.3439567845926726
   0.4269248958341351   0.3257399410819684   0.3396296340455402
   0.4229655986809303   0.3200871978317549   0.3346448779949978
   0.4188426904033684   0.3139008619948536   0.3289616193371757
   0.4146068712124767   0.3071744191696776   0.3225375671788238
   0.4103196476619617   0.2999075472120638   0.3153303717541799
   0.4060551384343886   0.2921086609193294   0.3072997284948369
   0.4019019585963141   0.2837981401335503   0.2984105152033933
   0.3979650543147449   0.2750123267574971   0.2886372820281278
   0.3943672833919847   0.2658083351790904   0.2779704575198551
   0.3912504356946768   0.2562696387364419   0.2664246427541127
   0.3887752622646547   0.2465122538108647   0.2540493021914213
   0.3871199406397256   0.2366911233160870   0.2409419696620561
   0.3864762675099219   0.2270059878110754   0.2272636983317517
   0.3870427783472736   0.2177056263491414   0.2132558154004274
   0.3890140117657378   0.2090888860176655   0.1992560376310467
   0.3925653532577699   0.2015004925532154   0.1857106813733149
   0.3978334091299148   0.1953194177136086   0.1731782402013738
   0.4048927539270484   0.1909378270008602   0.1623184385650310
   0.4137311556334183   0.1887296345638460   0.1538607334336253
   0.4242268421380700   0.1890096571848654   0.1485480517179298
   0.4361326386965288   0.1919872140736191   0.1470560686307122
   0.4490722921634852   0.1977212109007056   0.1498954961754537
   0.4625533914543717   0.2060861823951874   0.1573131542040626
   0.4759986769103110   0.2167590780002221   0.1692139475825671
   0.4887935218930431   0.2292337479941768   0.1851265383741388
   0.5003430471376629   0.2428642334612015   0.2042281091189366
   0.5101292320178548   0.2569306852263898   0.2254291876308179
   0.5177578290328828   0.2707156534612661   0.2475029022749854
   0.5229872406211422   0.2835759966046012   0.2692308885076015
   0.5257359546748612   0.2949976518005038   0.2895352265415960
   0.5260700357969307   0.3046259432438629   0.3075727103896603
   0.5241759253671173   0.3122706647020730   0.3227805994628453
   0.5203255146580712   0.3178905378742495   0.3348762045191718
   0.5148401406995765   0.3215644999702014   0.3438218418003567
   0.5080584879404848   0.3234575479990019   0.3497702484655839
   0.5003112260397500   0.3237873589423688   0.3530043746163187
   0.4919032636097825   0.3227956552898361   0.3538816404385288
   0.4831031086097918   0.3207261242299750   0.3527883067965341
   0.4741380619275947   0.3178090725260939   0.3501058718520994
   0.4651937168712237   0.3142520158313810   0.3461888969363277
   0.4564163170062306   0.3102349651855242   0.3413523460186531
   0.4479167743403042   0.3059091131305569   0.3358660955713061
   0.4397754508830679   0.3013977717016372   0.3299543890562801
   0.4320470890706968   0.2967986504532778   0.3237983893630986
   0.4247655082730234   0.2921868073925919   0.3175404345170499
   0.4179478577684687   0.2876178196542512   0.3112890222593024
   0.4115983363351220   0.2831308895855555   0.3051238927201778
   0.4057113653651194   0.2787517255214720   0.2991008361510917
   0.4002742473392297   0.2744951214713171   0.2932560332716338
   0.3952693644045465   0.2703672147920560   0.2876098546603240
   0.3906759803851781   0.2663674338960253   0.2821701188048930
   0.3864717094370978   0.2624901659634001   0.2769348497968341
   0.3826337095808063   0.2587261827224375   0.2718945960498993
   0.3791396519967783   0.2550638643713993   0.2670343787638624
   0.3759685087547498   0.2514902601923336   0.2623353386195647
   0.3731011934013436   0.2479920209814490   0.2577761449716932
   0.3705210809433658   0.2445562340618471   0.2533342258158228
   0.3682144263567255   0.2411711868518993   0.2489868702834261
   0.3661706937914805   0.2378270799158280   0.2447122489205849
   0.3643828020324396   0.2345167050865400   0.2404903906174553
   0.3628472854079912   0.2312360984528139   0.2363041485254587
   0.3615643631590686   0.2279851714969127   0.2321401801328618
   0.3605379043184670   0.2247683161891970   0.2279899581942509
   0.3597752695762081   0.2215949711700169   0.2238508186372045
   0.3592870067660263   0.2184801261687423   0.2197270380770493
   0.3590863730650521   0.2154447306279416   0.2156309164220345
   0.3591886555600670   0.2125159605449174   0.2115838187840549
   0.3596102635453608   0.2097272856951749   0.2076171056025229
   0.3603675720121155   0.2071182691248253   0.2037728515110561
   0.3614755075571005   0.2047340242174001   0.2001042242969435
   0.3629458864951786   0.2026242545316214   0.1966753692781318
   0.3647855409001035   0.2008418112117621   0.1935606274276883
   0.3669943012427891   0.1994407253614108   0.1908429152751360
   0.3695629423957639   0.1984737109017365   0.1886111197124353
   0.3724712392794058   0.1979891879176307   0.1869564194896769
   0.3756863135227463   0.1980279452045442   0.1859675425249845
   0.3791614756153692   0.1986196375550415   0.1857251031175333
   0.3828357697544355   0.1997793877119276   0.1862953254320897
   0.3866344034525498   0.2015048205075463   0.1877236278545081
   0.3904701866000984   0.2037738814736877   0.1900286854881017
   0.3942460160878813   0.2065437700255809   0.1931976682297740
   0.3978583302338254   0.2097512404201362   0.1971833357272819
   0.4012013369833668   0.2133143946205961   0.2019035381592341
   0.4041717108890871   0.2171359248212569   0.2072434267778253
   0.4066733768078779   0.2211075854709609   0.2130603519904544
   0.4086219695169168   0.2251155168498157   0.2191910749702959
   0.4099485857945185   0.2290459345817470   0.2254606086584964
   0.4106025255343352   0.2327906623748781   0.2316917970772164
   0.4105528371481608   0.2362520243123671   0.2377146770787484
   0.4097886187139568   0.2393467176605583   0.2433747503007178
   0.4083181570092094   0.2420084343263891   0.2485394987996422
   0.4061670921395178   0.2441891597452481   0.2531027560819205
   0.4033758635728619   0.2458592245514925   0.2569868383680960
   0.3999967203258016   0.2470062966420336   0.2601425979531142
   0.3960905678631109   0.2476335691640496   0.2625477474668695
   0.3917238862460149   0.2477574234870184   0.2642039072816688
   0.3869658996626550   0.2474048327678731   0.2651328530557380
   0.3818861176701796   0.2466107326804972   0.2653724034404774
   0.3765523119671125   0.2454155333488950   0.2649723115495924
   0.3710289449521222   0.2438628909220696   0.2639904295371371
   0.3653760303951565   0.2419978060949011   0.2624893209276263
   0.3596483825515990   0.2398650746326623   0.2605334117849016
   0.3538951967011637   0.2375080833276348   0.2581867054127701
   0.3481598992706131   0.2349679235820830   0.2555110376232314
   0.3424802070499132   0.2322827825706780   0.2525648192892350
   0.3368883403456170   0.2294875667564475   0.2494021969181297
   0.3314113424194787   0.2266137124212766   0.2460725567936846
   0.3260714658684716   0.2236891410422864   0.2426203004401633
   0.3208865947773514   0.2207383223603033   0.2390848258827387
   0.3158706789415536   0.2177824137786750   0.2355006581924844
   0.3110341629198297   0.2148394505709697   0.2318976825331718
   0.3063843980328397   0.2119245668131318   0.2283014423453472
   0.3019260297035627   0.2090502317475604   0.2247334738167210
   0.2976613558392377   0.2062264903384382   0.2212116551152007
   0.2935906544189019   0.2034612000901445   0.2177505549300999
   0.2897124802209199   0.2007602588304999   0.2143617697352493
   0.2860239318402611   0.1981278201929863   0.2110542429821537
   0.2825208909296500   0.1955664950615255   0.2078345623091097
   0.2791982360576659   0.1930775383606058   0.2047072329748244
   0.2760500337968986   0.1906610213668162   0.2016749272435806
   0.2730697097052184   0.1883159902583108   0.1987387104965231
   0.2702502017964234   0.1860406119674184   0.1958982455327763
   0.2675840989531574   0.1838323086081067   0.1931519769470517
   0.2650637665445942   0.1816878818535589   0.1904972977008150
   0.2626814612949390   0.1796036286700614   0.1879307000994487
   0.2604294372206218   0.1775754497947045   0.1854479133921443
   0.2583000442233199   0.1755989522928715   0.1830440301574131
   0.2562858206979393   0.1736695474590500   0.1807136235491655
   0.2543795812917458   0.1717825452390900   0.1784508573732083
   0.2525745007331435   0.1699332462583322   0.1762495908531261
   0.2508641944348048   0.1681170324401783   0.1741034798346140
   0.2492427963634464   0.1663294570936040   0.1720060760716226
   0.2477050344543721   0.1645663352339641   0.1699509261361114
   0.2462463036294310   0.1628238347758171   0.1679316713931618
   0.2448627362486887   0.1610985690946674   0.1659421503793919
   0.2435512695856495   0.1593876912906663   0.1639765048074666
   0.2423097096607252   0.1576889902946784   0.1620292902830140
   0.2411367904964138   0.1560009887284069   0.1600955926501478
   0.2400322275705613   0.1543230421579024   0.1581711506635047
   0.2389967639436364   0.1526554390565651   0.1562524854016647
   0.2380322072276159   0.1509995004134577   0.1543370364708538
   0.2371414552570572   0.1493576774812405   0.1524233045798919
   0.2363285080309349   0.1477336456543497   0.1505109994788179
   0.2355984632358755   0.1461323919060526   0.1486011915280787
   0.2349574924624646   0.1445602926032056   0.1466964642909763
   0.2344127951174963   0.1430251778790814   0.1448010645158926
   0.2339725270536827   0.1415363781075726   0.1429210447059207
   0.2336457011268326   0.1401047474292842   0.1410643921890348
   0.2334420572945249   0.1387426587888169   0.1392411372525275
   0.2333719005354407   0.1374639646251127   0.1374634315712368
   0.2334459058354864   0.1362839172991067   0.1357455869543822
   0.2336748907849429   0.1352190436415187   0.1341040635118703
   0.2340695579698417   0.1342869687585868   0.1325573958844745
   0.2346402113014404   0.1335061855386866   0.1311260464083519
   0.2353964526524620   0.1328957682311890   0.1298321752208215
   0.2363468675531001   0.1324750310553994   0.1286993195769735
   0.2374987110867762   0.1322631360183834   0.1277519782041280
   0.2388576073060545   0.1322786578742561   0.1270151014511543
   0.2404272772092492   0.1325391182483119   0.1265134942308207
   0.2422093112976858   0.1330605050800140   0.1262711460598142
   0.2442030026936260   0.1338567973168796   0.1263105104102248
   0.2464052555010542   0.1349395177531914   0.1266517634120538
   0.2488105803822993   0.1363173385631759   0.1273120788097041
   0.2514111851795185   0.1379957639748486   0.1283049609808667
   0.2541971629754374   0.1399769123289364   0.1296396797840023
   0.2571567735934975   0.1422594153204839   0.1313208491853935
   0.2602768076953039   0.1448384456404486   0.1333481855398568
   0.2635430159969321   0.1477058759265984   0.1357164710619198
   0.2669405804220117   0.1508505625896487   0.1384157340150679
   0.2704545999439640   0.1542587386215420   0.1414316406491107
   0.2740705620215262   0.1579144909572793   0.1447460766086581
   0.2777747712561734   0.1618002913656055   0.1483378793884598
   0.2815547102579077   0.1658975460255420   0.1521836704028079
   0.2853993134342624   0.1701871284295918   0.1562587270466003
   0.2892991419511211   0.1746498631588028   0.1605378328613526
   0.2932464566555441   0.1792669340839834   0.1649960479258940
   0.2972351943768723   0.1840201989530880   0.1696093513924430
   0.3012608608089896   0.1888924021302458   0.1743551224621657
   0.3053203593211427   0.1938672873168747   0.1792124432663335
   0.3094117789651188   0.1989296212864680   0.1841622250359259
   0.3135341663439972   0.2040651470431840   0.1891871755663399
   0.3176873048854545   0.2092604896887398   0.1942716395633102
   0.3218715217039261   0.2145030403120594   0.1994013527295302
   0.3260875371471457   0.2197808424145811   0.2045631547612307
   0.3303363659545495   0.2250825020815775   0.2097447057378865
   0.3346192724150029   0.2303971378825881   0.2149342452370707
   0.3389377756783375   0.2357143800605818   0.2201204248594317
   0.3432936960285122   0.2410244217297099   0.2252922339505983
   0.3476892288938153   0.2463181182827671   0.2304390265031595
   0.3521270309004323   0.2515871256290181   0.2355506457945747
   0.3566103014359792   0.2568240636851071   0.2406176333483037
   0.3611428438796727   0.2620226889715389   0.2456315010838954
   0.3657290926441947   0.2671780592720993   0.2505850404942671
   0.3703740951413616   0.2722866739671836   0.2554726404609268
   0.3750834413686866   0.2773465755954683   0.2602905856964722
   0.3798631376591385   0.2823574010906849   0.2650373103657059
   0.3847194249231226   0.2873203746100202   0.2697135856187914
   0.3896585451848838   0.2922382375623219   0.2743226249579332
   0.3946864631961101   0.2971151150534905   0.2788700969684226
   0.3998085522947424   0.3019563212621010   0.2833640404810316
   0.4050292554316329   0.3067681090905464   0.2878146823280285
   0.4103517334286410   0.3115573717331838   0.2922341622812406
   0.4157775131099144   0.3163313055539313   0.2966361734192953
   0.4213061480305529   0.3210970449074098   0.3010355290692815
   0.4269349041819581   0.3258612803300371   0.3054476696830473
   0.4326584823399904   0.3306298719358439   0.3098881246512633
   0.4384687876853098   0.3354074699318777   0.3143719452397842
   0.4443547559951445   0.3401971539566741   0.3189131256360510
   0.4503022441023128   0.3450001024569236   0.3235240295576558
   0.4562939904577195   0.3498153025472952   0.3282148399909615
   0.4623096495396988   0.3546393097294544   0.3329930493416242
   0.4683259015644627   0.3594660654605824   0.3378630065096208
   0.4743166365236373   0.3642867788517316   0.3428255360613108
   0.4802532090877788   0.3690898767566989   0.3478776426913989
   0.4861047584708567   0.3738610242272050   0.3530123115222866
   0.4918385850680850   0.3785832148381720   0.3582184115126608
   0.4974205736828630   0.3832369278374547   0.3634807054478861
   0.5028156515671713   0.3878003465812680   0.3687799658386859
   0.5079882684142815   0.3922496304251378   0.3740931917956208
   0.5129028849338335   0.3965592302921306   0.3793939178430567
   0.5175244567389025   0.4007022366573352   0.3846526019597901
   0.5218189009714941   0.4046507477581052   0.3898370771285448
   0.5257535343335923   0.4083762455077710   0.3949130485305849
   0.5292974728862168   0.4118499668527102   0.3998446173441364
   0.5324219860138927   0.4150432591193591   0.4045948119175287
   0.5351007991983235   0.4179279091616246   0.4091261078252895
   0.5373103425751952   0.4204764377270580   0.4134009198404777
   0.5390299445465245   0.4226623522876898   0.4173820509808411
   0.5402419718946787   0.4244603535073851   0.4210330862963053
   0.5409319198279119   0.4258464924364076   0.4243187217479938
   0.5410884571462893   0.4267982773552082   0.4272050211947776
   0.5407034332457753   0.4272947308833995   0.4296595970022254
   0.5397718549973872   0.4273163995092358   0.4316517120197053
   0.5382918426884580   0.4268453190941474   0.4331523025853207
   0.5362645752497920   0.4258649412095408   0.4341339238168819
   0.5336942359801495   0.4243600264389523   0.4345706197778669
   0.5305879709859925   0.4223165121212252   0.4344377222603619
   0.5269558736462339   0.4197213635359747   0.4337115830327905
   0.5228110096485941   0.4165624193812380   0.4323692456327994
   0.5181694985731620   0.4128282447312482   0.4303880643712406
   0.5130506696451459   0.4085080076860914   0.4277452804465499
   0.5074773111330105   0.4035913998648625   0.4244175683376849
   0.5014760348649747   0.3980686260147366   0.4203805704619851
   0.4950777793238605   0.3919304946049407   0.4156084451328457
   0.4883184764714891   0.3851686496537604   0.4100734630262984
   0.4812399083616550   0.3777759944774641   0.4037457018204784
   0.4738907789417735   0.3697473707258906   0.3965929088524992
   0.4663280230113691   0.3610805709100695   0.3885806292625098
   0.4586183663108149   0.3517777790869092   0.3796727340435195
   0.4508401355952362   0.3418475510548006   0.3698325304187337
   0.4430852917885827   0.3313074595411593   0.3590246969566313
   0.4354616183195291   0.3201875364441661   0.3472183567123238
   0.4280949349311205   0.3085346350083562   0.3343916782164456
   0.4211311185771370   0.2964177972158611   0.3205384635845426
   0.4147375922856101   0.2839346275236256   0.3056772202889735
   0.4091037884595983   0.2712185195531893   0.2898631745773144
   0.4044399116030469   0.2584463299751976   0.2732035018270355
   0.4009731388353986   0.2458457189805346   0.2558756269629615
   0.3989402512114003   0.2337008714345263   0.2381476730028097
   0.3985756646558800   0.2223547097070416   0.2203989087224908
   0.4000940425832810   0.2122051150581095   0.2031363531640962
   0.4036672625518496   0.2036923049494135   0.1870017227384003
   0.4093965963093888   0.1972747057273987   0.1727611884238226
   0.4172825635143129   0.1933918222025493   0.1612699163964650
   0.4271968361528177   0.1924150599538328   0.1534053958548467
   0.4388622953370588   0.1945911629203750   0.1499692566275236
   0.4518480746391392   0.1999871790479924   0.1515667231635525
   0.4655853033370594   0.2084491664801570   0.1584840515564004
   0.4794058256181229   0.2195872804344455   0.1705929255486670
   0.4926008568131359   0.2327960146747766   0.1873115341453110
   0.5044908694456165   0.2473104177465920   0.2076416159981730
   0.5144941312911060   0.2622894165735900   0.2302808624816516
   0.5221809953392931   0.2769096810263402   0.2537879515069207
   0.5273046057416844   0.2904509575042069   0.2767625217109442
   0.5298047852909321   0.3023573710612304   0.2980007962253495
   0.5297881786676673   0.3122669819269929   0.3165988771116579
   0.5274921382054621   0.3200104915061315   0.3319937234519103
   0.5232413863335140   0.3255863898854118   0.3439486444903690
   0.5174054746472994   0.3291226182230713   0.3525004522788038
   0.5103625568461363   0.3308343100762121   0.3578880398369534
   0.5024721706479504   0.3309846863925043   0.3604790616327939
   0.4940573947973783   0.3298531250047655   0.3607056905243254
   0.4853952480473285   0.3277117863839582   0.3590146896303701
   0.4767134986306654   0.3248103764948539   0.3558326805580000
   0.4681919433219859   0.3213676720379052   0.3515448709448316
   0.4599664483958600   0.3175681219666123   0.3464843608640387
   0.4521344207064646   0.3135619248029911   0.3409289952205370
   0.4447607662843127   0.3094672576918468   0.3351031105917124
   0.4378837293450560   0.3053736619037997   0.3291821090035237
   0.4315202629204284   0.3013458939700808   0.3232983808950047
   0.4256707647759059   0.2974277992236651   0.3175476009599164
   0.4203231314507017   0.2936459489987030   0.3119948047132622
   0.4154561547192213   0.2900129109711951   0.3066799261063567
   0.4110423229111347   0.2865301057460700   0.3016226572943858
   0.4070501059047082   0.2831902537234432   0.2968266037633763
   0.4034458057409883   0.2799794447041392   0.2922827721115810
   0.4001950505548612   0.2768788765151326   0.2879724602754852
   0.3972640016729075   0.2738663138540272   0.2838696329733847
   0.3946203345751000   0.2709173184646928   0.2799428669950840
   0.3922340452120773   0.2680062991827153   0.2761569472280412
   0.3900781244853964   0.2651074268523150   0.2724741884444244
   0.3881291356771276   0.2621954554434039   0.2688555519135510
   0.3863677221367654   0.2592464872390237   0.2652616209204547
   0.3847790653232444   0.2562387167406948   0.2616534956941883
   0.3833533059994282   0.2531531847353071   0.2579936660714316
   0.3820859335895299   0.2499745703764894   0.2542469191031219
   0.3809781400401147   0.2466920445826066   0.2503813381142051
   0.3800371246166758   0.2433002018070465   0.2463694484789872
   0.3792763246616515   0.2398000784023220   0.2421895622035958
   0.3787155343591139   0.2362002533542015   0.2378273664414811
   0.3783808592234035   0.2325180100204192   0.2332777878554134
   0.3783044390523722   0.2287805146713499   0.2285471422316147
   0.3785238578395623   0.2250259384483116   0.2236555434436505
   0.3790811479112160   0.2213044139486365   0.2186394942133015
   0.3800212907359176   0.2176786774973863   0.2135545103958957
   0.3813901230121366   0.2142242068623010   0.2084775402541719
   0.3832315793030702   0.2110286281883757   0.2035088342496320
   0.3855842474840150   0.2081901452059080   0.1987728100961756
   0.3884772853857640   0.2058147516243980   0.1944173625253691
   0.3919258479299994   0.2040120394921348   0.1906110186407610
   0.3959262996103234   0.2028895266141703   0.1875373784444461
   0.4004516246438967   0.2025456031169096   0.1853864493533461
   0.4054475734581461   0.2030614361124103   0.1843428160991130
   0.4108301668574217   0.2044924475231286   0.1845710867769246
   0.4164851811286935   0.2068602455129126   0.1861996759670664
   0.4222701263708141   0.2101460769455504   0.1893046191932579
   0.4280189921792797   0.2142869030968233   0.1938955976883667
   0.4335496852254268   0.2191750266648460   0.1999065076950534
   0.4386736737323287   0.2246618013531426   0.2071925948326080
   0.4432069655904043   0.2305653840695058   0.2155353599645244
   0.4469812715547870   0.2366818531853424   0.2246552473626612
   0.4498541170244197   0.2427984590055606   0.2342308069778560
   0.4517167964715710   0.2487074309325665   0.2439219059795640
   0.4524993887149039   0.2542187221068040   0.2533939346652677
   0.4521724945233859   0.2591703273597755   0.2623399519649480
   0.4507458205553666   0.2634352859847776   0.2704983045517813
   0.4482641208506167   0.2669250505786542   0.2776642323297108
   0.4448012555286038   0.2695894356974137   0.2836950680963801
   0.4404532152553643   0.2714137571591690   0.2885095970080261
   0.4353309077107977   0.2724139890674747   0.2920827976627681
   0.4295533518745850   0.2726308068034087   0.2944374888015900
   0.4232417283137234   0.2721232913418877   0.2956343953956009
   0.4165145334548937   0.2709628986759208   0.2957619207228260
   0.4094839138717910   0.2692281001598422   0.2949265749312543
   0.4022531283644318   0.2669999141140130   0.2932446566802326
   0.3949150037811931   0.2643583985892981   0.2908354735350760
   0.3875512095320403   0.2613800679191884   0.2878161487381702
   0.3802321659596417   0.2581361297027992   0.2842979026140774
   0.3730174128509857   0.2546914067900576   0.2803836070790400
   0.3659562873238423   0.2511038014372772   0.2761663756125108
   0.3590887881743601   0.2474241672740536   0.2717289516398056
   0.3524465318183685   0.2436964718935713   0.2671436807788938
   0.3460537304105327   0.2399581535246835   0.2624728855148230
   0.3399281442402590   0.2362405959526293   0.2577694968412149
   0.3340819777177953   0.2325696646631850   0.2530778315273066
   0.3285227014039986   0.2289662631738016   0.2484344334723269
   0.3232537921304547   0.2254468814491577   0.2438689221734908
   0.3182753899401350   0.2220241183427238   0.2394048106782066
   0.3135848749835615   0.2187071675268999   0.2350602700408865
   0.3091773701950604   0.2155022618099879   0.2308488280020062
   0.3050461770192942   0.2124130745215247   0.2267799971324293
   0.3011831520352097   0.2094410791659471   0.2228598327615788
   0.2975790323205020   0.2065858701245759   0.2190914242533795
   0.2942237170278446   0.2038454480901918   0.2154753251139344
   0.2911065120573147   0.2012164743515137   0.2120099284057739
   0.2882163440136588   0.1986944981609929   0.2086917943065013
   0.2855419489027874   0.1962741613321953   0.2055159366078854
   0.2830720402934432   0.1939493840038886   0.2024760746661640
   0.2807954609728009   0.1917135352332480   0.1995648568990656
   0.2787013214707767   0.1895595917777892   0.1967740614575592
   0.2767791282196629   0.1874802881179806   0.1940947792317101
   0.2750189035495194   0.1854682604724684   0.1915175839117533
   0.2734112991873016   0.1835161872696805   0.1890326934345624
   0.2719477044179471   0.1816169282610727   0.1866301268079880
   0.2706203495656875   0.1797636641848579   0.1842998600181266
   0.2694224049500729   0.1779500386026193   0.1820319844768338
   0.2683480749498630   0.1761703032185093   0.1798168712409548
   0.2673926862563178   0.1744194676317643   0.1776453440056391
   0.2665527688047428   0.1726934540446728   0.1755088636087906
   0.2658261272321111   0.1709892569236603   0.1733997264406851
   0.2652119000170681   0.1693051069628236   0.1713112786814845
   0.2647106027220306   0.1676406378986952   0.1692381476299602
   0.2643241509909999   0.1659970537461987   0.1671764904708387
   0.2640558581901568   0.1643772928484175   0.1651242595811353
   0.2639104018572296   0.1627861837475707   0.1630814818210538
   0.2638937525163528   0.1612305862996993   0.1610505471216041
   0.2640130580073342   0.1597195097050760   0.1590364990153623
   0.2642764763864203   0.1582641972800300   0.1570473165388489
   0.2646929508182614   0.1568781659695177   0.1550941732005308
   0.2652719208533704   0.1555771869650858   0.1531916545754737
