-0.013706053
-0.035915685
-0.063867278
-0.09783668499999999
-0.1379331199999999
-0.18408224
-0.23600756
-0.29321013
-0.3549466199999999
-0.42020727
-0.48769569
-0.5558142
-0.622659
-0.68603104
-0.74346861
-0.79230786
-0.8297762199999999
-0.8531212200000001
-0.8597733699999999
-0.84753644
-0.81479237
-0.76070213
-0.68537877
-0.5900071399999999
-0.47688654
-0.34937918
-0.21175801
-0.068961409
0.073723995
0.2110193799999999
0.3380092299999999
0.4504569499999999
0.5450478399999999
0.61953853
0.67280578
0.70480147
0.71643122
0.70938034
0.6859128199999999
0.64866655
0.6004633
0.54414571
0.48244754
0.41789823
0.35275906
0.28898593
0.22821272
0.1717492999999999
0.12058913
0.075422368
0.036651792
0.0044100016
-0.02142254299999999
-0.04119840499999999
-0.05548226299999999
-0.065027315
-0.070748235
-0.07369020199999999
-0.074993931
-0.07585712299999999
-0.077493137
-0.081088004
-0.08775703500000001
-0.098502261
-0.11417173
-0.13542144
-0.16268029
-0.19611825
-0.23561785
-0.28074901
-0.33074792
-0.3845012
-0.44053745
-0.4970296
-0.5518124
-0.6024201900000001
-0.64615051
-0.6801581900000001
-0.70158277
-0.70770872
-0.69615321
-0.66507011
-0.61335339
-0.54081731
-0.44832871
-0.3378672
-0.21249466
-0.076225462
0.066198462
0.20960909
0.34876
0.47868212
0.59500807
0.69423087
0.77387368
0.83256031
0.86999051
0.88683511
0.88457341
0.8652981300000001
0.8315118200000001
0.78593429
0.73133497
0.67039789
0.60562156
0.53925207
0.4732448
0.40924889
0.3486085
0.29237495
0.24132532
0.1959838
0.15664349
0.12338726
0.09610723599999999
0.074522975
0.05819892799999999
0.046561791
0.038918515
0.03447548799999999
0.032359206
0.03163844899999999
0.03134771699999999
0.030511422
0.028168217
0.023394777
0.015328422
0.0031881586