-0.02010066699999999
-0.021483602
-0.024552491
-0.030196983
-0.039242256
-0.05242778699999999
-0.07038746599999999
-0.09363097099999999
-0.1225260599999999
-0.15728125
-0.19792829
-0.24430378
-0.29602979
-0.3524934399999999
-0.41282644
-0.47588614
-0.54024094
-0.6041638
-0.66563865
-0.72238533
-0.7719085
-0.81157586
-0.83872848
-0.8508236200000001
-0.84560555
-0.8212947700000001
-0.77678021
-0.71179398
-0.6270455400000001
-0.52429205
-0.4063262899999999
-0.27687188
-0.14038736
-0.0017936265
0.13384887
0.2616785199999999
0.37734952
0.47729388
0.55890364
0.62062105
0.6619370199999999
0.68330971
0.68602276
0.67200649
0.64364466
0.60358661
0.55457871
0.49932399
0.44037322
0.3800467499999999
0.3203834899999999
0.26311216
0.20963927
0.16104896
0.1181106599999999
0.081291554
0.05077228699999999
0.026464893
0.008033117300000001
-0.0050845614
-0.013648577
-0.01858812099999999
-0.02096698
-0.02194556099999999
-0.02273973799999999
-0.024577499
-0.028654649
-0.036090843
-0.04788717199999999
-0.064886234
-0.08773525899999999
-0.11685253
-0.15239701
-0.19424092
-0.2419453799999999
-0.2947391699999999
-0.35150204
-0.41075443
-0.4706571699999999
-0.5290254799999999
-0.58336295
-0.63092128
-0.66879113
-0.69402775
-0.70381133
-0.69563757
-0.6675276700000001
-0.6182406799999999
-0.5474653499999999
-0.45596552
-0.34565342
-0.21957034
-0.081763999
0.06293456299999999
0.2092171
0.3516563999999999
0.4850773399999999
0.6048990500000001
0.7074113699999999
0.7899598000000001
0.85102688
0.8902131900000001
0.9081329
0.9062474099999999
0.8866635499999999
0.8519216300000001
0.80479456
0.74811263
0.6846224699999999
0.61688285
0.54719543
0.47756596
0.4096895199999999
0.34495358
0.28445249
0.22900862
0.1791960599999999
0.13536422
0.097659882
0.06604678399999999
0.04032309299999999
0.020137075
0.005001867
-0.005689792899999999
-0.012650076
-0.016679203
-0.018646878
-0.01947196799999999