       0.35281810       0.25337395       0.24635379
       0.35422705       0.25470046       0.24763965
       0.35564128       0.25600033       0.24892746
       0.35705501       0.25726854       0.25021271
       0.35846239       0.25849988       0.25149065
       0.35985745       0.25968890       0.25275620
       0.36123418       0.26082999       0.25400403
       0.36258651       0.26191729       0.25522851
       0.36390834       0.26294475       0.25642371
       0.36519355       0.26390606       0.25758339
       0.36643601       0.26479473       0.25870096
       0.36762964       0.26560396       0.25976946
       0.36876839       0.26632676       0.26078153
       0.36984630       0.26695581       0.26172937
       0.37085753       0.26748358       0.26260470
       0.37179643       0.26790220       0.26339871
       0.37265755       0.26820357       0.26410203
       0.37343572       0.26837928       0.26470466
       0.37412614       0.26842067       0.26519598
       0.37472444       0.26831884       0.26556466
       0.37522679       0.26806466       0.26579864
       0.37562999       0.26764885       0.26588515
       0.37593162       0.26706198       0.26581061
       0.37613015       0.26629462       0.26556069
       0.37622511       0.26533735       0.26512031
       0.37621725       0.26418093       0.26447365
       0.37610875       0.26281646       0.26360421
       0.37590338       0.26123549       0.26249492
       0.37560679       0.25943030       0.26112824
       0.37522670       0.25739412       0.25948635
       0.37477316       0.25512144       0.25755135
       0.37425885       0.25260834       0.25530562
       0.37369933       0.24985298       0.25273213
       0.37311334       0.24685597       0.24981503
       0.37252303       0.24362100       0.24654014
       0.37195426       0.24015541       0.24289583
       0.37143678       0.23647089       0.23887384
       0.37100440       0.23258423       0.23447042
       0.37069505       0.22851811       0.22968762
       0.37055075       0.22430192       0.22453479
       0.37061741       0.21997263       0.21903029
       0.37094441       0.21557556       0.21320337
       0.37158399       0.21116507       0.20709622
       0.37259031       0.20680507       0.20076606
       0.37401815       0.20256927       0.19428717
       0.37592132       0.19854102       0.18775270
       0.37835056       0.19481263       0.18127604
       0.38135109       0.19148409       0.17499143
       0.38495983       0.18866096       0.16905351
       0.38920231       0.18645145       0.16363544
       0.39408944       0.18496253       0.15892529
       0.39961435       0.18429530       0.15512043
       0.40574960       0.18453949       0.15241971
       0.41244493       0.18576759       0.15101368
       0.41962600       0.18802894       0.15107311
       0.42719445       0.19134417       0.15273661
       0.43502928       0.19570083       0.15609823
       0.44299002       0.20105046       0.16119658
       0.45092139       0.20730796       0.16800649
       0.45865934       0.21435325       0.17643474
       0.46603808       0.22203562       0.18632059
       0.47289762       0.23018028       0.19744160
       0.47909109       0.23859678       0.20952437
       0.48449132       0.24708851       0.22225936
       0.48899612       0.25546238       0.23531819
       0.49253184       0.26353793       0.24837187
       0.49505507       0.27115499       0.26110794
       0.49655247       0.27817942       0.27324527
       0.49703895       0.28450665       0.28454514
       0.49655447       0.29006308       0.29481833
       0.49515995       0.29480545       0.30392802
       0.49293268       0.29871851       0.31178902
       0.48996162       0.30181170       0.31836407
       0.48634284       0.30411499       0.32365799
       0.48217554       0.30567448       0.32771063
       0.47755854       0.30654811       0.33058930
       0.47258748       0.30680162       0.33238149
       0.46735271       0.30650501       0.33318799
       0.46193777       0.30572966       0.33311707
       0.45641840       0.30454587       0.33227950
       0.45086208       0.30302113       0.33078472
       0.44532789       0.30121877       0.32873786
       0.43986667       0.29919712       0.32623770
       0.43452137       0.29700902       0.32337524
       0.42932758       0.29470155       0.32023302
       0.42431411       0.29231609       0.31688473
       0.41950361       0.28988846       0.31339528
       0.41491325       0.28744918       0.30982107
       0.41055532       0.28502381       0.30621045
       0.40643788       0.28263338       0.30260425
       0.40256526       0.28029472       0.29903644
       0.39893864       0.27802091       0.29553470
       0.39555651       0.27582168       0.29212109
       0.39241510       0.27370374       0.28881261
       0.38950877       0.27167117       0.28562182
       0.38683032       0.26972571       0.28255731
       0.38437138       0.26786709       0.27962423
       0.38212258       0.26609329       0.27682467
       0.38007386       0.26440075       0.27415811
       0.37821465       0.26278466       0.27162177
       0.37653406       0.26123912       0.26921088
       0.37502107       0.25975730       0.26691901
       0.37366462       0.25833167       0.26473830
       0.37245381       0.25695407       0.26265969
       0.37137795       0.25561592       0.26067310
       0.37042672       0.25430830       0.25876766
       0.36959023       0.25302207       0.25693178
       0.36885911       0.25174796       0.25515339
       0.36822460       0.25047674       0.25341999
       0.36767865       0.24919923       0.25171880
       0.36721393       0.24790643       0.25003688
       0.36682395       0.24658964       0.24836120
       0.36650314       0.24524052       0.24667878
       0.36624685       0.24385120       0.24497675
       0.36605151       0.24241439       0.24324250
       0.36591461       0.24092348       0.24146374
       0.36583484       0.23937267       0.23962866
       0.36581210       0.23775711       0.23772607
       0.36584761       0.23607303       0.23574553
       0.36594395       0.23431788       0.23367755
       0.36610511       0.23249055       0.23151380
       0.36633655       0.23059153       0.22924733
       0.36664522       0.22862309       0.22687286
       0.36703962       0.22658952       0.22438712
       0.36752971       0.22449734       0.22178914
       0.36812696       0.22235553       0.21908071
       0.36884421       0.22017576       0.21626680
       0.36969558       0.21797256       0.21335602
       0.37069627       0.21576357       0.21036109
       0.37186232       0.21356961       0.20729943
       0.37321030       0.21141485       0.20419355
       0.37475687       0.20932675       0.20107158
       0.37651830       0.20733603       0.19796761
       0.37850985       0.20547642       0.19492197
       0.38074514       0.20378433       0.19198131
       0.38323531       0.20229826       0.18919848
       0.38598821       0.20105815       0.18663209
       0.38900750       0.20010439       0.18434574
       0.39229174       0.19947670       0.18240687
       0.39583352       0.19921283       0.18088515
       0.39961866       0.19934703       0.17985045
       0.40362557       0.19990850       0.17937037
       0.40782478       0.20091974       0.17950743
       0.41217878       0.20239496       0.18031598
       0.41664216       0.20433865       0.18183910
       0.42116210       0.20674446       0.18410549
       0.42567928       0.20959432       0.18712680
       0.43012914       0.21285825       0.19089543
       0.43444349       0.21649447       0.19538321
       0.43855241       0.22045027       0.20054099
       0.44238633       0.22466332       0.20629933
       0.44587819       0.22906361       0.21257028
       0.44896554       0.23357563       0.21925019
       0.45159252       0.23812101       0.22622339
       0.45371148       0.24262109       0.23336654
       0.45528432       0.24699960       0.24055320
       0.45628330       0.25118499       0.24765848
       0.45669150       0.25511254       0.25456341
       0.45650275       0.25872594       0.26115871
       0.45572119       0.26197842       0.26734780
       0.45436048       0.26483341       0.27304908
       0.45244271       0.26726464       0.27819711
       0.44999714       0.26925591       0.28274314
       0.44705887       0.27080038       0.28665476
       0.44366742       0.27189977       0.28991492
       0.43986539       0.27256318       0.29252057
       0.43569722       0.27280597       0.29448085
       0.43120805       0.27264856       0.29581522
       0.42644274       0.27211523       0.29655149
       0.42144509       0.27123304       0.29672387
       0.41625715       0.27003085       0.29637124
       0.41091874       0.26853845       0.29553551
       0.40546713       0.26678582       0.29426023
       0.39993676       0.26480257       0.29258942
       0.39435914       0.26261741       0.29056661
       0.38876281       0.26025784       0.28823407
       0.38317340       0.25774985       0.28563229
       0.37761366       0.25511777       0.28279949
       0.37210367       0.25238416       0.27977141
       0.36666092       0.24956974       0.27658116
       0.36130054       0.24669342       0.27325909
       0.35603544       0.24377234       0.26983286
       0.35087653       0.24082191       0.26632749
       0.34583290       0.23785590       0.26276541
       0.34091196       0.23488654       0.25916669
       0.33611967       0.23192462       0.25554910
       0.33146067       0.22897958       0.25192830
       0.32693840       0.22605964       0.24831800
       0.32255529       0.22317189       0.24473015
       0.31831287       0.22032240       0.24117504
       0.31421184       0.21751627       0.23766149
       0.31025225       0.21475780       0.23419700
       0.30643354       0.21205051       0.23078786
       0.30275461       0.20939723       0.22743925
       0.29921397       0.20680019       0.22415544
       0.29580973       0.20426106       0.22093979
       0.29253968       0.20178105       0.21779492
       0.28940138       0.19936091       0.21472276
       0.28639216       0.19700105       0.21172465
       0.28350918       0.19470150       0.20880140
       0.28074948       0.19246205       0.20595333
       0.27810999       0.19028221       0.20318038
       0.27558758       0.18816127       0.20048214
       0.27317907       0.18609835       0.19785785
       0.27088127       0.18409241       0.19530654
       0.26869098       0.18214229       0.19282696
       0.26660503       0.18024672       0.19041771
       0.26462029       0.17840434       0.18807721
       0.26273367       0.17661377       0.18580375
       0.26094217       0.17487355       0.18359553
       0.25924283       0.17318223       0.18145065
       0.25763283       0.17153836       0.17936718
       0.25610943       0.16994049       0.17734315
       0.25466998       0.16838721       0.17537656
       0.25331199       0.16687718       0.17346545
       0.25203306       0.16540909       0.17160785
       0.25083096       0.16398174       0.16980188
       0.24970358       0.16259400       0.16804568
       0.24864895       0.16124485       0.16633751
       0.24766527       0.15993340       0.16467570
       0.24675088       0.15865887       0.16305870
       0.24590427       0.15742065       0.16148510
       0.24512412       0.15621826       0.15995365
       0.24440924       0.15505140       0.15846323
       0.24375860       0.15391992       0.15701293
       0.24317133       0.15282388       0.15560202
       0.24264672       0.15176351       0.15422999
       0.24218420       0.15073924       0.15289655
       0.24178334       0.14975172       0.15160166
       0.24144385       0.14880177       0.15034549
       0.24116555       0.14789046       0.14912853
       0.24094838       0.14701902       0.14795150
       0.24079239       0.14618892       0.14681541
       0.24069768       0.14540182       0.14572154
       0.24066444       0.14465958       0.14467147
       0.24069291       0.14396422       0.14366707
       0.24078333       0.14331795       0.14271047
       0.24093596       0.14272314       0.14180407
       0.24115104       0.14218229       0.14095055
       0.24142875       0.14169800       0.14015281
       0.24176922       0.14127297       0.13941398
       0.24217245       0.14090996       0.13873738
       0.24263834       0.14061176       0.13812647
       0.24316664       0.14038113       0.13758486
       0.24375690       0.14022081       0.13711621
       0.24440849       0.14013345       0.13672421
       0.24512056       0.14012155       0.13641254
       0.24589201       0.14018748       0.13618476
       0.24672151       0.14033336       0.13604432
       0.24760744       0.14056110       0.13599443
       0.24854793       0.14087229       0.13603804
       0.24954084       0.14126819       0.13617775
       0.25058375       0.14174973       0.13641576
       0.25167401       0.14231741       0.13675380
       0.25280873       0.14297133       0.13719310
       0.25398481       0.14371119       0.13773428
       0.25519896       0.14453621       0.13837739
       0.25644778       0.14544518       0.13912184
       0.25772775       0.14643646       0.13996636
       0.25903528       0.14750801       0.14090904
       0.26036682       0.14865736       0.14194731
       0.26171882       0.14988169       0.14307797
       0.26308788       0.15117786       0.14429722
       0.26447073       0.15254246       0.14560073
       0.26586432       0.15397183       0.14698366
       0.26726585       0.15546218       0.14844078
       0.26867284       0.15700958       0.14996653
       0.27008316       0.15861005       0.15155510
       0.27149505       0.16025966       0.15320055
       0.27290717       0.16195452       0.15489690
       0.27431862       0.16369089       0.15663822
       0.27572891       0.16546521       0.15841875
       0.27713803       0.16727415       0.16023294
       0.27854637       0.16911465       0.16207559
       0.27995476       0.17098393       0.16394191
       0.28136442       0.17287957       0.16582755
       0.28277692       0.17479946       0.16772869
       0.28419419       0.17674182       0.16964203
       0.28561840       0.17870523       0.17156487
       0.28705197       0.18068859       0.17349507
       0.28849750       0.18269108       0.17543106
       0.28995771       0.18471217       0.17737180
       0.29143540       0.18675157       0.17931680
       0.29293339       0.18880921       0.18126602
       0.29445445       0.19088516       0.18321984
       0.29600127       0.19297962       0.18517901
       0.29757641       0.19509288       0.18714457
       0.29918226       0.19722526       0.18911780
       0.30082100       0.19937706       0.19110015
       0.30249458       0.20154856       0.19309314
       0.30420465       0.20373993       0.19509835
       0.30595261       0.20595126       0.19711731
       0.30773955       0.20818247       0.19915149
       0.30956625       0.21043334       0.20120219
       0.31143318       0.21270348       0.20327057
       0.31334050       0.21499228       0.20535756
       0.31528809       0.21729897       0.20746385
       0.31727550       0.21962257       0.20958990
       0.31930203       0.22196191       0.21173589
       0.32136673       0.22431565       0.21390174
       0.32346836       0.22668225       0.21608713
       0.32560548       0.22906004       0.21829147
       0.32777644       0.23144721       0.22051399
       0.32997939       0.23384182       0.22275366
       0.33221229       0.23624183       0.22500932
       0.33447293       0.23864512       0.22727965
       0.33675898       0.24104950       0.22956321
       0.33906792       0.24345273       0.23185848
       0.34139711       0.24585256       0.23416388
       0.34374379       0.24824668       0.23647780
       0.34610503       0.25063280       0.23879861
       0.34847779       0.25300863       0.24112472
       0.35085887       0.25537185       0.24345456
       0.35324493       0.25772016       0.24578658
       0.35563248       0.26005126       0.24811931
       0.35801783       0.26236283       0.25045130
       0.36039713       0.26465253       0.25278116
       0.36276634       0.26691799       0.25510752
       0.36512121       0.26915680       0.25742903
       0.36745725       0.27136646       0.25974433
       0.36976976       0.27354441       0.26205206
       0.37205379       0.27568796       0.26435075
       0.37430414       0.27779432       0.26663890
       0.37651534       0.27986052       0.26891484
       0.37868167       0.28188344       0.27117676
       0.38079715       0.28385975       0.27342266
       0.38285553       0.28578593       0.27565030
       0.38485030       0.28765819       0.27785716
       0.38677471       0.28947255       0.28004044
       0.38862179       0.29122471       0.28219697
       0.39038434       0.29291013       0.28432324
       0.39205497       0.29452400       0.28641532
       0.39362612       0.29606121       0.28846888
       0.39509009       0.29751637       0.29047915
       0.39643910       0.29888381       0.29244090
       0.39766527       0.30015759       0.29434843
       0.39876069       0.30133152       0.29619561
       0.39971749       0.30239916       0.29797582
       0.40052782       0.30335382       0.29968199
       0.40118397       0.30418863       0.30130662
       0.40167834       0.30489654       0.30284178
       0.40200355       0.30547033       0.30427913
       0.40215249       0.30590267       0.30560997
       0.40211830       0.30618615       0.30682526
       0.40189452       0.30631330       0.30791565
       0.40147507       0.30627662       0.30887150
       0.40085432       0.30606866       0.30968297
       0.40002714       0.30568202       0.31034001
       0.39898898       0.30510940       0.31083245
       0.39773587       0.30434365       0.31114999
       0.39626448       0.30337781       0.31128230
       0.39457222       0.30220515       0.31121901
       0.39265720       0.30081920       0.31094981
       0.39051837       0.29921382       0.31046444
       0.38815551       0.29738324       0.30975276
       0.38556929       0.29532209       0.30880479
       0.38276135       0.29302545       0.30761073
       0.37973430       0.29048891       0.30616105
       0.37649184       0.28770864       0.30444644
       0.37303877       0.28468142       0.30245794
       0.36938110       0.28140470       0.30018695
       0.36552604       0.27787669       0.29762525
       0.36148218       0.27409645       0.29476508
       0.35725946       0.27006393       0.29159921
       0.35286932       0.26578011       0.28812098
       0.34832480       0.26124707       0.28432440
       0.34364056       0.25646816       0.28020423
       0.33883305       0.25144810       0.27575612
       0.33392060       0.24619318       0.27097674
       0.32892348       0.24071138       0.26586397
       0.32386408       0.23501261       0.26041706
       0.31876692       0.22910894       0.25463693
       0.31365885       0.22301481       0.24852645
       0.30856902       0.21674730       0.24209078
       0.30352904       0.21032644       0.23533776
       0.29857293       0.20377549       0.22827842
       0.29373716       0.19712123       0.22092747
       0.28906058       0.19039431       0.21330393
       0.28458429       0.18362953       0.20543180
       0.28035142       0.17686612       0.19734072
       0.27640687       0.17014795       0.18906681
       0.27279685       0.16352369       0.18065337
       0.26956834       0.15704688       0.17215166
       0.26676842       0.15077580       0.16362156
       0.26444338       0.14477328       0.15513215
       0.26263773       0.13910614       0.14676201
       0.26139301       0.13384453       0.13859926
       0.26074650       0.12906087       0.13074128
       0.26072973       0.12482852       0.12329376
       0.26136699       0.12122014       0.11636938
       0.26267383       0.11830568       0.11008564
       0.26465555       0.11615016       0.10456208
       0.26730596       0.11481122       0.09991676
       0.27060628       0.11433650       0.09626219
       0.27452451       0.11476120       0.09370061
       0.27901520       0.11610570       0.09231926
       0.28401982       0.11837365       0.09218549
       0.28946762       0.12155056       0.09334241
       0.29527721       0.12560317       0.09580539
       0.30135858       0.13047956       0.09955955
       0.30761562       0.13611021       0.10455894
       0.31394899       0.14240990       0.11072718
       0.32025906       0.14928033       0.11795985
       0.32644888       0.15661339       0.12612841
       0.33242691       0.16429473       0.13508533
       0.33810931       0.17220748       0.14467004
       0.34342183       0.18023583       0.15471529
       0.34830104       0.18826820       0.16505327
       0.35269497       0.19619996       0.17552123
       0.35656327       0.20393543       0.18596611
       0.35987678       0.21138923       0.19624810
       0.36261682       0.21848705       0.20624295
       0.36477416       0.22516571       0.21584313
       0.36634783       0.23137291       0.22495799
       0.36734392       0.23706651       0.23351310
       0.36777442       0.24221369       0.24144902
       0.36765612       0.24678996       0.24871975
       0.36700965       0.25077813       0.25529097
       0.36585871       0.25416739       0.26113839
       0.36422938       0.25695242       0.26624610
       0.36214963       0.25913260       0.27060524
       0.35964887       0.26071136       0.27421277
       0.35675769       0.26169560       0.27707050
       0.35350756       0.26209520       0.27918432
       0.34993068       0.26192262       0.28056348
       0.34605981       0.26119246       0.28122012
       0.34192815       0.25992121       0.28116875
       0.33756926       0.25812687       0.28042589
       0.33301694       0.25582871       0.27900962
       0.32830522       0.25304701       0.27693925
       0.32346831       0.24980280       0.27423496
       0.31854060       0.24611773       0.27091744
       0.31355667       0.24201385       0.26700758
       0.30855140       0.23751354       0.26252621
       0.30356002       0.23263949       0.25749383
       0.29861826       0.22741464       0.25193043
       0.29376257       0.22186234       0.24585544
       0.28903027       0.21600652       0.23928767
       0.28445984       0.20987192       0.23224545
       0.28009119       0.20348447       0.22474691
       0.27596593       0.19687177       0.21681033
       0.27212768       0.19006365       0.20845479
       0.26862237       0.18309287       0.19970096
       0.26549842       0.17599588       0.19057212
       0.26280700       0.16881374       0.18109547
       0.26060206       0.16159305       0.17130373
       0.25894024       0.15438702       0.16123700
       0.25788067       0.14725644       0.15094492
       0.25748437       0.14027069       0.14048907
       0.25781346       0.13350856       0.12994562
       0.25892986       0.12705884       0.11940796
       0.26089369       0.12102048       0.10898929
       0.26376101       0.11550228       0.09882486
       0.26758116       0.11062179       0.08907349
       0.27239355       0.10650338       0.07991800
       0.27822399       0.10327516       0.07156404
       0.28508079       0.10106482       0.06423693
       0.29295072       0.09999423       0.05817589
       0.30179527       0.10017301       0.05362549
       0.31154750       0.10169126       0.05082426
       0.32210994       0.10461191       0.04999066
       0.33335398       0.10896345       0.05130734
       0.34512115       0.11473359       0.05490475
       0.35722646       0.12186488       0.06084591
       0.36946395       0.13025295       0.06911415
       0.38161413       0.13974787       0.07960569
       0.39345297       0.15015898       0.09212858
       0.40476165       0.16126293       0.10640864
       0.41533631       0.17281431       0.12210243
       0.42499692       0.18455797       0.13881595
       0.43359451       0.19624173       0.15612728
       0.44101615       0.20762845       0.17361060
       0.44718751       0.21850619       0.19085915
       0.45207279       0.22869588       0.20750488
       0.45567260       0.23805607       0.22323331
       0.45801986       0.24648462       0.23779284
       0.45917468       0.25391785       0.25099841
       0.45921843       0.26032757       0.26273033
       0.45824787       0.26571657       0.27292917
       0.45636945       0.27011336       0.28158800
       0.45369433       0.27356655       0.28874325
       0.45033414       0.27613944       0.29446500
       0.44639761       0.27790511       0.29884781
       0.44198806       0.27894215       0.30200231
       0.43720164       0.27933116       0.30404812
       0.43212626       0.27915198       0.30510806
       0.42684103       0.27848167       0.30530365
       0.42141620       0.27739305       0.30475189
       0.41591330       0.27595378       0.30356294
       0.41038562       0.27422587       0.30183876
       0.40487875       0.27226541       0.29967236
       0.39943122       0.27012267       0.29714758
       0.39407518       0.26784228       0.29433920
       0.38883711       0.26546350       0.29131334
       0.38373840       0.26302061       0.28812797
       0.37879601       0.26054330       0.28483355
       0.37402304       0.25805709       0.28147369
       0.36942918       0.25558372       0.27808578
       0.36502123       0.25314150       0.27470167
       0.36080347       0.25074572       0.27134826
       0.35677802       0.24840894       0.26804803
       0.35294520       0.24614131       0.26481956
       0.34930374       0.24395084       0.26167802
       0.34585105       0.24184361       0.25863552
       0.34258348       0.23982407       0.25570151
       0.33949642       0.23789515       0.25288312
       0.33658452       0.23605851       0.25018542
       0.33384181       0.23431464       0.24761167
       0.33126182       0.23266305       0.24516357
       0.32883769       0.23110238       0.24284147
       0.32656228       0.22963050       0.24064450
       0.32442823       0.22824464       0.23857079
       0.32242800       0.22694146       0.23661757
       0.32055403       0.22571717       0.23478130
       0.31879867       0.22456754       0.23305782
       0.31715432       0.22348804       0.23144241
       0.31561341       0.22247386       0.22992988
       0.31416849       0.22151995       0.22851470
       0.31281220       0.22062113       0.22719102
       0.31153733       0.21977205       0.22595275
       0.31033682       0.21896730       0.22479361
       0.30920380       0.21820139       0.22370722
       0.30813160       0.21746883       0.22268707
       0.30711372       0.21676409       0.22172662
       0.30614390       0.21608170       0.22081930
       0.30521609       0.21541618       0.21995853
       0.30432447       0.21476212       0.21913777
       0.30346344       0.21411420       0.21835051
       0.30262765       0.21346713       0.21759028
       0.30181198       0.21281573       0.21685069
       0.30101156       0.21215489       0.21612539
       0.30022177       0.21147962       0.21540810
       0.29943824       0.21078500       0.21469263
       0.29865688       0.21006625       0.21397283
       0.29787387       0.20931867       0.21324261
       0.29708565       0.20853769       0.21249596
       0.29628901       0.20771888       0.21172689
       0.29548099       0.20685790       0.21092949
       0.29465902       0.20595059       0.21009786
       0.29382084       0.20499293       0.20922618
       0.29296459       0.20398106       0.20830865
       0.29208881       0.20291130       0.20733951
       0.29119245       0.20178021       0.20631305
       0.29027495       0.20058454       0.20522363
       0.28933625       0.19932133       0.20406567
       0.28837682       0.19798791       0.20283367
       0.28739774       0.19658196       0.20152228
       0.28640069       0.19510152       0.20012626
       0.28538806       0.19354509       0.19864059
       0.28436295       0.19191168       0.19706048
       0.28332926       0.19020087       0.19538145
       0.28229172       0.18841286       0.19359942
       0.28125594       0.18654863       0.19171076
       0.28022848       0.18460995       0.18971243
       0.27921690       0.18259956       0.18760211
       0.27822977       0.18052121       0.18537831
       0.27727674       0.17837981       0.18304053
       0.27636855       0.17618157       0.18058949
       0.27551703       0.17393410       0.17802727
       0.27473514       0.17164653       0.17535757
       0.27403686       0.16932967       0.17258594
       0.27343725       0.16699610       0.16972005
       0.27295226       0.16466030       0.16676991
       0.27259870       0.16233870       0.16374823
       0.27239401       0.16004980       0.16067060
       0.27235614       0.15781415       0.15755585
       0.27250323       0.15565438       0.15442618
       0.27285334       0.15359508       0.15130745
       0.27342411       0.15166272       0.14822924
       0.27423234       0.14988538       0.14522491
       0.27529353       0.14829251       0.14233155
       0.27662142       0.14691446       0.13958976
       0.27822741       0.14578208       0.13704328
       0.28012005       0.14492600       0.13473840
       0.28230450       0.14437606       0.13272326
       0.28478199       0.14416040       0.13104683
       0.28754939       0.14430472       0.12975773
       0.29059876       0.14483128       0.12890286
       0.29391717       0.14575808       0.12852584
       0.29748650       0.14709793       0.12866537
       0.30128349       0.14885774       0.12935354
       0.30528001       0.15103780       0.13061425
       0.30944346       0.15363140       0.13246166
       0.31373739       0.15662455       0.13489904
       0.31812237       0.15999606       0.13791793
       0.32255690       0.16371786       0.14149769
       0.32699860       0.16775563       0.14560567
       0.33140536       0.17206970       0.15019782
       0.33573650       0.17661613       0.15521991
       0.33995402       0.18134810       0.16060917
       0.34402359       0.18621728       0.16629638
       0.34791550       0.19117531       0.17220817
       0.35160535       0.19617521       0.17826957
       0.35507455       0.20117269       0.18440641
       0.35831058       0.20612726       0.19054772
       0.36130698       0.21100318       0.19662778
       0.36406313       0.21577005       0.20258780
       0.36658387       0.22040323       0.20837725
       0.36887891       0.22488394       0.21395465
       0.37096212       0.22919917       0.21928797
       0.37285081       0.23334131       0.22435456
       0.37456488       0.23730772       0.22914076
       0.37612603       0.24110008       0.23364115
       0.37755703       0.24472371       0.23785768
       0.37888096       0.24818688       0.24179848
       0.38012065       0.25150004       0.24547681
       0.38129812       0.25467515       0.24890978
       0.38243416       0.25772507       0.25211731
       0.38354800       0.26066297       0.25512098
       0.38465709       0.26350186       0.25794317
       0.38577694       0.26625418       0.26060620
       0.38692108       0.26893153       0.26313168
       0.38810104       0.27154443       0.26553995
       0.38932642       0.27410217       0.26784974
       0.39060499       0.27661273       0.27007788
       0.39194283       0.27908278       0.27223912
       0.39334447       0.28151769       0.27434615
       0.39481307       0.28392161       0.27640954
       0.39635058       0.28629758       0.27843793
       0.39795793       0.28864761       0.28043812
       0.39963514       0.29097282       0.28241528
       0.40138152       0.29327358       0.28437315
       0.40319574       0.29554963       0.28631426
       0.40507598       0.29780018       0.28824011
       0.40701998       0.30002402       0.29015146
       0.40902515       0.30221965       0.29204842
       0.41108855       0.30438527       0.29393069
       0.41320699       0.30651891       0.29579767
       0.41537699       0.30861843       0.29764858
       0.41759480       0.31068155       0.29948255
       0.41985638       0.31270583       0.30129866
       0.42215737       0.31468869       0.30309599
       0.42449305       0.31662733       0.30487360
       0.42685832       0.31851873       0.30663053
       0.42924765       0.32035958       0.30836570
       0.43165504       0.32214620       0.31007789
       0.43407397       0.32387451       0.31176564
       0.43649738       0.32553990       0.31342711
       0.43891768       0.32713721       0.31506001
       0.44132665       0.32866060       0.31666146
       0.44371551       0.33010351       0.31822782
       0.44607489       0.33145856       0.31975460
       0.44839484       0.33271749       0.32123628
       0.45066491       0.33387109       0.32266618
       0.45287416       0.33490916       0.32403633
       0.45501122       0.33582042       0.32533729
       0.45706444       0.33659253       0.32655805
       0.45902193       0.33721203       0.32768589
       0.46087175       0.33766435       0.32870622
       0.46260201       0.33793381       0.32960255
       0.46420111       0.33800364       0.33035628
       0.46565792       0.33785608       0.33094671
       0.46696200       0.33747241       0.33135089
       0.46810394       0.33683309       0.33154361
       0.46907558       0.33591792       0.33149737
       0.46987044       0.33470624       0.33118234
       0.47048404       0.33317714       0.33056648
       0.47091437       0.33130985       0.32961555
       0.47116236       0.32908407       0.32829333
       0.47123238       0.32648048       0.32656182
       0.47113285       0.32348133       0.32438164
       0.47087682       0.32007112       0.32171251
       0.47048261       0.31623751       0.31851394
       0.46997457       0.31197229       0.31474611
       0.46938366       0.30727260       0.31037114
       0.46874822       0.30214233       0.30535458
       0.46811454       0.29659375       0.29966747
       0.46753740       0.29064927       0.29328880
       0.46708040       0.28434353       0.28620862
       0.46681606       0.27772550       0.27843178
       0.46682549       0.27086071       0.26998237
       0.46719760       0.26383346       0.26090876
       0.46802761       0.25674864       0.25128923
       0.46941480       0.24973321       0.24123786
       0.47145918       0.24293674       0.23091028
       0.47425723       0.23653071       0.22050861
       0.47789634       0.23070617       0.21028480
       0.48244824       0.22566923       0.20054114
       0.48796162       0.22163407       0.19162676
       0.49445415       0.21881318       0.18392876
       0.50190483       0.21740511       0.17785710
       0.51024726       0.21757997       0.17382255
       0.51936497       0.21946393       0.17220850
       0.52908985       0.22312410       0.17333808
       0.53920444       0.22855569       0.17743994
       0.54944876       0.23567355       0.18461685
       0.55953160       0.24430979       0.19482211
       0.56914560       0.25421871       0.20784817
       0.57798484       0.26508918       0.22333077
       0.58576313       0.27656350       0.24076928
       0.59223094       0.28826069       0.25956146
       0.59718927       0.29980133       0.27904810
       0.60049887       0.31083123       0.29856168
       0.60208429       0.32104103       0.31747256
       0.60193279       0.33018024       0.33522734
       0.60008883       0.33806471       0.35137579
       0.59664526       0.34457791       0.36558509
       0.59173265       0.34966694       0.37764192
       0.58550807       0.35333473       0.38744472
       0.57814421       0.35562995       0.39498910
       0.56981986       0.35663616       0.40034935
       0.56071206       0.35646115       0.40365879
       0.55099002       0.35522745       0.40509103
       0.54081088       0.35306431       0.40484346
       0.53031709       0.35010134       0.40312355
       0.51963505       0.34646384       0.40013831
       0.50887480       0.34226948       0.39608659
       0.49813047       0.33762636       0.39115395
       0.48748123       0.33263187       0.38550957
       0.47699257       0.32737244       0.37930486
       0.46671768       0.32192369       0.37267311
       0.45669898       0.31635102       0.36573013
       0.44696948       0.31071037       0.35857527
       0.43755417       0.30504909       0.35129289
       0.42847123       0.29940686       0.34395383
       0.41973312       0.29381662       0.33661699
       0.41134760       0.28830537       0.32933088
       0.40331849       0.28289501       0.32213498
       0.39564646       0.27760304       0.31506101
       0.38832960       0.27244320       0.30813416
       0.38136399       0.26742603       0.30137400
       0.37474408       0.26255934       0.29479545
       0.36846306       0.25784868       0.28840947
       0.36251321       0.25329768       0.28222377
       0.35688608       0.24890834       0.27624332
       0.35157274       0.24468135       0.27047084
       0.34656391       0.24061626       0.26490720
       0.34185012       0.23671171       0.25955176
       0.33742182       0.23296561       0.25440262
       0.33326943       0.22937522       0.24945689
       0.32938345       0.22593732       0.24471088
       0.32575452       0.22264830       0.24016024
       0.32237341       0.21950423       0.23580012
       0.31923111       0.21650096       0.23162530
       0.31631885       0.21363416       0.22763023
       0.31362808       0.21089938       0.22380920
       0.31115053       0.20829213       0.22015633
       0.30887823       0.20580787       0.21666568
       0.30680346       0.20344209       0.21333129
       0.30491882       0.20119034       0.21014719
       0.30321720       0.19904822       0.20710752
       0.30169179       0.19701149       0.20420650
       0.30033609       0.19507600       0.20143847
       0.29914389       0.19323780       0.19879799
       0.29810930       0.19149312       0.19627976
       0.29722671       0.18983839       0.19387876
       0.29649081       0.18827028       0.19159020
       0.29589658       0.18678572       0.18940961
       0.29543927       0.18538191       0.18733280
       0.29511440       0.18405635       0.18535596
       0.29491776       0.18280681       0.18347564
       0.29484536       0.18163144       0.18168879
       0.29489345       0.18052867       0.17999282
       0.29505847       0.17949732       0.17838555
       0.29533704       0.17853653       0.17686531
       0.29572595       0.17764580       0.17543091
       0.29622210       0.17682500       0.17408169
       0.29682246       0.17607433       0.17281752
       0.29752407       0.17539435       0.17163880
       0.29832397       0.17478591       0.17054647
       0.29921918       0.17425019       0.16954201
       0.30020660       0.17378863       0.16862742
       0.30128301       0.17340290       0.16780520
       0.30244500       0.17309486       0.16707829
       0.30368892       0.17286651       0.16645009
       0.30501079       0.17271994       0.16592431
       0.30640630       0.17265722       0.16550498
       0.30787072       0.17268039       0.16519632
       0.30939884       0.17279133       0.16500263
       0.31098496       0.17299170       0.16492823
       0.31262283       0.17328283       0.16497728
       0.31430562       0.17366566       0.16515366
       0.31602590       0.17414062       0.16546085
       0.31777561       0.17470755       0.16590176
       0.31954611       0.17536563       0.16647856
       0.32132815       0.17611328       0.16719257
       0.32311193       0.17694813       0.16804410
       0.32488714       0.17786692       0.16903229
       0.32664302       0.17886550       0.17015504
       0.32836845       0.17993881       0.17140888
       0.33005203       0.18108085       0.17278891
       0.33168220       0.18228474       0.17428876
       0.33324737       0.18354273       0.17590059
       0.33473602       0.18484628       0.17761510
       0.33613686       0.18618614       0.17942160
       0.33743895       0.18755246       0.18130810
       0.33863186       0.18893490       0.18326145
       0.33970575       0.19032277       0.18526752
       0.34065158       0.19170516       0.18731135
       0.34146114       0.19307110       0.18937738
       0.34212720       0.19440971       0.19144969
       0.34264356       0.19571035       0.19351221
       0.34300516       0.19696276       0.19554898
       0.34320809       0.19815719       0.19754437
       0.34324961       0.19928451       0.19948331
       0.34312821       0.20033636       0.20135147
       0.34284351       0.20130518       0.20313548
       0.34239631       0.20218432       0.20482305
       0.34178850       0.20296806       0.20640314
       0.34102301       0.20365167       0.20786600
       0.34010373       0.20423139       0.20920329
       0.33903540       0.20470444       0.21040809
       0.33782357       0.20506901       0.21147492
       0.33647447       0.20532419       0.21239971
       0.33499490       0.20546996       0.21317976
       0.33339216       0.20550708       0.21381369
       0.33167392       0.20543710       0.21430136
       0.32984813       0.20526221       0.21464375
       0.32792297       0.20498522       0.21484291
       0.32590669       0.20460944       0.21490181
       0.32380760       0.20413865       0.21482423
       0.32163396       0.20357699       0.21461469
       0.31939394       0.20292892       0.21427828
       0.31709554       0.20219909       0.21382061
       0.31474655       0.20139238       0.21324766
       0.31235453       0.20051373       0.21256571
       0.30992673       0.19956816       0.21178128
       0.30747013       0.19856071       0.21090098
       0.30499134       0.19749637       0.20993149
       0.30249667       0.19638006       0.20887950
       0.29999203       0.19521663       0.20775162
       0.29748301       0.19401076       0.20655435
       0.29497481       0.19276702       0.20529405
       0.29247229       0.19148979       0.20397688
       0.28997996       0.19018328       0.20260881
       0.28750196       0.18885151       0.20119554
       0.28504212       0.18749828       0.19974256
       0.28260393       0.18612722       0.19825506
       0.28019058       0.18474173       0.19673798
       0.27780494       0.18334502       0.19519598
       0.27544963       0.18194009       0.19363345
       0.27312696       0.18052974       0.19205450
       0.27083903       0.17911658       0.19046296
       0.26858766       0.17770303       0.18886240
       0.26637448       0.17629133       0.18725614
       0.26420089       0.17488353       0.18564724
       0.26206811       0.17348152       0.18403853
       0.25997716       0.17208705       0.18243260
       0.25792893       0.17070169       0.18083183
       0.25592413       0.16932689       0.17923837
       0.25396335       0.16796396       0.17765420
       0.25204703       0.16661407       0.17608110
       0.25017552       0.16527830       0.17452067
       0.24834906       0.16395761       0.17297435
       0.24656780       0.16265286       0.17144343
       0.24483180       0.16136482       0.16992907
       0.24314108       0.16009418       0.16843227
       0.24149555       0.15884157       0.16695394
       0.23989512       0.15760752       0.16549485
       0.23833963       0.15639254       0.16405570
       0.23682889       0.15519706       0.16263707
       0.23536267       0.15402147       0.16123948
       0.23394075       0.15286615       0.15986336
       0.23256287       0.15173141       0.15850909
       0.23122878       0.15061756       0.15717698
       0.22993824       0.14952488       0.15586730
       0.22869098       0.14845366       0.15458027
       0.22748678       0.14740416       0.15331610
       0.22632543       0.14637665       0.15207495
       0.22520672       0.14537141       0.15085698
       0.22413050       0.14438873       0.14966231
       0.22309662       0.14342889       0.14849108
       0.22210498       0.14249223       0.14734343
       0.22115554       0.14157910       0.14621950
       0.22024826       0.14068986       0.14511943
       0.21938319       0.13982494       0.14404342
       0.21856039       0.13898477       0.14299165
       0.21778000       0.13816986       0.14196435
       0.21704220       0.13738074       0.14096179
       0.21634723       0.13661800       0.13998428
       0.21569537       0.13588227       0.13903217
       0.21508700       0.13517424       0.13810585
       0.21452251       0.13449467       0.13720579
       0.21400237       0.13384436       0.13633250
       0.21352712       0.13322420       0.13548656
       0.21309734       0.13263509       0.13466862
       0.21271367       0.13207806       0.13387939
       0.21237680       0.13155415       0.13311968
       0.21208750       0.13106449       0.13239033
       0.21184656       0.13061028       0.13169230
       0.21165482       0.13019276       0.13102662
       0.21151318       0.12981325       0.13039439
       0.21142258       0.12947312       0.12979680
       0.21138396       0.12917382       0.12923512
       0.21139834       0.12891681       0.12871071
       0.21146673       0.12870365       0.12822501
       0.21159016       0.12853591       0.12777953
       0.21176968       0.12841522       0.12737586
       0.21200633       0.12834323       0.12701566
       0.21230116       0.12832162       0.12670068
       0.21265519       0.12835211       0.12643271
       0.21306943       0.12843640       0.12621361
       0.21354484       0.12857622       0.12604527
       0.21408236       0.12877328       0.12592965
       0.21468286       0.12902928       0.12586872
       0.21534716       0.12934587       0.12586449
       0.21607600       0.12972468       0.12591896
       0.21687005       0.13016729       0.12603415
       0.21772986       0.13067520       0.12621204
       0.21865592       0.13124985       0.12645461
       0.21964857       0.13189257       0.12676378
       0.22070804       0.13260460       0.12714139
       0.22183444       0.13338704       0.12758924
       0.22302775       0.13424088       0.12810901
       0.22428777       0.13516695       0.12870227
       0.22561418       0.13616594       0.12937047
       0.22700651       0.13723834       0.13011491
       0.22846409       0.13838448       0.13093673
       0.22998613       0.13960450       0.13183686
       0.23157165       0.14089831       0.13281608
       0.23321951       0.14226562       0.13387492
       0.23492840       0.14370595       0.13501368
       0.23669686       0.14521854       0.13623246
       0.23852326       0.14680245       0.13753106
       0.24040583       0.14845647       0.13890904
       0.24234264       0.15017919       0.14036569
       0.24433162       0.15196895       0.14190003
       0.24637059       0.15382385       0.14351080
       0.24845722       0.15574180       0.14519645
       0.25058910       0.15772047       0.14695516
       0.25276371       0.15975732       0.14878486
       0.25497845       0.16184962       0.15068318
       0.25723065       0.16399446       0.15264753
       0.25951759       0.16618875       0.15467507
       0.26183651       0.16842925       0.15676271
       0.26418461       0.17071258       0.15890720
       0.26655908       0.17303524       0.16110507
       0.26895711       0.17539363       0.16335268
       0.27137591       0.17778406       0.16564627
       0.27381270       0.18020278       0.16798196
       0.27626474       0.18264599       0.17035575
       0.27872933       0.18510987       0.17276360
       0.28120381       0.18759060       0.17520143
       0.28368558       0.19008435       0.17766514
       0.28617210       0.19258734       0.18015063
       0.28866089       0.19509582       0.18265387
       0.29114953       0.19760611       0.18517085
       0.29363566       0.20011458       0.18769768
       0.29611698       0.20261769       0.19023055
       0.29859122       0.20511201       0.19276578
       0.30105618       0.20759419       0.19529984
       0.30350967       0.21006096       0.19782932
       0.30594955       0.21250920       0.20035099
       0.30837366       0.21493585       0.20286179
       0.31077986       0.21733797       0.20535883
       0.31316599       0.21971273       0.20783938
       0.31552984       0.22205736       0.21030089
       0.31786918       0.22436918       0.21274097
       0.32018169       0.22664560       0.21515738
       0.32246499       0.22888405       0.21754802
       0.32471657       0.23108203       0.21991093
       0.32693383       0.23323705       0.22224422
       0.32911403       0.23534662       0.22454613
       0.33125427       0.23740825       0.22681492
       0.33335152       0.23941940       0.22904891
       0.33540255       0.24137750       0.23124639
       0.33740395       0.24327987       0.23340566
       0.33935211       0.24512375       0.23552494
       0.34124325       0.24690625       0.23760234
       0.34307335       0.24862435       0.23963587
       0.34483821       0.25027486       0.24162334
       0.34653341       0.25185440       0.24356238
       0.34815435       0.25335938       0.24545037
       0.34969624       0.25478600       0.24728442
       0.35115411       0.25613023       0.24906133
       0.35252282       0.25738776       0.25077753
       0.35379712       0.25855406       0.25242911
       0.35497162       0.25962429       0.25401172
       0.35604088       0.26059335       0.25552060
       0.35699938       0.26145585       0.25695050
       0.35784160       0.26220613       0.25829570
       0.35856208       0.26283826       0.25954997
       0.35915541       0.26334603       0.26070656
       0.35961633       0.26372296       0.26175817
       0.35993978       0.26396238       0.26269695
       0.36012096       0.26405735       0.26351453
       0.36015541       0.26400077       0.26420193
       0.36003905       0.26378539       0.26474967
       0.35976833       0.26340382       0.26514769
       0.35934025       0.26284861       0.26538542
       0.35875249       0.26211231       0.26545176
       0.35800353       0.26118749       0.26533512
       0.35709272       0.26006686       0.26502346
       0.35602042       0.25874330       0.26450434
       0.35478813       0.25721001       0.26376492
       0.35339863       0.25546059       0.26279207
       0.35185611       0.25348916       0.26157245
       0.35016634       0.25129053       0.26009258
       0.34833684       0.24886033       0.25833896
       0.34637701       0.24619522       0.25629822
       0.34429840       0.24329309       0.25395731
       0.34211481       0.24015334       0.25130370
       0.33984253       0.23677711       0.24832564
       0.33750054       0.23316762       0.24501248
       0.33511067       0.22933053       0.24135508
       0.33269781       0.22527431       0.23734625
       0.33029007       0.22101070       0.23298131
       0.32791888       0.21655517       0.22825878
       0.32561911       0.21192743       0.22318109
       0.32342909       0.20715195       0.21775555
       0.32139052       0.20225853       0.21199534
       0.31954836       0.19728285       0.20592061
       0.31795044       0.19226692       0.19955982
       0.31664710       0.18725956       0.19295101
       0.31569042       0.18231670       0.18614321
       0.31513340       0.17750149       0.17919773
       0.31502878       0.17288420       0.17218942
       0.31542764       0.16854180       0.16520758
       0.31637769       0.16455710       0.15835643
       0.31792134       0.16101745       0.15175509
       0.32009356       0.15801287       0.14553659
       0.32291951       0.15563365       0.13984591
       0.32641227       0.15396732       0.13483688
       0.33057056       0.15309512       0.13066759
       0.33537681       0.15308809       0.12749462
       0.34079573       0.15400292       0.12546594
       0.34677349       0.15587793       0.12471293
       0.35323788       0.15872936       0.12534191
       0.36009940       0.16254851       0.12742596
       0.36725348       0.16729996       0.13099767
       0.37458375       0.17292121       0.13604374
       0.38196622       0.17932392       0.14250213
       0.38927418       0.18639689       0.15026233
       0.39638343       0.19401041       0.15916899
       0.40317745       0.20202205       0.16902872
       0.40955219       0.21028303       0.17961969
       0.41542006       0.21864505       0.19070306
       0.42071284       0.22696666       0.20203521
       0.42538338       0.23511899       0.21337980
       0.42940606       0.24299024       0.22451851
       0.43277597       0.25048875       0.23525967
       0.43550719       0.25754462       0.24544446
       0.43763018       0.26410993       0.25495026
       0.43918877       0.27015767       0.26369146
       0.44023687       0.27567975       0.27161798
       0.44083513       0.28068435       0.27871206
       0.44104792       0.28519285       0.28498377
       0.44094057       0.28923669       0.29046589
       0.44057708       0.29285433       0.29520852
       0.44001826       0.29608848       0.29927395
       0.43932044       0.29898363       0.30273188
       0.43853450       0.30158415       0.30565539
       0.43770539       0.30393263       0.30811746
       0.43687194       0.30606879       0.31018842
       0.43606692       0.30802869       0.31193393
       0.43531737       0.30984426       0.31341371
       0.43464500       0.31154316       0.31468072
       0.43406674       0.31314881       0.31578092
       0.43359529       0.31468054       0.31675325
       0.43323974       0.31615399       0.31762998
       0.43300612       0.31758140       0.31843723
       0.43289795       0.31897210       0.31919555
       0.43291676       0.32033294       0.31992072
       0.43306247       0.32166867       0.32062438
       0.43333383       0.32298237       0.32131480
       0.43372868       0.32427582       0.32199754
       0.43424421       0.32554977       0.32267607
       0.43487717       0.32680425       0.32335228
       0.43562399       0.32803874       0.32402701
       0.43648085       0.32925237       0.32470037
       0.43744377       0.33044404       0.32537210
       0.43850861       0.33161245       0.32604178
       0.43967101       0.33275619       0.32670898
       0.44092643       0.33387372       0.32737337
       0.44227003       0.33496334       0.32803479
       0.44369665       0.33602316       0.32869319
       0.44520071       0.33705102       0.32934862
       0.44677617       0.33804441       0.33000112
       0.44841642       0.33900037       0.33065063
       0.45011428       0.33991541       0.33129683
       0.45186186       0.34078537       0.33193900
       0.45365060       0.34160537       0.33257584
       0.45547121       0.34236965       0.33320530
       0.45731364       0.34307150       0.33382441
       0.45916711       0.34370318       0.33442906
       0.46102011       0.34425581       0.33501385
       0.46286048       0.34471930       0.33557189
       0.46467545       0.34508231       0.33609465
       0.46645174       0.34533220       0.33657174
       0.46817568       0.34545496       0.33699079
       0.46983335       0.34543528       0.33733730
       0.47141077       0.34525648       0.33759447
       0.47289408       0.34490059       0.33774312
       0.47426977       0.34434840       0.33776154
       0.47552501       0.34357958       0.33762545
       0.47664790       0.34257279       0.33730791
       0.47762784       0.34130588       0.33677929
       0.47845595       0.33975611       0.33600729
       0.47912546       0.33790046       0.33495702
       0.47963226       0.33571600       0.33359108
       0.47997540       0.33318033       0.33186979
       0.48015769       0.33027218       0.32975148
       0.48018636       0.32697208       0.32719296
       0.48007372       0.32326314       0.32415009
       0.47983792       0.31913213       0.32057863
       0.47950369       0.31457057       0.31643534
       0.47910307       0.30957615       0.31167942
       0.47867618       0.30415431       0.30627438
       0.47827181       0.29832006       0.30019037
       0.47794796       0.29210006       0.29340718
       0.47777209       0.28553479       0.28591780
       0.47782106       0.27868093       0.27773278
       0.47818063       0.27161372       0.26888528
       0.47894425       0.26442917       0.25943676
       0.48021122       0.25724590       0.24948318
       0.48208370       0.25020620       0.23916129
       0.48466283       0.24347611       0.22865441
       0.48804344       0.23724381       0.21819705
       0.49230774       0.23171608       0.20807704
       0.49751781       0.22711212       0.19863410
       0.50370747       0.22365471       0.19025327
       0.51087394       0.22155832       0.18335206
       0.51897018       0.22101478       0.17836045
       0.52789887       0.22217722       0.17569366
       0.53750918       0.22514361       0.17571924
       0.54759739       0.22994191       0.17872081
       0.55791200       0.23651894       0.18486299
       0.56816373       0.24473502       0.19416230
       0.57803991       0.25436594       0.20646945
       0.58722214       0.26511307       0.22146696
       0.59540547       0.27662078       0.23868415
       0.60231694       0.28849957       0.25752864
       0.60773157       0.30035207       0.27733036
       0.61148384       0.31179878       0.29739226
       0.61347389       0.32250054       0.31704086
       0.61366817       0.33217546       0.33567011
       0.61209501       0.34060919       0.35277423
       0.60883637       0.34765827       0.36796708
       0.60401713       0.35324762       0.38098833
       0.59779323       0.35736336       0.39169815
       0.59034020       0.36004275       0.40006364
       0.58184256       0.36136291       0.40614021
       0.57248512       0.36142941       0.41005095
       0.56244610       0.36036591       0.41196641
       0.55189215       0.35830525       0.41208646
       0.54097522       0.35538235       0.41062504
       0.52983080       0.35172877       0.40779816
       0.51857736       0.34746900       0.40381517
       0.50731669       0.34271797       0.39887266
       0.49613475       0.33757975       0.39315080
       0.48510296       0.33214705       0.38681147
       0.47427965       0.32650132       0.37999771
       0.46371160       0.32071322       0.37283418
       0.45343551       0.31484342       0.36542817
       0.44347947       0.30894349       0.35787105
       0.43386422       0.30305682       0.35023978
       0.42460435       0.29721959       0.34259863
       0.41570934       0.29146164       0.33500070
       0.40718443       0.28580734       0.32748944
       0.39903140       0.28027634       0.32010003
       0.39124925       0.27488421       0.31286054
       0.38383473       0.26964309       0.30579307
       0.37678282       0.26456215       0.29891467
       0.37008711       0.25964812       0.29223814
       0.36374011       0.25490561       0.28577273
       0.35773354       0.25033747       0.27952473
       0.35205853       0.24594508       0.27349801
       0.34670578       0.24172856       0.26769440
       0.34166574       0.23768705       0.26211403
       0.33692869       0.23381878       0.25675571
       0.33248484       0.23012130       0.25161711
       0.32832442       0.22659157       0.24669497
       0.32443774       0.22322607       0.24198532
       0.32081519       0.22002088       0.23748359
       0.31744734       0.21697178       0.23318473
       0.31432491       0.21407429       0.22908332
       0.31143884       0.21132374       0.22517366
       0.30878027       0.20871531       0.22144984
       0.30634057       0.20624406       0.21790575
       0.30411134       0.20390499       0.21453521
       0.30208443       0.20169307       0.21133194
       0.30025194       0.19960322       0.20828965
       0.29860621       0.19763041       0.20540202
       0.29713984       0.19576963       0.20266275
       0.29584569       0.19401591       0.20006562
       0.29471687       0.19236439       0.19760443
       0.29374677       0.19081029       0.19527311
       0.29292902       0.18934893       0.19306567
       0.29225753       0.18797579       0.19097627
       0.29172646       0.18668649       0.18899920
       0.29133024       0.18547684       0.18712893
       0.29106358       0.18434281       0.18536012
       0.29092144       0.18328060       0.18368765
       0.29089905       0.18228665       0.18210662
       0.29099189       0.18135762       0.18061241
       0.29119572       0.18049046       0.17920068
       0.29150654       0.17968241       0.17786740
       0.29192060       0.17893099       0.17660889
       0.29243439       0.17823406       0.17542183
       0.29304463       0.17758982       0.17430331
       0.29374825       0.17699680       0.17325084
       0.29454239       0.17645391       0.17226237
       0.29542435       0.17596044       0.17133637
       0.29639160       0.17551605       0.17047178
       0.29744173       0.17512078       0.16966809
       0.29857242       0.17477506       0.16892534
       0.29978141       0.17447970       0.16824412
       0.30106649       0.17423586       0.16762561
       0.30242539       0.17404506       0.16707154
       0.30385578       0.17390913       0.16658424
       0.30535521       0.17383018       0.16616656
       0.30692106       0.17381058       0.16582191
       0.30855046       0.17385289       0.16555415
       0.31024027       0.17395982       0.16536760
       0.31198697       0.17413412       0.16526694
       0.31378664       0.17437858       0.16525713
       0.31563491       0.17469586       0.16534333
       0.31752686       0.17508848       0.16553078
       0.31945703       0.17555869       0.16582465
       0.32141933       0.17610835       0.16622995
       0.32340704       0.17673887       0.16675132
       0.32541279       0.17745110       0.16739294
       0.32742853       0.17824521       0.16815829
       0.32944557       0.17912066       0.16905005
       0.33145459       0.18007603       0.17006988
       0.33344566       0.18110905       0.17121831
       0.33540833       0.18221645       0.17249459
       0.33733169       0.18339404       0.17389656
       0.33920448       0.18463657       0.17542053
       0.34101517       0.18593783       0.17706129
       0.34275211       0.18729065       0.17881199
       0.34440363       0.18868696       0.18066419
       0.34595824       0.19011786       0.18260793
       0.34740469       0.19157370       0.18463173
       0.34873222       0.19304426       0.18672281
       0.34993062       0.19451882       0.18886719
       0.35099042       0.19598637       0.19104987
       0.35190300       0.19743570       0.19325512
       0.35266069       0.19885562       0.19546663
       0.35325691       0.20023510       0.19766782
       0.35368622       0.20156343       0.19984209
       0.35394439       0.20283039       0.20197306
       0.35402842       0.20402633       0.20404484
       0.35393658       0.20514236       0.20604223
       0.35366839       0.20617042       0.20795095
       0.35322458       0.20710337       0.20975784
       0.35260710       0.20793503       0.21145098
       0.35181897       0.20866025       0.21301981
       0.35086428       0.20927494       0.21445525
       0.34974807       0.20977603       0.21574970
       0.34847621       0.21016146       0.21689712
       0.34705534       0.21043018       0.21789297
       0.34549275       0.21058207       0.21873420
       0.34379623       0.21061790       0.21941916
       0.34197403       0.21053922       0.21994756
       0.34003470       0.21034835       0.22032035
       0.33798702       0.21004824       0.22053963
       0.33583991       0.20964242       0.22060849
       0.33360231       0.20913492       0.22053095
       0.33128313       0.20853017       0.22031180
       0.32889120       0.20783293       0.21995650
       0.32643515       0.20704823       0.21947103
       0.32392340       0.20618128       0.21886183
       0.32136412       0.20523742       0.21813566
       0.31876517       0.20422205       0.21729951
       0.31613407       0.20314059       0.21636051
       0.31347799       0.20199844       0.21532588
       0.31080374       0.20080091       0.21420281
       0.30811775       0.19955322       0.21299843
       0.30542604       0.19826045       0.21171977
       0.30273427       0.19692752       0.21037368
       0.30004769       0.19555917       0.20896682
       0.29737120       0.19415995       0.20750562
       0.29470931       0.19273422       0.20599624
       0.29206617       0.19128610       0.20444461
       0.28944558       0.18981951       0.20285634
       0.28685101       0.18833816       0.20123676
       0.28428563       0.18684552       0.19959092
       0.28175226       0.18534487       0.19792354
       0.27925349       0.18383924       0.19623908
       0.27679160       0.18233150       0.19454169
       0.27436862       0.18082427       0.19283525
       0.27198636       0.17932002       0.19112335
       0.26964639       0.17782099       0.18940933
       0.26735009       0.17632929       0.18769626
       0.26509864       0.17484682       0.18598697
       0.26289303       0.17337535       0.18428406
       0.26073412       0.17191647       0.18258991
       0.25862261       0.17047165       0.18090669
       0.25655905       0.16904223       0.17923636
       0.25454389       0.16762941       0.17758072
       0.25257745       0.16623428       0.17594138
       0.25065997       0.16485784       0.17431980
       0.24879159       0.16350098       0.17271727
       0.24697237       0.16216448       0.17113497
       0.24520232       0.16084909       0.16957394
       0.24348138       0.15955544       0.16803509
       0.24180942       0.15828413       0.16651924
       0.24018630       0.15703566       0.16502711
       0.23861183       0.15581052       0.16355933
       0.23708579       0.15460913       0.16211646
       0.23560793       0.15343188       0.16069897
       0.23417801       0.15227914       0.15930728
       0.23279575       0.15115123       0.15794176
       0.23146090       0.15004846       0.15660273
       0.23017318       0.14897112       0.15529046
       0.22893233       0.14791950       0.15400521
       0.22773809       0.14689388       0.15274718
       0.22659023       0.14589454       0.15151658
       0.22548853       0.14492174       0.15031360
       0.22443278       0.14397579       0.14913840
       0.22342282       0.14305698       0.14799116
       0.22245847       0.14216562       0.14687207
       0.22153963       0.14130203       0.14578128
       0.22066621       0.14046659       0.14471901
       0.21983814       0.13965965       0.14368545
       0.21905540       0.13888162       0.14268084
       0.21831800       0.13813293       0.14170542
       0.21762598       0.13741404       0.14075948
       0.21697944       0.13672545       0.13984333
       0.21637850       0.13606770       0.13895730
       0.21582330       0.13544133       0.13810179
       0.21531405       0.13484696       0.13727721
       0.21485098       0.13428523       0.13648402
       0.21443435       0.13375681       0.13572274
       0.21406446       0.13326242       0.13499392
       0.21374164       0.13280282       0.13429815
       0.21346625       0.13237879       0.13363609
       0.21323868       0.13199117       0.13300844
       0.21305933       0.13164081       0.13241595
       0.21292865       0.13132861       0.13185942
       0.21284707       0.13105549       0.13133969
       0.21281506       0.13082241       0.13085766
       0.21283310       0.13063034       0.13041428
       0.21290164       0.13048029       0.13001053
       0.21302118       0.13037326       0.12964744
       0.21319218       0.13031028       0.12932609
       0.21341509       0.13029239       0.12904758
       0.21369035       0.13032062       0.12881305
       0.21401839       0.13039601       0.12862366
       0.21439959       0.13051958       0.12848060
       0.21483429       0.13069234       0.12838507
       0.21532282       0.13091526       0.12833828
       0.21586543       0.13118930       0.12834144
       0.21646232       0.13151537       0.12839574
       0.21711364       0.13189432       0.12850239
       0.21781947       0.13232698       0.12866255
       0.21857979       0.13281408       0.12887734
       0.21939454       0.13335629       0.12914786
       0.22026355       0.13395420       0.12947513
       0.22118655       0.13460832       0.12986014
       0.22216320       0.13531904       0.13030377
       0.22319304       0.13608667       0.13080684
       0.22427550       0.13691137       0.13137007
       0.22540993       0.13779323       0.13199405
       0.22659553       0.13873215       0.13267928
       0.22783143       0.13972795       0.13342612
       0.22911661       0.14078028       0.13423479
       0.23044996       0.14188864       0.13510539
       0.23183024       0.14305239       0.13603782
       0.23325610       0.14427074       0.13703185
       0.23472610       0.14554274       0.13808708
       0.23623867       0.14686727       0.13920292
       0.23779213       0.14824307       0.14037862
       0.23938472       0.14966871       0.14161324
       0.24101459       0.15114261       0.14290566
       0.24267977       0.15266304       0.14425457
       0.24437824       0.15422811       0.14565849
       0.24610788       0.15583580       0.14711576
       0.24786651       0.15748394       0.14862453
       0.24965190       0.15917024       0.15018282
       0.25146174       0.16089228       0.15178844
       0.25329369       0.16264753       0.15343909
       0.25514537       0.16443336       0.15513232
       0.25701436       0.16624703       0.15686552
       0.25889824       0.16808572       0.15863600
       0.26079452       0.16994656       0.16044094
       0.26270076       0.17182659       0.16227745
       0.26461446       0.17372281       0.16414253
       0.26653315       0.17563218       0.16603316
       0.26845435       0.17755163       0.16794624
       0.27037560       0.17947807       0.16987864
       0.27229442       0.18140840       0.17182723
       0.27420836       0.18333952       0.17378885
       0.27611498       0.18526833       0.17576037
       0.27801185       0.18719178       0.17773867
       0.27989652       0.18910679       0.17972066
       0.28176659       0.19101034       0.18170330
       0.28361962       0.19289944       0.18368359
       0.28545319       0.19477113       0.18565861
       0.28726487       0.19662248       0.18762547
       0.28905223       0.19845062       0.18958138
       0.29081278       0.20025268       0.19152360
       0.29254404       0.20202587       0.19344946
       0.29424349       0.20376739       0.19535637
       0.29590856       0.20547450       0.19724180
       0.29753664       0.20714446       0.19910328
       0.29912506       0.20877456       0.20093839
       0.30067109       0.21036209       0.20274476
       0.30217193       0.21190435       0.20452005
       0.30362469       0.21339863       0.20626194
       0.30502642       0.21484221       0.20796812
       0.30637408       0.21623231       0.20963628
       0.30766453       0.21756616       0.21126408
       0.30889453       0.21884092       0.21284916
       0.31006078       0.22005368       0.21438907
       0.31115985       0.22120149       0.21588132
       0.31218825       0.22228131       0.21732331
       0.31314238       0.22329001       0.21871233
       0.31401858       0.22422437       0.22004555
       0.31481309       0.22508109       0.22131998
       0.31552213       0.22585673       0.22253249
       0.31614183       0.22654777       0.22367973
       0.31666832       0.22715055       0.22475819
       0.31709770       0.22766132       0.22576412
       0.31742606       0.22807621       0.22669357
       0.31764956       0.22839122       0.22754235
       0.31776437       0.22860227       0.22830602
       0.31776679       0.22870517       0.22897989
       0.31765319       0.22869565       0.22955902
       0.31742012       0.22856935       0.23003821
       0.31706432       0.22832188       0.23041201
       0.31658276       0.22794879       0.23067472
       0.31597265       0.22744562       0.23082040
       0.31523158       0.22680793       0.23084288
       0.31435746       0.22603132       0.23073578
       0.31334865       0.22511147       0.23049250
       0.31220398       0.22404418       0.23010631
       0.31092284       0.22282541       0.22957031
       0.30950519       0.22145133       0.22887748
       0.30795169       0.21991837       0.22802077
       0.30626372       0.21822331       0.22699308
       0.30444347       0.21636330       0.22578733
       0.30249401       0.21433596       0.22439654
       0.30041939       0.21213947       0.22281389
       0.29822468       0.20977262       0.22103280
       0.29591608       0.20723497       0.21904698
       0.29350097       0.20452689       0.21685060
       0.29098806       0.20164969       0.21443835
       0.28838739       0.19860578       0.21180558
       0.28571046       0.19539877       0.20894847
       0.28297030       0.19203362       0.20586417
       0.28018153       0.18851680       0.20255100
       0.27736044       0.18485643       0.19900866
       0.27452502       0.18106250       0.19523846
       0.27169501       0.17714698       0.19124358
       0.26889193       0.17312406       0.18702938
       0.26613903       0.16901029       0.18260370
       0.26346131       0.16482478       0.17797720
       0.26088539       0.16058935       0.17316372
       0.25843943       0.15632868       0.16818069
       0.25615296       0.15207044       0.16304949
       0.25405661       0.14784533       0.15779587
       0.25218188       0.14368717       0.15245029
       0.25056073       0.13963280       0.14704829
       0.24922514       0.13572200       0.14163072
       0.24820661       0.13199722       0.13624395
       0.24753553       0.12850330       0.13093993
       0.24724054       0.12528695       0.12577603
       0.24734774       0.12239616       0.12081479
       0.24787993       0.11987943       0.11612332
       0.24885575       0.11778487       0.11177247
       0.25028892       0.11615910       0.10783573
       0.25218735       0.11504611       0.10438774
       0.25455251       0.11448597       0.10150259
       0.25737876       0.11451349       0.09925179
       0.26065294       0.11515693       0.09770205
       0.26435409       0.11643670       0.09691289
       0.26845350       0.11836431       0.09693434
       0.27291489       0.12094146       0.09780467
       0.27769499       0.12415940       0.09954843
       0.28274431       0.12799870       0.10217490
       0.28800815       0.13242936       0.10567705
       0.29342788       0.13741126       0.11003123
       0.29894227       0.14289508       0.11519743
       0.30448897       0.14882347       0.12112031
       0.31000592       0.15513254       0.12773087
       0.31543279       0.16175348       0.13494860
       0.32071215       0.16861433       0.14268404
       0.32579059       0.17564171       0.15084156
       0.33061952       0.18276242       0.15932216
       0.33515575       0.18990496       0.16802610
       0.33936193       0.19700073       0.17685528
       0.34320662       0.20398505       0.18571527
       0.34666428       0.21079791       0.19451686
       0.34971512       0.21738444       0.20317722
       0.35234479       0.22369526       0.21162056
       0.35454402       0.22968652       0.21977859
       0.35630824       0.23531994       0.22759049
       0.35763719       0.24056264       0.23500289
       0.35853453       0.24538700       0.24196951
       0.35900746       0.24977037       0.24845086
       0.35906638       0.25369490       0.25441389
       0.35872458       0.25714723       0.25983154
       0.35799795       0.26011822       0.26468248
       0.35690467       0.26260273       0.26895069
       0.35546497       0.26459928       0.27262520
       0.35370085       0.26610983       0.27569974
       0.35163582       0.26713941       0.27817242
       0.34929466       0.26769587       0.28004544
       0.34670313       0.26778954       0.28132466
       0.34388780       0.26743284       0.28201927
       0.34087576       0.26664005       0.28214138
       0.33769442       0.26542684       0.28170555
       0.33437133       0.26381007       0.28072839
       0.33093401       0.26180736       0.27922810
       0.32740979       0.25943687       0.27722397
       0.32382575       0.25671700       0.27473603
       0.32020858       0.25366615       0.27178457
       0.31658462       0.25030252       0.26838977
       0.31297977       0.24664399       0.26457137
       0.30941964       0.24270799       0.26034838
       0.30592953       0.23851143       0.25573878
       0.30253461       0.23407074       0.25075942
       0.29926004       0.22940190       0.24542582
       0.29613118       0.22452061       0.23975217
       0.29317380       0.21944243       0.23375136
       0.29041435       0.21418309       0.22743509
       0.28788022       0.20875885       0.22081413
       0.28560004       0.20318688       0.21389865
       0.28360402       0.19748584       0.20669877
       0.28192421       0.19167649       0.19922515
       0.28059485       0.18578237       0.19148990
       0.27965255       0.17983062       0.18350758
       0.27913653       0.17385291       0.17529657
       0.27908871       0.16788634       0.16688056
       0.27955362       0.16197450       0.15829039
       0.28057819       0.15616844       0.14956616
       0.28221125       0.15052765       0.14075951
       0.28450276       0.14512083       0.13193618
       0.28750262       0.14002653       0.12317849
       0.29125908       0.13533324       0.11458788
       0.29581674       0.13113916       0.10628694
       0.30121391       0.12755109       0.09842090
       0.30747964       0.12468257       0.09115796
       0.31463027       0.12265094       0.08468816
       0.32266571       0.12157333       0.07922021
       0.33156565       0.12156148       0.07497601
       0.34128606       0.12271551       0.07218234
       0.35175624       0.12511701       0.07105992
       0.36287689       0.12882166       0.07181001
       0.37451961       0.13385227       0.07459925
       0.38652818       0.14019274       0.07954412
       0.39872187       0.14778384       0.08669634
       0.41090073       0.15652150       0.09603125
       0.42285282       0.16625819       0.10744079
       0.43436278       0.17680747       0.12073249
       0.44522122       0.18795176       0.13563532
       0.45523400       0.19945250       0.15181208
       0.46423077       0.21106196       0.16887744
       0.47207184       0.22253553       0.18641964
       0.47865292       0.23364327       0.20402364
       0.48390757       0.24417983       0.22129324
       0.48780709       0.25397186       0.23787015
       0.49035837       0.26288264       0.25344836
       0.49159994       0.27081383       0.26778327
       0.49159692       0.27770471       0.28069539
       0.49043526       0.28352934       0.29206928
       0.48821591       0.28829224       0.30184869
       0.48504931       0.29202329       0.31002915
       0.48105038       0.29477228       0.31664900
       0.47633443       0.29660359       0.32178000
       0.47101371       0.29759142       0.32551829
       0.46519502       0.29781551       0.32797615
       0.45897783       0.29735772       0.32927500
       0.45245332       0.29629926       0.32953956
       0.44570372       0.29471864       0.32889345
       0.43880226       0.29269024       0.32745585
       0.43181335       0.29028332       0.32533923
       0.42479300       0.28756151       0.32264789
       0.41778937       0.28458260       0.31947717
       0.41084347       0.28139852       0.31591323
       0.40398977       0.27805559       0.31203313
       0.39725696       0.27459472       0.30790516
       0.39066856       0.27105187       0.30358943
       0.38424359       0.26745839       0.29913843
       0.37799707       0.26384144       0.29459773
       0.37194064       0.26022441       0.29000665
       0.36608295       0.25662729       0.28539890
       0.36043011       0.25306703       0.28080319
       0.35498606       0.24955790       0.27624381
       0.34975287       0.24611176       0.27174118
       0.34473107       0.24273839       0.26731226
       0.33991982       0.23944566       0.26297104
       0.33531721       0.23623983       0.25872885
       0.33092035       0.23312569       0.25459474
       0.32672562       0.23010679       0.25057577
       0.32272872       0.22718554       0.24667723
       0.31892486       0.22436338       0.24290291
       0.31530882       0.22164089       0.23925524
       0.31187505       0.21901791       0.23573554
       0.30861774       0.21649362       0.23234410
       0.30553088       0.21406664       0.22908034
       0.30260834       0.21173509       0.22594295
       0.29984390       0.20949667       0.22292993
       0.29723129       0.20734870       0.22003874
       0.29476423       0.20528820       0.21726635
       0.29243647       0.20331192       0.21460930
       0.29024182       0.20141640       0.21206378
       0.28817417       0.19959796       0.20962568
       0.28622750       0.19785282       0.20729063
       0.28439592       0.19617704       0.20505405
       0.28267370       0.19456664       0.20291118
       0.28105523       0.19301753       0.20085712
       0.27953510       0.19152563       0.19888687
       0.27810809       0.19008683       0.19699535
       0.27676918       0.18869703       0.19517741
       0.27551355       0.18735217       0.19342789
       0.27433663       0.18604825       0.19174161
       0.27323407       0.18478133       0.19011342
       0.27220178       0.18354757       0.18853820
       0.27123594       0.18234324       0.18701086
       0.27033298       0.18116475       0.18552642
       0.26948965       0.18000865       0.18407998
       0.26870297       0.17887166       0.18266674
       0.26797027       0.17775069       0.18128206
       0.26728920       0.17664286       0.17992144
       0.26665776       0.17554553       0.17858054
       0.26607427       0.17445629       0.17725526
       0.26553739       0.17337302       0.17594168
       0.26504617       0.17229390       0.17463616
       0.26460000       0.17121743       0.17333533
       0.26419867       0.17014245       0.17203614
       0.26384234       0.16906819       0.17073588
       0.26353156       0.16799426       0.16943220
       0.26326729       0.16692074       0.16812322
       0.26305085       0.16584813       0.16680747
       0.26288399       0.16477743       0.16548404
       0.26276880       0.16371015       0.16415253
       0.26270778       0.16264837       0.16281319
       0.26270376       0.16159470       0.16146689
       0.26275993       0.16055237       0.16011524
       0.26287977       0.15952519       0.15876062
       0.26306703       0.15851761       0.15740620
       0.26332571       0.15753472       0.15605605
       0.26365997       0.15658223       0.15471515
       0.26407409       0.15566648       0.15338941
       0.26457239       0.15479442       0.15208576
       0.26515916       0.15397357       0.15081212
       0.26583856       0.15321198       0.14957742
       0.26661454       0.15251820       0.14839159
       0.26749069       0.15190115       0.14726551
       0.26847016       0.15137007       0.14621099
       0.26955554       0.15093439       0.14524061
       0.27074869       0.15060360       0.14436770
       0.27205068       0.15038710       0.14360607
       0.27346161       0.15029406       0.14296993
       0.27498052       0.15033319       0.14247360
       0.27660529       0.15051258       0.14213127
       0.27833252       0.15083950       0.14195670
       0.28015749       0.15132019       0.14196294
       0.28207409       0.15195965       0.14216196
       0.28407482       0.15276148       0.14256430
       0.28615080       0.15372766       0.14317875
       0.28829184       0.15485845       0.14401197
       0.29048650       0.15615224       0.14506825
       0.29272223       0.15760550       0.14634916
       0.29498556       0.15921272       0.14785338
       0.29726231       0.16096646       0.14957654
       0.29953776       0.16285741       0.15151116
       0.30179700       0.16487449       0.15364663
       0.30402516       0.16700508       0.15596937
       0.30620769       0.16923519       0.15846296
       0.30833069       0.17154975       0.16110851
       0.31038115       0.17393294       0.16388495
       0.31234724       0.17636843       0.16676953
       0.31421852       0.17883980       0.16973826
       0.31598618       0.18133083       0.17276648
       0.31764315       0.18382582       0.17582934
       0.31918424       0.18630990       0.17890243
       0.32060620       0.18876929       0.18196220
       0.32190773       0.19119156       0.18498646
       0.32308946       0.19356577       0.18795483
       0.32415387       0.19588263       0.19084903
       0.32510516       0.19813457       0.19365320
       0.32594911       0.20031579       0.19635403
       0.32669293       0.20242224       0.19894094
       0.32734503       0.20445158       0.20140604
       0.32791479       0.20640305       0.20374416
       0.32841240       0.20827740       0.20595267
       0.32884861       0.21007669       0.20803140
       0.32923450       0.21180417       0.20998237
       0.32958130       0.21346404       0.21180958
       0.32990019       0.21506135       0.21351877
       0.33020212       0.21660174       0.21511710
       0.33049767       0.21809130       0.21661292
       0.33079690       0.21953639       0.21801546
       0.33110924       0.22094346       0.21933459
       0.33144340       0.22231895       0.22058054
       0.33180730       0.22366910       0.22176371
       0.33220798       0.22499990       0.22289441
       0.33265163       0.22631691       0.22398272
       0.33314352       0.22762527       0.22503832
       0.33368800       0.22892957       0.22607033
       0.33428853       0.23023384       0.22708723
       0.33494770       0.23154148       0.22809675
       0.33566723       0.23285526       0.22910584
       0.33644805       0.23417734       0.23012057
       0.33729031       0.23550921       0.23114617
       0.33819343       0.23685174       0.23218698
       0.33915620       0.23820521       0.23324647
       0.34017676       0.23956930       0.23432727
       0.34125269       0.24094314       0.23543116
       0.34238110       0.24232535       0.23655917
       0.34355860       0.24371405       0.23771158
       0.34478141       0.24510692       0.23888799
       0.34604541       0.24650122       0.24008735
       0.34734612       0.24789385       0.24130803
       0.34867883       0.24928136       0.24254788
       0.35003855       0.25065995       0.24380424
       0.35142009       0.25202559       0.24507404
       0.35281810       0.25337395       0.24635379
