       0.24731540       0.14496187       0.14398047
       0.24755257       0.14410671       0.14271432
       0.24787404       0.14331185       0.14148814
       0.24828381       0.14258480       0.14031023
       0.24878569       0.14193332       0.13918957
       0.24938318       0.14136540       0.13813578
       0.25007942       0.14088919       0.13715904
       0.25087711       0.14051282       0.13626999
       0.25177840       0.14024440       0.13547961
       0.25278482       0.14009182       0.13479911
       0.25389720       0.14006266       0.13423975
       0.25511560       0.14016408       0.13381269
       0.25643926       0.14040263       0.13352876
       0.25786653       0.14078418       0.13339827
       0.25939485       0.14131374       0.13343082
       0.26102078       0.14199534       0.13363503
       0.26273992       0.14283197       0.13401835
       0.26454702       0.14382541       0.13458687
       0.26643601       0.14497623       0.13534508
       0.26840005       0.14628366       0.13629573
       0.27043167       0.14774565       0.13743972
       0.27252286       0.14935883       0.13877598
       0.27466523       0.15111853       0.14030141
       0.27685016       0.15301893       0.14201092
       0.27906896       0.15505306       0.14389750
       0.28131303       0.15721302       0.14595228
       0.28357406       0.15949009       0.14816473
       0.28584417       0.16187488       0.15052288
       0.28811610       0.16435761       0.15301357
       0.29038330       0.16692820       0.15562272
       0.29264010       0.16957654       0.15833567
       0.29488178       0.17229268       0.16113746
       0.29710465       0.17506696       0.16401322
       0.29930607       0.17789024       0.16694840
       0.30148451       0.18075399       0.16992911
       0.30363947       0.18365045       0.17294237
       0.30577148       0.18657268       0.17597630
       0.30788203       0.18951462       0.17902033
       0.30997345       0.19247114       0.18206526
       0.31204884       0.19543800       0.18510342
       0.31411192       0.19841186       0.18812860
       0.31616692       0.20139018       0.19113608
       0.31821843       0.20437118       0.19412255
       0.32027130       0.20735373       0.19708599
       0.32233048       0.21033727       0.20002556
       0.32440093       0.21332169       0.20294144
       0.32648751       0.21630721       0.20583464
       0.32859484       0.21929428       0.20870683
       0.33072730       0.22228351       0.21156017
       0.33288891       0.22527554       0.21439716
       0.33508330       0.22827095       0.21722042
       0.33731369       0.23127027       0.22003260
       0.33958285       0.23427382       0.22283624
       0.34189312       0.23728175       0.22563367
       0.34424641       0.24029400       0.22842692
       0.34664421       0.24331025       0.23121767
       0.34908766       0.24632999       0.23400724
       0.35157750       0.24935247       0.23679656
       0.35411418       0.25237675       0.23958618
       0.35669787       0.25540174       0.24237630
       0.35932850       0.25842621       0.24516684
       0.36200579       0.26144884       0.24795743
       0.36472925       0.26446827       0.25074754
       0.36749828       0.26748309       0.25353652
       0.37031211       0.27049195       0.25632364
       0.37316987       0.27349353       0.25910820
       0.37607054       0.27648657       0.26188956
       0.37901299       0.27946992       0.26466719
       0.38199596       0.28244255       0.26744076
       0.38501804       0.28540349       0.27021013
       0.38807764       0.28835192       0.27297539
       0.39117298       0.29128708       0.27573686
       0.39430203       0.29420831       0.27849512
       0.39746250       0.29711498       0.28125097
       0.40065181       0.30000648       0.28400543
       0.40386702       0.30288216       0.28675966
       0.40710481       0.30574132       0.28951497
       0.41036144       0.30858314       0.29227272
       0.41363272       0.31140664       0.29503429
       0.41691397       0.31421061       0.29780098
       0.42019999       0.31699358       0.30057396
       0.42348505       0.31975377       0.30335415
       0.42676287       0.32248900       0.30614220
       0.43002660       0.32519669       0.30893834
       0.43326881       0.32787378       0.31174236
       0.43648154       0.33051673       0.31455347
       0.43965624       0.33312141       0.31737026
       0.44278387       0.33568314       0.32019065
       0.44585487       0.33819663       0.32301176
       0.44885920       0.34065597       0.32582989
       0.45178642       0.34305460       0.32864049
       0.45462571       0.34538533       0.33143808
       0.45736594       0.34764031       0.33421623
       0.45999572       0.34981106       0.33696753
       0.46250349       0.35188847       0.33968360
       0.46487757       0.35386281       0.34235506
       0.46710626       0.35572379       0.34497155
       0.46917792       0.35746053       0.34752170
       0.47108104       0.35906166       0.34999322
       0.47280435       0.36051528       0.35237285
       0.47433689       0.36180906       0.35464644
       0.47566811       0.36293028       0.35679896
       0.47678796       0.36386582       0.35881454
       0.47768703       0.36460227       0.36067649
       0.47835656       0.36512592       0.36236736
       0.47878864       0.36542286       0.36386896
       0.47897623       0.36547898       0.36516238
       0.47891334       0.36528008       0.36622803
       0.47859509       0.36481184       0.36704564
       0.47801787       0.36405998       0.36759430
       0.47717947       0.36301024       0.36785246
       0.47607919       0.36164849       0.36779793
       0.47471805       0.35996083       0.36740790
       0.47309894       0.35793366       0.36665890
       0.47122682       0.35555383       0.36552688
       0.46910896       0.35280876       0.36398720
       0.46675518       0.34968668       0.36201463
       0.46417811       0.34617681       0.35958350
       0.46139356       0.34226968       0.35666773
       0.45842082       0.33795744       0.35324107
       0.45528309       0.33323437       0.34927732
       0.45200786       0.32809735       0.34475070
       0.44862740       0.32254652       0.33963637
       0.44517923       0.31658606       0.33391113
       0.44170657       0.31022512       0.32755432
       0.43825885       0.30347888       0.32054907
       0.43489213       0.29636982       0.31288384
       0.43166940       0.28892911       0.30455441
       0.42866084       0.28119818       0.29556628
       0.42594374       0.27323043       0.28593772
       0.42360222       0.26509295       0.27570320
       0.42172649       0.25686826       0.26491746
       0.42041158       0.24865577       0.25366000
       0.41975543       0.24057298       0.24203980
       0.41985621       0.23275598       0.23020003
       0.42080870       0.22535900       0.21832224
       0.42269983       0.21855272       0.20662929
       0.42560320       0.21252089       0.19538638
       0.42957289       0.20745500       0.18489901
       0.43463676       0.20354680       0.17550692
       0.44078972       0.20097860       0.16757316
       0.44798762       0.19991171       0.16146762
       0.45614245       0.20047364       0.15754524
       0.46511989       0.20274507       0.15611983
       0.47473977       0.20674815       0.15743545
       0.48478019       0.21243750       0.16163858
       0.49498545       0.21969576       0.16875464
       0.50507761       0.22833466       0.17867288
       0.51477068       0.23810236       0.19114275
       0.52378642       0.24869668       0.20578358
       0.53186996       0.25978311       0.22210718
       0.53880374       0.27101549       0.23955114
       0.54441820       0.28205720       0.25751854
       0.54859848       0.29260040       0.27541906
       0.55128663       0.30238141       0.29270663
       0.55247951       0.31119103       0.30890941
       0.55222326       0.31887944       0.32364996
       0.55060523       0.32535603       0.33665472
       0.54774452       0.33058505       0.34775393
       0.54378218       0.33457835       0.35687368
       0.53887193       0.33738640       0.36402270
       0.53317199       0.33908883       0.36927630
       0.52683831       0.33978530       0.37275957
       0.52001948       0.33958728       0.37463136
       0.51285296       0.33861124       0.37507025
       0.50546289       0.33697314       0.37426285
       0.49795879       0.33478440       0.37239473
       0.49043537       0.33214908       0.36964375
       0.48297280       0.32916205       0.36617553
       0.47563757       0.32590813       0.36214068
       0.46848359       0.32246174       0.35767347
       0.46155344       0.31888712       0.35289149
       0.45487966       0.31523882       0.34789606
       0.44848608       0.31156236       0.34277319
       0.44238903       0.30789509       0.33759472
       0.43659849       0.30426701       0.33241971
       0.43111910       0.30070159       0.32729580
       0.42595114       0.29721666       0.32226063
       0.42109129       0.29382509       0.31734311
       0.41653336       0.29053550       0.31256457
       0.41226893       0.28735292       0.30793992
       0.40828781       0.28427934       0.30347856
       0.40457859       0.28131416       0.29918526
       0.40112893       0.27845470       0.29506087
       0.39792596       0.27569651       0.29110303
       0.39495652       0.27303377       0.28730668
       0.39220739       0.27045952       0.28366454
       0.38966554       0.26796599       0.28016758
       0.38731825       0.26554476       0.27680535
       0.38515329       0.26318700       0.27356628
       0.38315904       0.26088364       0.27043798
       0.38132459       0.25862554       0.26740745
       0.37963986       0.25640363       0.26446131
       0.37809565       0.25420904       0.26158601
       0.37668376       0.25203327       0.25876794
       0.37539705       0.24986829       0.25599368
       0.37422945       0.24770665       0.25325007
       0.37317611       0.24554166       0.25052444
       0.37223338       0.24336746       0.24780471
       0.37139885       0.24117919       0.24507960
       0.37067147       0.23897313       0.24233878
       0.37005147       0.23674679       0.23957305
       0.36954046       0.23449912       0.23677458
       0.36914142       0.23223065       0.23393711
       0.36885864       0.22994360       0.23105618
       0.36869777       0.22764210       0.22812946
       0.36866569       0.22533230       0.22515697
       0.36877048       0.22302254       0.22214143
       0.36902127       0.22072348       0.21908860
       0.36942808       0.21844819       0.21600756
       0.37000162       0.21621227       0.21291110
       0.37075302       0.21403385       0.20981600
       0.37169350       0.21193357       0.20674332
       0.37283400       0.20993453       0.20371863
       0.37418475       0.20806204       0.20077209
       0.37575472       0.20634340       0.19793855
       0.37755109       0.20480747       0.19525731
       0.37957865       0.20348413       0.19277187
       0.38183912       0.20240368       0.19052929
       0.38433056       0.20159596       0.18857947
       0.38704671       0.20108953       0.18697395
       0.38997643       0.20091057       0.18576463
       0.39310320       0.20108180       0.18500206
       0.39640479       0.20162137       0.18473358
       0.39985306       0.20254171       0.18500127
       0.40341399       0.20384852       0.18583979
       0.40704793       0.20553987       0.18727428
       0.41071010       0.20760553       0.18931838
       0.41435138       0.21002664       0.19197262
       0.41791931       0.21277558       0.19522316
       0.42135932       0.21581637       0.19904120
       0.42461613       0.21910533       0.20338297
       0.42763521       0.22259216       0.20819047
       0.43036437       0.22622131       0.21339289
       0.43275517       0.22993365       0.21890874
       0.43476428       0.23366818       0.22464838
       0.43635468       0.23736395       0.23051707
       0.43749647       0.24096185       0.23641810
       0.43816755       0.24440623       0.24225597
       0.43835392       0.24764640       0.24793937
       0.43804961       0.25063776       0.25338381
       0.43725650       0.25334261       0.25851375
       0.43598371       0.25573073       0.26326422
       0.43424695       0.25777946       0.26758187
       0.43206762       0.25947370       0.27142541
       0.42947187       0.26080545       0.27476555
       0.42648963       0.26177330       0.27758453
       0.42315360       0.26238173       0.27987524
       0.41949836       0.26264027       0.28164016
       0.41555948       0.26256273       0.28289006
       0.41137280       0.26216630       0.28364265
       0.40697369       0.26147077       0.28392127
       0.40239662       0.26049779       0.28375355
       0.39767461       0.25927017       0.28317024
       0.39283897       0.25781133       0.28220409
       0.38791902       0.25614477       0.28088896
       0.38294195       0.25429367       0.27925896
       0.37793273       0.25228052       0.27734783
       0.37291407       0.25012693       0.27518839
       0.36790645       0.24785339       0.27281217
       0.36292817       0.24547913       0.27024907
       0.35799546       0.24302208       0.26752718
       0.35312256       0.24049880       0.26467265
       0.34832186       0.23792447       0.26170961
       0.34360401       0.23531294       0.25866020
       0.33897809       0.23267669       0.25554456
       0.33445169       0.23002699       0.25238089
       0.33003110       0.22737387       0.24918556
       0.32572138       0.22472624       0.24597319
       0.32152652       0.22209194       0.24275676
       0.31744953       0.21947784       0.23954772
       0.31349257       0.21688988       0.23635607
       0.30965702       0.21433317       0.23319056
       0.30594356       0.21181205       0.23005870
       0.30235232       0.20933017       0.22696693
       0.29888285       0.20689051       0.22392067
       0.29553430       0.20449552       0.22092447
       0.29230540       0.20214708       0.21798205
       0.28919453       0.19984664       0.21509640
       0.28619981       0.19759522       0.21226986
       0.28331911       0.19539344       0.20950415
       0.28055008       0.19324162       0.20680050
       0.27789024       0.19113977       0.20415965
       0.27533695       0.18908764       0.20158191
       0.27288749       0.18708474       0.19906725
       0.27053906       0.18513040       0.19661529
       0.26828879       0.18322378       0.19422537
       0.26613383       0.18136389       0.19189658
       0.26407128       0.17954962       0.18962778
       0.26209828       0.17777977       0.18741768
       0.26021199       0.17605305       0.18526479
       0.25840962       0.17436813       0.18316750
       0.25668843       0.17272364       0.18112411
       0.25504577       0.17111819       0.17913283
       0.25347907       0.16955039       0.17719178
       0.25198587       0.16801887       0.17529908
       0.25056380       0.16652228       0.17345279
       0.24921063       0.16505933       0.17165100
       0.24792425       0.16362878       0.16989178
       0.24670270       0.16222948       0.16817327
       0.24554416       0.16086038       0.16649364
       0.24444697       0.15952050       0.16485113
       0.24340964       0.15820902       0.16324408
       0.24243083       0.15692523       0.16167091
       0.24150940       0.15566858       0.16013018
       0.24064438       0.15443868       0.15862059
       0.23983498       0.15323530       0.15714098
       0.23908059       0.15205840       0.15569040
       0.23838082       0.15090815       0.15426805
       0.23773542       0.14978490       0.15287338
       0.23714436       0.14868925       0.15150603
       0.23660779       0.14762199       0.15016590
       0.23612603       0.14658417       0.14885316
       0.23569957       0.14557706       0.14756826
       0.23532907       0.14460220       0.14631190
       0.23501534       0.14366134       0.14508513
       0.23475934       0.14275650       0.14388929
       0.23456214       0.14188993       0.14272606
       0.23442494       0.14106414       0.14159742
       0.23434900       0.14028185       0.14050571
       0.23433568       0.13954602       0.13945360
       0.23438637       0.13885979       0.13844409
       0.23450247       0.13822651       0.13748048
       0.23468538       0.13764971       0.13656641
       0.23493648       0.13713302       0.13570579
       0.23525705       0.13668022       0.13490280
       0.23564829       0.13629515       0.13416186
       0.23611128       0.13598172       0.13348757
       0.23664692       0.13574380       0.13288471
       0.23725594       0.13558526       0.13235814
       0.23793883       0.13550986       0.13191279
       0.23869586       0.13552125       0.13155358
       0.23952702       0.13562288       0.13128533
       0.24043202       0.13581798       0.13111276
       0.24141027       0.13610952       0.13104032
       0.24246088       0.13650011       0.13107220
       0.24358262       0.13699202       0.13121223
       0.24477399       0.13758713       0.13146380
       0.24603316       0.13828686       0.13182979
       0.24735805       0.13909218       0.13231252
       0.24874628       0.14000356       0.13291370
       0.25019527       0.14102099       0.13363438
       0.25170225       0.14214397       0.13447491
       0.25326427       0.14337147       0.13543494
       0.25487829       0.14470203       0.13651340
       0.25654122       0.14613370       0.13770851
       0.25824995       0.14766413       0.13901782
       0.26000143       0.14929059       0.14043824
       0.26179269       0.15101000       0.14196606
       0.26362092       0.15281902       0.14359710
       0.26548351       0.15471408       0.14532671
       0.26737806       0.15669143       0.14714989
       0.26930247       0.15874725       0.14906136
       0.27125491       0.16087764       0.15105571
       0.27323389       0.16307873       0.15312743
       0.27523824       0.16534669       0.15527103
       0.27726711       0.16767780       0.15748116
       0.27932001       0.17006850       0.15975262
       0.28139672       0.17251537       0.16208050
       0.28349734       0.17501519       0.16446020
       0.28562223       0.17756496       0.16688747
       0.28777197       0.18016186       0.16935846
       0.28994733       0.18280330       0.17186970
       0.29214923       0.18548686       0.17441815
       0.29437871       0.18821029       0.17700113
       0.29663685       0.19097150       0.17961635
       0.29892478       0.19376853       0.18226181
       0.30124359       0.19659948       0.18493583
       0.30359432       0.19946255       0.18763693
       0.30597794       0.20235596       0.19036381
       0.30839530       0.20527791       0.19311530
       0.31084712       0.20822662       0.19589030
       0.31333398       0.21120024       0.19868772
       0.31585628       0.21419687       0.20150644
       0.31841430       0.21721455       0.20434529
       0.32100815       0.22025125       0.20720300
       0.32363778       0.22330485       0.21007819
       0.32630301       0.22637318       0.21296933
       0.32900354       0.22945400       0.21587481
       0.33173893       0.23254506       0.21879288
       0.33450867       0.23564404       0.22172168
       0.33731217       0.23874867       0.22465931
       0.34014875       0.24185668       0.22760380
       0.34301769       0.24496585       0.23055317
       0.34591823       0.24807403       0.23350551
       0.34884955       0.25117917       0.23645894
       0.35181080       0.25427934       0.23941173
       0.35480111       0.25737274       0.24236228
       0.35781953       0.26045770       0.24530919
       0.36086507       0.26353271       0.24825129
       0.36393667       0.26659645       0.25118765
       0.36703317       0.26964771       0.25411761
       0.37015329       0.27268545       0.25704078
       0.37329560       0.27570879       0.25995707
       0.37645850       0.27871693       0.26286666
       0.37964018       0.28170920       0.26576999
       0.38283860       0.28468498       0.26866774
       0.38605141       0.28764370       0.27156082
       0.38927599       0.29058480       0.27445030
       0.39250935       0.29350768       0.27733738
       0.39574812       0.29641166       0.28022334
       0.39898855       0.29929595       0.28310949
       0.40222643       0.30215961       0.28599708
       0.40545711       0.30500150       0.28888730
       0.40867548       0.30782023       0.29178112
       0.41187593       0.31061413       0.29467932
       0.41505238       0.31338121       0.29758235
       0.41819824       0.31611915       0.30049031
       0.42130646       0.31882522       0.30340286
       0.42436951       0.32149631       0.30631920
       0.42737939       0.32412885       0.30923794
       0.43032772       0.32671885       0.31215717
       0.43320568       0.32926185       0.31507429
       0.43600412       0.33175296       0.31798609
       0.43871357       0.33418681       0.32088864
       0.44132430       0.33655759       0.32377734
       0.44382635       0.33885907       0.32664687
       0.44620962       0.34108459       0.32949120
       0.44846393       0.34322713       0.33230363
       0.45057902       0.34527930       0.33507679
       0.45254471       0.34723341       0.33780266
       0.45435090       0.34908147       0.34047262
       0.45598763       0.35081530       0.34307751
       0.45744519       0.35242649       0.34560766
       0.45871414       0.35390653       0.34805296
       0.45978540       0.35524681       0.35040292
       0.46065029       0.35643869       0.35264674
       0.46130060       0.35747355       0.35477337
       0.46172861       0.35834283       0.35677160
       0.46192716       0.35903812       0.35863009
       0.46188971       0.35955114       0.36033749
       0.46161034       0.35987383       0.36188248
       0.46108380       0.35999839       0.36325382
       0.46030555       0.35991732       0.36444046
       0.45927176       0.35962342       0.36543153
       0.45797934       0.35910987       0.36621645
       0.45642599       0.35837024       0.36678495
       0.45461016       0.35739850       0.36712711
       0.45253108       0.35618906       0.36723337
       0.45018879       0.35473677       0.36709463
       0.44758413       0.35303697       0.36670217
       0.44471875       0.35108546       0.36604774
       0.44159510       0.34887852       0.36512356
       0.43821647       0.34641296       0.36392228
       0.43458697       0.34368607       0.36243702
       0.43071155       0.34069567       0.36066135
       0.42659605       0.33744010       0.35858927
       0.42224714       0.33391824       0.35621522
       0.41767243       0.33012952       0.35353405
       0.41288044       0.32607394       0.35054102
       0.40788069       0.32175213       0.34723178
       0.40268368       0.31716531       0.34360235
       0.39730102       0.31231540       0.33964915
       0.39174541       0.30720504       0.33536898
       0.38603081       0.30183768       0.33075905
       0.38017242       0.29621761       0.32581698
       0.37418686       0.29035014       0.32054091
       0.36809222       0.28424164       0.31492948
       0.36190821       0.27789970       0.30898201
       0.35565624       0.27133334       0.30269858
       0.34935959       0.26455311       0.29608018
       0.34304351       0.25757142       0.28912899
       0.33673537       0.25040266       0.28184853
       0.33046476       0.24306360       0.27424409
       0.32426365       0.23557358       0.26632305
       0.31816642       0.22795496       0.25809533
       0.31220998       0.22023338       0.24957398
       0.30643376       0.21243820       0.24077580
       0.30087966       0.20460284       0.23172201
       0.29559197       0.19676519       0.22243908
       0.29061713       0.18896796       0.21295963
       0.28600343       0.18125896       0.20332332
       0.28180052       0.17369132       0.19357784
       0.27805880       0.16632361       0.18377984
       0.27482864       0.15921977       0.17399582
       0.27215935       0.15244881       0.16430284
       0.27009800       0.14608431       0.15478897
       0.26868803       0.14020354       0.14555343
       0.26796767       0.13488623       0.13670616
       0.26796823       0.13021299       0.12836679
       0.26871231       0.12626326       0.12066286
       0.27021197       0.12311291       0.11372720
       0.27246706       0.12083150       0.10769434
       0.27546373       0.11947927       0.10269606
       0.27917333       0.11910407       0.09885623
       0.28355177       0.11973836       0.09628491
       0.28853956       0.12139654       0.09507243
       0.29406247       0.12407282       0.09528352
       0.30003302       0.12773984       0.09695219
       0.30635266       0.13234836       0.10007782
       0.31291464       0.13782791       0.10462296
       0.31960733       0.14408867       0.11051307
       0.32631794       0.15102436       0.11763854
       0.33293614       0.15851600       0.12585880
       0.33935766       0.16643631       0.13500824
       0.34548735       0.17465436       0.14490358
       0.35124167       0.18304015       0.15535189
       0.35655039       0.19146885       0.16615872
       0.36135757       0.19982435       0.17713567
       0.36562167       0.20800197       0.18810678
       0.36931506       0.21591026       0.19891350
       0.37242292       0.22347194       0.20941796
       0.37494177       0.23062395       0.21950466
       0.37687772       0.23731683       0.22908055
       0.37824475       0.24351370       0.23807404
       0.37906290       0.24918876       0.24643306
       0.37935672       0.25432578       0.25412252
       0.37915389       0.25891649       0.26112164
       0.37848405       0.26295913       0.26742121
       0.37737793       0.26645706       0.27302104
       0.37586667       0.26941770       0.27792782
       0.37398136       0.27185154       0.28215325
       0.37175271       0.27377145       0.28571259
       0.36921088       0.27519210       0.28862358
       0.36638536       0.27612953       0.29090567
       0.36330498       0.27660083       0.29257943
       0.35999784       0.27662390       0.29366624
       0.35649137       0.27621725       0.29418803
       0.35281231       0.27539984       0.29416711
       0.34898675       0.27419094       0.29362607
       0.34504009       0.27260997       0.29258768
       0.34099707       0.27067637       0.29107474
       0.33688177       0.26840946       0.28910999
       0.33271755       0.26582830       0.28671595
       0.32852708       0.26295156       0.28391473
       0.32433238       0.25979741       0.28072792
       0.32015476       0.25638338       0.27717634
       0.31601490       0.25272631       0.27327992
       0.31193289       0.24884225       0.26905751
       0.30792830       0.24474644       0.26452672
       0.30402028       0.24045329       0.25970383
       0.30022766       0.23597639       0.25460365
       0.29656911       0.23132859       0.24923947
       0.29306329       0.22652212       0.24362306
       0.28972905       0.22156866       0.23776466
       0.28658566       0.21647965       0.23167307
       0.28365302       0.21126642       0.22535582
       0.28095193       0.20594060       0.21881936
       0.27850437       0.20051444       0.21206935
       0.27633376       0.19500124       0.20511112
       0.27446530       0.18941591       0.19795017
       0.27292617       0.18377553       0.19059283
       0.27174583       0.17810003       0.18304712
       0.27095624       0.17241295       0.17532378
       0.27059197       0.16674220       0.16743743
       0.27069022       0.16112099       0.15940811
       0.27129081       0.15558867       0.15126287
       0.27243579       0.15019161       0.14303772
       0.27416903       0.14498401       0.13477966
       0.27653537       0.14002855       0.12654891
       0.27957955       0.13539680       0.11842111
       0.28334465       0.13116933       0.11048943
       0.28787019       0.12743522       0.10286621
       0.29318982       0.12429107       0.09568414
       0.29932849       0.12183916       0.08909625
       0.30629940       0.12018474       0.08327474
       0.31410069       0.11943239       0.07840785
       0.32271208       0.11968132       0.07469483
       0.33209180       0.12101992       0.07233847
       0.34217400       0.12351961       0.07153535
       0.35286717       0.12722845       0.07246407
       0.36405368       0.13216505       0.07527205
       0.37559102       0.13831332       0.08006202
       0.38731461       0.14561889       0.08687935
       0.39904257       0.15398751       0.09570199
       0.41058193       0.16328626       0.10643420
       0.42173625       0.17334740       0.11890547
       0.43231382       0.18397498       0.13287526
       0.44213592       0.19495365       0.14804334
       0.45104448       0.20605889       0.16406505
       0.45890836       0.21706779       0.18056997
       0.46562787       0.22776937       0.19718205
       0.47113722       0.23797349       0.21353917
       0.47540487       0.24751783       0.22931037
       0.47843197       0.25627244       0.24420925
       0.48024913       0.26414174       0.25800301
       0.48091214       0.27106439       0.27051666
       0.48049694       0.27701110       0.28163315
       0.47909446       0.28198117       0.29128989
       0.47680555       0.28599807       0.29947275
       0.47373635       0.28910462       0.30620850
       0.46999439       0.29135827       0.31155662
       0.46568525       0.29282661       0.31560114
       0.46091010       0.29358334       0.31844305
       0.45576383       0.29370503       0.32019369
       0.45033389       0.29326832       0.32096915
       0.44469952       0.29234786       0.32088587
       0.43893157       0.29101478       0.32005720
       0.43309249       0.28933565       0.31859101
       0.42723664       0.28737182       0.31658802
       0.42141075       0.28517909       0.31414086
       0.41565448       0.28280765       0.31133355
       0.41000101       0.28030215       0.30824149
       0.40447770       0.27770195       0.30493162
       0.39910669       0.27504140       0.30146282
       0.39390550       0.27235019       0.29788642
       0.38888759       0.26965377       0.29424682
       0.38406288       0.26697369       0.29058202
       0.37943822       0.26432797       0.28692432
       0.37501782       0.26173150       0.28330084
       0.37080361       0.25919635       0.27973408
       0.36679559       0.25673206       0.27624249
       0.36299214       0.25434596       0.27284088
       0.35939025       0.25204342       0.26954086
       0.35598577       0.24982807       0.26635127
       0.35277361       0.24770202       0.26327848
       0.34974792       0.24566607       0.26032669
       0.34690222       0.24371985       0.25749828
       0.34422955       0.24186197       0.25479396
       0.34172260       0.24009018       0.25221303
       0.33937378       0.23840149       0.24975360
       0.33717534       0.23679226       0.24741268
       0.33511941       0.23525829       0.24518642
       0.33319812       0.23379494       0.24307017
       0.33140358       0.23239717       0.24105862
       0.32972804       0.23105964       0.23914592
       0.32816381       0.22977674       0.23732573
       0.32670342       0.22854268       0.23559135
       0.32533955       0.22735149       0.23393575
       0.32406516       0.22619712       0.23235162
       0.32287343       0.22507344       0.23083146
       0.32175785       0.22397428       0.22936763
       0.32071223       0.22289350       0.22795233
       0.31973068       0.22182497       0.22657769
       0.31880772       0.22076261       0.22523579
       0.31793822       0.21970046       0.22391868
       0.31711746       0.21863266       0.22261839
       0.31634117       0.21755349       0.22132698
       0.31560554       0.21645740       0.22003655
       0.31490722       0.21533906       0.21873926
       0.31424339       0.21419336       0.21742734
       0.31361180       0.21301547       0.21609313
       0.31301075       0.21180086       0.21472913
       0.31243917       0.21054535       0.21332797
       0.31189665       0.20924519       0.21188251
       0.31138348       0.20789705       0.21038586
       0.31090066       0.20649817       0.20883144
       0.31045001       0.20504634       0.20721304
       0.31003416       0.20354004       0.20552489
       0.30965660       0.20197852       0.20376180
       0.30932174       0.20036186       0.20191921
       0.30903495       0.19869112       0.19999336
       0.30880254       0.19696844       0.19798143
       0.30863187       0.19519713       0.19588170
       0.30853128       0.19338185       0.19369375
       0.30851012       0.19152872       0.19141869
       0.30857876       0.18964543       0.18905937
       0.30874847       0.18774142       0.18662066
       0.30903142       0.18582797       0.18410975
       0.30944054       0.18391831       0.18153639
       0.30998936       0.18202772       0.17891322
       0.31069186       0.18017361       0.17625605
       0.31156218       0.17837549       0.17358413
       0.31261438       0.17665497       0.17092041
       0.31386207       0.17503565       0.16829167
       0.31531801       0.17354296       0.16572868
       0.31699365       0.17220387       0.16326614
       0.31889863       0.17104653       0.16094254
       0.32104027       0.17009980       0.15879989
       0.32342295       0.16939264       0.15688312
       0.32604756       0.16895346       0.15523946
       0.32891098       0.16880923       0.15391736
       0.33200553       0.16898467       0.15296537
       0.33531857       0.16950123       0.15243065
       0.33883216       0.17037612       0.15235736
       0.34252295       0.17162139       0.15278488
       0.34636212       0.17324298       0.15374594
       0.35031566       0.17524000       0.15526481
       0.35434475       0.17760414       0.15735561
       0.35840647       0.18031933       0.16002085
       0.36245465       0.18336171       0.16325035
       0.36644095       0.18669989       0.16702067
       0.37031605       0.19029553       0.17129504
       0.37403099       0.19410426       0.17602394
       0.37753854       0.19807684       0.18114622
       0.38079449       0.20216060       0.18659086
       0.38375888       0.20630097       0.19227916
       0.38639712       0.21044311       0.19812728
       0.38868079       0.21453352       0.20404898
       0.39058829       0.21852152       0.20995841
       0.39210522       0.22236061       0.21577280
       0.39322440       0.22600956       0.22141483
       0.39394578       0.22943318       0.22681467
       0.39427599       0.23260290       0.23191158
       0.39422781       0.23549703       0.23665496
       0.39381941       0.23810068       0.24100496
       0.39307351       0.24040555       0.24493259
       0.39201655       0.24240947       0.24841943
       0.39067779       0.24411579       0.25145701
       0.38908841       0.24553272       0.25404590
       0.38728072       0.24667251       0.25619464
       0.38528744       0.24755078       0.25791859
       0.38314101       0.24818564       0.25923865
       0.38087306       0.24859711       0.26018012
       0.37851394       0.24880633       0.26077154
       0.37609238       0.24883510       0.26104364
       0.37363516       0.24870526       0.26102840
       0.37116698       0.24843833       0.26075826
       0.36871028       0.24805514       0.26026540
       0.36628522       0.24757552       0.25958123
       0.36390963       0.24701812       0.25873588
       0.36159908       0.24640022       0.25775788
       0.35936692       0.24573766       0.25667391
       0.35722436       0.24504471       0.25550863
       0.35518063       0.24433411       0.25428452
       0.35324303       0.24361705       0.25302192
       0.35141711       0.24290317       0.25173894
       0.34970681       0.24220062       0.25045152
       0.34811456       0.24151612       0.24917348
       0.34664143       0.24085504       0.24791662
       0.34528729       0.24022143       0.24669080
       0.34405090       0.23961816       0.24550400
       0.34293006       0.23904694       0.24436250
       0.34192169       0.23850844       0.24327095
       0.34102202       0.23800238       0.24223248
       0.34022660       0.23752758       0.24124883
       0.33953046       0.23708203       0.24032045
       0.33892820       0.23666303       0.23944660
       0.33841404       0.23626718       0.23862546
       0.33798195       0.23589050       0.23785423
       0.33762569       0.23552849       0.23712918
       0.33733889       0.23517618       0.23644580
       0.33711516       0.23482819       0.23579883
       0.33694807       0.23447880       0.23518234
       0.33683129       0.23412197       0.23458980
       0.33675862       0.23375144       0.23401416
       0.33672402       0.23336074       0.23344788
       0.33672172       0.23294323       0.23288298
       0.33674623       0.23249219       0.23231113
       0.33679242       0.23200084       0.23172362
       0.33685556       0.23146237       0.23111148
       0.33693140       0.23087001       0.23046546
       0.33701621       0.23021709       0.22977609
       0.33710685       0.22949708       0.22903375
       0.33720082       0.22870364       0.22822866
       0.33729636       0.22783071       0.22735096
       0.33739252       0.22687259       0.22639075
       0.33748920       0.22582400       0.22533819
       0.33758728       0.22468019       0.22418352
       0.33768867       0.22343706       0.22291721
       0.33779641       0.22209128       0.22153003
       0.33791478       0.22064041       0.22001323
       0.33804937       0.21908311       0.21835866
       0.33820715       0.21741928       0.21655900
       0.33839662       0.21565026       0.21460799
       0.33862779       0.21377908       0.21250069
       0.33891231       0.21181064       0.21023385
       0.33926348       0.20975205       0.20780623
       0.33969628       0.20761280       0.20521906
       0.34022730       0.20540511       0.20247653
       0.34087471       0.20314414       0.19958628
       0.34165808       0.20084829       0.19656003
       0.34259825       0.19853941       0.19341414
       0.34371695       0.19624299       0.19017027
       0.34503651       0.19398824       0.18685596
       0.34657931       0.19180815       0.18350520
       0.34836723       0.18973938       0.18015894
       0.35042090       0.18782197       0.17686537
       0.35275889       0.18609895       0.17368006
       0.35539678       0.18461563       0.17066579
       0.35834613       0.18341878       0.16789203
       0.36161341       0.18255541       0.16543397
       0.36519892       0.18207148       0.16337106
       0.36909573       0.18201019       0.16178503
       0.37328876       0.18241029       0.16075734
       0.37775408       0.18330406       0.16036615
       0.38245835       0.18471546       0.16068281
       0.38735876       0.18665825       0.16176816
       0.39240331       0.18913439       0.16366874
       0.39753148       0.19213275       0.16641317
       0.40267551       0.19562844       0.17000909
       0.40776201       0.19958261       0.17444088
       0.41271405       0.20394302       0.17966836
       0.41745349       0.20864529       0.18562688
       0.42190352       0.21361480       0.19222870
       0.42599127       0.21876919       0.19936564
       0.42965018       0.22402125       0.20691308
       0.43282224       0.22928209       0.21473476
       0.43545972       0.23446427       0.22268821
       0.43752642       0.23948480       0.23063041
       0.43899848       0.24426781       0.23842321
       0.43986447       0.24874664       0.24593816
       0.44012505       0.25286546       0.25306059
       0.43979223       0.25658012       0.25969261
       0.43888810       0.25985859       0.26575499
       0.43744345       0.26268064       0.27118801
       0.43549618       0.26503724       0.27595131
       0.43308961       0.26692950       0.28002291
       0.43027090       0.26836738       0.28339760
       0.42708950       0.26936832       0.28608487
       0.42359578       0.26995572       0.28810667
       0.41983987       0.27015757       0.28949494
       0.41587061       0.27000508       0.29028937
       0.41173481       0.26953150       0.29053513
       0.40747659       0.26877102       0.29028097
       0.40313699       0.26775794       0.28957748
       0.39875365       0.26652589       0.28847566
       0.39436071       0.26510730       0.28702577
       0.38998870       0.26353293       0.28527637
       0.38566465       0.26183160       0.28327369
       0.38141215       0.26002995       0.28106109
       0.37725154       0.25815236       0.27867881
       0.37320008       0.25622086       0.27616370
       0.36927218       0.25425518       0.27354924
       0.36547959       0.25227279       0.27086550
       0.36183168       0.25028899       0.26813925
       0.35833562       0.24831699       0.26539411
       0.35499660       0.24636806       0.26265064
       0.35181805       0.24445166       0.25992662
       0.34880185       0.24257553       0.25723716
       0.34594846       0.24074588       0.25459495
       0.34325716       0.23896745       0.25201043
       0.34072615       0.23724371       0.24949196
       0.33835271       0.23557691       0.24704607
       0.33613334       0.23396824       0.24467753
       0.33406390       0.23241790       0.24238959
       0.33213964       0.23092522       0.24018408
       0.33035542       0.22948875       0.23806159
       0.32870570       0.22810633       0.23602154
       0.32718466       0.22677521       0.23406234
       0.32578632       0.22549207       0.23218148
       0.32450453       0.22425311       0.23037562
       0.32333313       0.22305415       0.22864070
       0.32226591       0.22189065       0.22697200
       0.32129678       0.22075779       0.22536423
       0.32041973       0.21965050       0.22381160
       0.31962894       0.21856358       0.22230788
       0.31891883       0.21749166       0.22084647
       0.31828407       0.21642933       0.21942045
       0.31771966       0.21537116       0.21802265
       0.31722100       0.21431176       0.21664569
       0.31678386       0.21324582       0.21528206
       0.31640453       0.21216819       0.21392416
       0.31607977       0.21107389       0.21256433
       0.31580693       0.20995826       0.21119499
       0.31558394       0.20881691       0.20980861
       0.31540941       0.20764590       0.20839786
       0.31528264       0.20644171       0.20695564
       0.31520365       0.20520140       0.20547518
       0.31517328       0.20392265       0.20395012
       0.31519317       0.20260388       0.20237465
       0.31526585       0.20124431       0.20074361
       0.31539472       0.19984409       0.19905261
       0.31558411       0.19840442       0.19729820
       0.31583929       0.19692763       0.19547804
       0.31616644       0.19541732       0.19359107
       0.31657271       0.19387847       0.19163772
       0.31706609       0.19231760       0.18962013
       0.31765545       0.19074279       0.18754239
       0.31835040       0.18916390       0.18541078
       0.31916122       0.18759256       0.18323401
       0.32009867       0.18604231       0.18102353
       0.32117387       0.18452858       0.17879368
       0.32239799       0.18306873       0.17656200
       0.32378205       0.18168199       0.17434936
       0.32533657       0.18038933       0.17218009
       0.32707121       0.17921331       0.17008205
       0.32899433       0.17817778       0.16808655
       0.33111261       0.17730758       0.16622820
       0.33343050       0.17662806       0.16454456
       0.33594977       0.17616454       0.16307564
       0.33866900       0.17594169       0.16186321
       0.34158313       0.17598282       0.16094992
       0.34468301       0.17630903       0.16037819
       0.34795508       0.17693844       0.16018893
       0.35138111       0.17788529       0.16042012
       0.35493808       0.17915913       0.16110523
       0.35859823       0.18076407       0.16227165
       0.36232930       0.18269809       0.16393911
       0.36609488       0.18495262       0.16611826
       0.36985508       0.18751224       0.16880943
       0.37356725       0.19035464       0.17200176
       0.37718694       0.19345090       0.17567275
       0.38066899       0.19676598       0.17978817
       0.38396865       0.20025953       0.18430265
       0.38704275       0.20388690       0.18916060
       0.38985090       0.20760033       0.19429777
       0.39235651       0.21135033       0.19964308
       0.39452777       0.21508707       0.20512080
       0.39633840       0.21876177       0.21065296
       0.39776821       0.22232803       0.21616169
       0.39880342       0.22574297       0.22157159
       0.39943679       0.22896825       0.22681179
       0.39966751       0.23197080       0.23181778
       0.39950084       0.23472334       0.23653284
       0.39894770       0.23720464       0.24090905
       0.39802402       0.23939956       0.24490786
       0.39675006       0.24129888       0.24850035
       0.39514963       0.24289897       0.25166701
       0.39324934       0.24420130       0.25439729
       0.39107782       0.24521186       0.25668890
       0.38866500       0.24594055       0.25854694
       0.38604148       0.24640049       0.25998288
       0.38323786       0.24660740       0.26101357
       0.38028431       0.24657895       0.26166017
       0.37721008       0.24633417       0.26194716
       0.37404318       0.24589294       0.26190142
       0.37081007       0.24527551       0.26155137
       0.36753551       0.24450211       0.26092626
       0.36424239       0.24359260       0.26005551
       0.36095164       0.24256621       0.25896819
       0.35768224       0.24144130       0.25769258
       0.35445117       0.24023524       0.25625584
       0.35127347       0.23896424       0.25468375
       0.34816231       0.23764332       0.25300051
       0.34512906       0.23628622       0.25122864
       0.34218339       0.23490540       0.24938887
       0.33933334       0.23351207       0.24750017
       0.33658550       0.23211618       0.24557969
       0.33394501       0.23072645       0.24364281
       0.33141579       0.22935044       0.24170323
       0.32900054       0.22799459       0.23977297
       0.32670092       0.22666428       0.23786249
       0.32451762       0.22536390       0.23598077
       0.32245045       0.22409688       0.23413537
       0.32049844       0.22286580       0.23233254
       0.31865994       0.22167240       0.23057729
       0.31693266       0.22051770       0.22887349
       0.31531381       0.21940197       0.22722395
       0.31380009       0.21832490       0.22563050
       0.31238782       0.21728556       0.22409403
       0.31107301       0.21628248       0.22261464
       0.30985135       0.21531374       0.22119161
       0.30871833       0.21437694       0.21982355
       0.30766926       0.21346932       0.21850841
       0.30669935       0.21258776       0.21724354
       0.30580371       0.21172883       0.21602576
       0.30497745       0.21088882       0.21485142
       0.30421567       0.21006383       0.21371638
       0.30351355       0.20924973       0.21261616
       0.30286635       0.20844224       0.21154588
       0.30226949       0.20763698       0.21050035
       0.30171853       0.20682946       0.20947413
       0.30120930       0.20601516       0.20846150
       0.30073783       0.20518953       0.20745656
       0.30030048       0.20434808       0.20645323
       0.29989393       0.20348633       0.20544528
       0.29951523       0.20259994       0.20442640
       0.29916187       0.20168471       0.20339023
       0.29883175       0.20073661       0.20233035
       0.29852329       0.19975187       0.20124040
       0.29823547       0.19872697       0.20011408
       0.29796783       0.19765878       0.19894520
       0.29772052       0.19654455       0.19772778
       0.29749441       0.19538198       0.19645605
       0.29729105       0.19416933       0.19512460
       0.29711276       0.19290549       0.19372842
       0.29696264       0.19159002       0.19226298
       0.29684466       0.19022329       0.19072440
       0.29676363       0.18880655       0.18910952
       0.29672527       0.18734203       0.18741605
       0.29673620       0.18583306       0.18564277
       0.29680395       0.18428417       0.18378962
       0.29693697       0.18270122       0.18185798
       0.29714459       0.18109147       0.17985079
       0.29743698       0.17946371       0.17777284
       0.29782506       0.17782838       0.17563096
       0.29832043       0.17619760       0.17343426
       0.29893521       0.17458528       0.17119439
       0.29968189       0.17300711       0.16892572
       0.30057311       0.17148063       0.16664560
       0.30162140       0.17002508       0.16437449
       0.30283891       0.16866140       0.16213612
       0.30423706       0.16741200       0.15995748
       0.30582612       0.16630056       0.15786885
       0.30761487       0.16535169       0.15590362
       0.30961007       0.16459055       0.15409800
       0.31181605       0.16404233       0.15249057
       0.31423422       0.16373167       0.15112169
       0.31686264       0.16368203       0.15003268
       0.31969557       0.16391494       0.14926486
       0.32272317       0.16444922       0.14885839
       0.32593122       0.16530022       0.14885096
       0.32930095       0.16647899       0.14927636
       0.33280909       0.16799162       0.15016303
       0.33642799       0.16983856       0.15153261
       0.34012596       0.17201418       0.15339853
       0.34386777       0.17450646       0.15576488
       0.34761533       0.17729691       0.15862551
       0.35132854       0.18036074       0.16196341
       0.35496621       0.18366725       0.16575067
       0.35848715       0.18718054       0.16994872
       0.36185126       0.19086038       0.17450920
       0.36502058       0.19466327       0.17937515
       0.36796037       0.19854372       0.18448266
       0.37064001       0.20245549       0.18976282
       0.37303378       0.20635291       0.19514386
       0.37512142       0.21019219       0.20055340
       0.37688860       0.21393249       0.20592061
       0.37832700       0.21753695       0.21117829
       0.37943435       0.22097343       0.21626463
       0.38021417       0.22421513       0.22112469
       0.38067539       0.22724084       0.22571151
       0.38083180       0.23003511       0.22998679
       0.38070144       0.23258814       0.23392125
       0.38030589       0.23489548       0.23749460
       0.37966952       0.23695765       0.24069522
       0.37881879       0.23877961       0.24351952
       0.37778150       0.24037016       0.24597126
       0.37658613       0.24174131       0.24806056
       0.37526128       0.24290765       0.24980298
       0.37383506       0.24388573       0.25121848
       0.37233471       0.24469343       0.25233049
       0.37078618       0.24534947       0.25316490
       0.36921384       0.24587291       0.25374926
       0.36764028       0.24628268       0.25411201
       0.36608609       0.24659729       0.25428175
       0.36456981       0.24683448       0.25428671
       0.36310786       0.24701100       0.25415428
       0.36171455       0.24714243       0.25391058
       0.36040208       0.24724304       0.25358021
       0.35918063       0.24732569       0.25318599
       0.35805843       0.24740178       0.25274882
       0.35704184       0.24748125       0.25228758
       0.35613553       0.24757255       0.25181910
       0.35534253       0.24768270       0.25135811
       0.35466438       0.24781730       0.25091731
       0.35410128       0.24798061       0.25050741
       0.35365222       0.24817562       0.25013720
       0.35331505       0.24840413       0.24981363
       0.35308669       0.24866680       0.24954194
       0.35296317       0.24896326       0.24932576
       0.35293979       0.24929218       0.24916720
       0.35301123       0.24965139       0.24906702
       0.35317159       0.25003789       0.24902469
       0.35341456       0.25044798       0.24903853
       0.35373345       0.25087735       0.24910582
       0.35412128       0.25132108       0.24922289
       0.35457088       0.25177377       0.24938524
       0.35507490       0.25222957       0.24958762
       0.35562592       0.25268222       0.24982409
       0.35621648       0.25312514       0.25008812
       0.35683913       0.25355143       0.25037264
       0.35748646       0.25395393       0.25067010
       0.35815120       0.25432524       0.25097252
       0.35882616       0.25465774       0.25127149
       0.35950437       0.25494364       0.25155825
       0.36017907       0.25517498       0.25182366
       0.36084373       0.25534365       0.25205823
       0.36149215       0.25544142       0.25225213
       0.36211845       0.25545992       0.25239518
       0.36271714       0.25539071       0.25247683
       0.36328320       0.25522527       0.25248617
       0.36381210       0.25495502       0.25241190
       0.36429990       0.25457138       0.25224233
       0.36474333       0.25406579       0.25196537
       0.36513986       0.25342977       0.25156852
       0.36548785       0.25265500       0.25103888
       0.36578659       0.25173336       0.25036317
       0.36603650       0.25065708       0.24952776
       0.36623924       0.24941886       0.24851876
       0.36639788       0.24801199       0.24732204
       0.36651704       0.24643057       0.24592342
       0.36660310       0.24466969       0.24430879
       0.36666438       0.24272575       0.24246436
       0.36671134       0.24059667       0.24037691
       0.36675675       0.23828234       0.23803417
       0.36681594       0.23578492       0.23542524
       0.36690692       0.23310934       0.23254113
       0.36705055       0.23026377       0.22937545
       0.36727067       0.22726014       0.22592512
       0.36759412       0.22411478       0.22219135
       0.36805077       0.22084891       0.21818063
       0.36867333       0.21748934       0.21390594
       0.36949713       0.21406895       0.20938807
       0.37055967       0.21062728       0.20465696
       0.37190005       0.20721084       0.19975323
       0.37355808       0.20387342       0.19472950
       0.37557320       0.20067598       0.18965175
       0.37798314       0.19768637       0.18460030
       0.38082225       0.19497854       0.17967041
       0.38411964       0.19263130       0.17497224
       0.38789706       0.19072654       0.17062998
       0.39216666       0.18934681       0.16677985
       0.39692871       0.18857233       0.16356699
       0.40216943       0.18847746       0.16114083
       0.40785917       0.18912671       0.15964916
       0.41395104       0.19057058       0.15923093
       0.42038022       0.19284139       0.16000811
       0.42706427       0.19594962       0.16207708
       0.43390435       0.19988087       0.16550026
       0.44078763       0.20459415       0.17029890
       0.44759071       0.21002144       0.17644759
       0.45418394       0.21606901       0.18387161
       0.46043651       0.22262044       0.19244732
       0.46622170       0.22954108       0.20200609
       0.47142219       0.23668391       0.21234149
       0.47593484       0.24389610       0.22321911
       0.47967465       0.25102582       0.23438839
       0.48257759       0.25792881       0.24559508
       0.48460226       0.26447412       0.25659345
       0.48573015       0.27054863       0.26715713
       0.48596484       0.27606020       0.27708782
       0.48533001       0.28093936       0.28622138
       0.48386691       0.28513948       0.29443125
       0.48163114       0.28863587       0.30162918
       0.47868932       0.29142378       0.30776381
       0.47511577       0.29351582       0.31281747
       0.47098934       0.29493904       0.31680181
       0.46639064       0.29573177       0.31975279
       0.46139961       0.29594069       0.32172546
       0.45609367       0.29561800       0.32278891
       0.45054615       0.29481906       0.32302167
       0.44482531       0.29360029       0.32250761
       0.43899364       0.29201751       0.32133264
       0.43310743       0.29012467       0.31958192
       0.42721674       0.28797289       0.31733784
       0.42136542       0.28560982       0.31467845
       0.41559140       0.28307924       0.31167650
       0.40992697       0.28042082       0.30839875
       0.40439919       0.27767011       0.30490573
       0.39903039       0.27485860       0.30125165
       0.39383855       0.27201387       0.29748456
       0.38883777       0.26915981       0.29364660
       0.38403872       0.26631684       0.28977433
       0.37944904       0.26350223       0.28589919
       0.37507373       0.26073032       0.28204782
       0.37091547       0.25801280       0.27824261
       0.36697498       0.25535899       0.27450200
       0.36325127       0.25277609       0.27084096
       0.35974194       0.25026935       0.26727133
       0.35644338       0.24784238       0.26380217
       0.35335097       0.24549724       0.26044006
       0.35045928       0.24323471       0.25718943
       0.34776224       0.24105440       0.25405276
       0.34525326       0.23895490       0.25103086
       0.34292537       0.23693394       0.24812308
       0.34077134       0.23498848       0.24532743
       0.33878376       0.23311485       0.24264085
       0.33695517       0.23130885       0.24005926
       0.33527810       0.22956581       0.23757775
       0.33374517       0.22788071       0.23519071
       0.33234917       0.22624826       0.23289189
       0.33108310       0.22466296       0.23067454
       0.32994022       0.22311918       0.22853152
       0.32891415       0.22161123       0.22645532
       0.32799890       0.22013344       0.22443820
       0.32718889       0.21868021       0.22247228
       0.32647905       0.21724610       0.22054955
       0.32586483       0.21582586       0.21866202
       0.32534226       0.21441456       0.21680178
       0.32490797       0.21300758       0.21496105
       0.32455926       0.21160076       0.21313230
       0.32429411       0.21019045       0.21130833
       0.32411124       0.20877358       0.20948237
       0.32401012       0.20734773       0.20764818
       0.32399098       0.20591127       0.20580018
       0.32405487       0.20446339       0.20393354
       0.32420364       0.20300424       0.20204434
       0.32443996       0.20153501       0.20012974
       0.32476728       0.20005800       0.19818809
       0.32518986       0.19857675       0.19621910
       0.32571267       0.19709612       0.19422407
       0.32634139       0.19562237       0.19220603
       0.32708227       0.19416323       0.19016996
       0.32794209       0.19272796       0.18812295
       0.32892796       0.19132741       0.18607442
       0.33004721       0.18997400       0.18403627
       0.33130716       0.18868170       0.18202303
       0.33271490       0.18746602       0.18005197
       0.33427702       0.18634380       0.17814319
       0.33599933       0.18533316       0.17631955
       0.33788647       0.18445315       0.17460667
       0.33994164       0.18372356       0.17303266
       0.34216614       0.18316449       0.17162787
       0.34455905       0.18279590       0.17042444
       0.34711683       0.18263716       0.16945572
       0.34983294       0.18270642       0.16875555
       0.35269759       0.18302000       0.16835740
       0.35569741       0.18359177       0.16829334
       0.35881534       0.18443246       0.16859298
       0.36203049       0.18554903       0.16928222
       0.36531826       0.18694411       0.17038211
       0.36865044       0.18861546       0.17190758
       0.37199559       0.19055564       0.17386645
       0.37531945       0.19275176       0.17625843
       0.37858558       0.19518546       0.17907445
       0.38175605       0.19783307       0.18229628
       0.38479224       0.20066596       0.18589646
       0.38765578       0.20365110       0.18983862
       0.39030940       0.20675181       0.19407814
       0.39271789       0.20992868       0.19856322
       0.39484892       0.21314052       0.20323624
       0.39667383       0.21634548       0.20803532
       0.39816826       0.21950212       0.21289609
       0.39931266       0.22257045       0.21775354
       0.40009263       0.22551286       0.22254382
       0.40049909       0.22829501       0.22720589
       0.40052825       0.23088646       0.23168305
       0.40018150       0.23326119       0.23592421
       0.39946506       0.23539792       0.23988478
       0.39838960       0.23728026       0.24352741
       0.39696970       0.23889668       0.24682227
       0.39522335       0.24024033       0.24974714
       0.39317128       0.24130879       0.25228724
       0.39083642       0.24210365       0.25443479
       0.38824326       0.24263008       0.25618847
       0.38541735       0.24289634       0.25755275
       0.38238472       0.24291329       0.25853708
       0.37917149       0.24269384       0.25915516
       0.37580340       0.24225255       0.25942414
       0.37230554       0.24160512       0.25936382
       0.36870204       0.24076800       0.25899601
       0.36501588       0.23975803       0.25834383
       0.36126869       0.23859215       0.25743115
       0.35748066       0.23728708       0.25628214
       0.35367048       0.23585917       0.25492080
       0.34985527       0.23432417       0.25337065
       0.34605063       0.23269713       0.25165444
       0.34227061       0.23099227       0.24979394
       0.33852779       0.22922295       0.24780980
       0.33483330       0.22740159       0.24572141
       0.33119692       0.22553965       0.24354688
       0.32762715       0.22364765       0.24130293
       0.32413128       0.22173517       0.23900498
       0.32071546       0.21981086       0.23666708
       0.31738482       0.21788249       0.23430200
       0.31414352       0.21595697       0.23192122
       0.31099485       0.21404040       0.22953504
       0.30794129       0.21213812       0.22715262
       0.30498460       0.21025474       0.22478203
       0.30212588       0.20839419       0.22243032
       0.29936562       0.20655978       0.22010362
       0.29670380       0.20475423       0.21780714
       0.29413993       0.20297973       0.21554530
       0.29167307       0.20123795       0.21332176
       0.28930194       0.19953011       0.21113947
       0.28702492       0.19785703       0.20900077
       0.28484010       0.19621913       0.20690737
       0.28274534       0.19461647       0.20486048
       0.28073830       0.19304882       0.20286078
       0.27881645       0.19151565       0.20090853
       0.27697713       0.19001618       0.19900358
       0.27521758       0.18854941       0.19714538
       0.27353493       0.18711413       0.19533309
       0.27192629       0.18570897       0.19356552
       0.27038872       0.18433239       0.19184125
       0.26891927       0.18298276       0.19015860
       0.26751502       0.18165831       0.18851567
       0.26617308       0.18035721       0.18691039
       0.26489063       0.17907758       0.18534051
       0.26366491       0.17781748       0.18380368
       0.26249327       0.17657497       0.18229739
       0.26137319       0.17534812       0.18081907
       0.26030227       0.17413501       0.17936608
       0.25927828       0.17293378       0.17793575
       0.25829913       0.17174264       0.17652535
       0.25736297       0.17055988       0.17513221
       0.25646812       0.16938392       0.17375365
       0.25561314       0.16821329       0.17238706
       0.25479682       0.16704670       0.17102990
       0.25401821       0.16588302       0.16967975
       0.25327664       0.16472135       0.16833431
       0.25257169       0.16356099       0.16699145
       0.25190327       0.16240150       0.16564924
       0.25127157       0.16124274       0.16430596
       0.25067712       0.16008484       0.16296017
       0.25012075       0.15892828       0.16161070
       0.24960363       0.15777387       0.16025673
       0.24912726       0.15662281       0.15889781
       0.24869346       0.15547670       0.15753388
       0.24830439       0.15433756       0.15616535
       0.24796252       0.15320785       0.15479311
       0.24767064       0.15209048       0.15341856
       0.24743182       0.15098887       0.15204371
       0.24724940       0.14990688       0.15067115
       0.24712698       0.14884889       0.14930412
       0.24706834       0.14781979       0.14794655
       0.24707746       0.14682495       0.14660305
       0.24715843       0.14587020       0.14527899
       0.24731540       0.14496187       0.14398047
