0.27816336
0.22726393
0.18183062
0.14191554
0.10735464
0.077796864
0.052732067
0.03151799
0.013406424
-0.0024310805
-0.01687784499999999
-0.030847017
-0.045256956
-0.06100725599999999
-0.078955588
-0.09989551799999998
-0.12453532
-0.15347763
-0.1871997
-0.22603363
-0.2701463299999999
-0.31951844
-0.37392211
-0.43289776
-0.4957304
-0.56142716
-0.62869837
-0.69594599
-0.7612638
-0.82245503
-0.87707315
-0.92249151
-0.95600571
-0.9749701399999999
-0.97696568
-0.95999067
-0.9226608300000001
-0.86439868
-0.78558884
-0.6876747199999999
-0.57317517
-0.44560706
-0.30931126
-0.16919272
-0.030398561
0.10203199
0.22350738
0.33017629
0.41914423
0.48859671
0.53782581
0.5671687699999999
0.57787701
0.5719386899999999
0.55187867
0.5205570299999999
0.48098223
0.43614914
0.38890699
0.34185747
0.2972807
0.25708494
0.2227757599999999
0.19544083
0.17574746
0.16395129
0.15991511
0.16313773
0.1727926499999999
0.18777618
0.20676395
0.2282739299999999
0.25073329
0.27254581
0.29215626
0.30810826
0.31909278
0.32398502
0.32186909
0.3120505
0.29405816
0.26763819
0.23274264
0.18951638
0.13828557
0.07955041599999999
0.013984439
-0.057558656
-0.13403042
-0.21416684
-0.296464
-0.37915458
-0.46019093
-0.5372418599999999
-0.6077109100000001
-0.66878412
-0.71751419
-0.75094532
-0.76627903
-0.76107511
-0.73347507
-0.68242793
-0.60789206
-0.51098352
-0.39404233
-0.2605949499999999
-0.11520269
0.036798025
0.18964152
0.33752825
0.47502482
0.59742275
0.70101739
0.78328132
0.84292321
0.87983917
0.89497609
0.8901345600000001
0.86774082
0.83061481
0.7817557100000001
0.7241593499999999
0.66067454
0.5938997099999999
0.5261168299999999
0.45925671
0.39488906
0.33423033