       0.29836942       0.18185064       0.18123024
       0.29847539       0.18289384       0.18250314
       0.29853474       0.18391606       0.18373879
       0.29855119       0.18491555       0.18493276
       0.29852898       0.18589113       0.18608149
       0.29847280       0.18684222       0.18718230
       0.29838778       0.18776879       0.18823342
       0.29827935       0.18867135       0.18923398
       0.29815321       0.18955092       0.19018396
       0.29801523       0.19040898       0.19108420
       0.29787138       0.19124742       0.19193629
       0.29772766       0.19206849       0.19274257
       0.29759001       0.19287472       0.19350599
       0.29746423       0.19366889       0.19423008
       0.29735595       0.19445393       0.19491883
       0.29727056       0.19523291       0.19557663
       0.29721310       0.19600890       0.19620815
       0.29718831       0.19678499       0.19681827
       0.29720048       0.19756420       0.19741199
       0.29725349       0.19834940       0.19799433
       0.29735076       0.19914331       0.19857029
       0.29749522       0.19994843       0.19914472
       0.29768929       0.20076702       0.19972228
       0.29793489       0.20160103       0.20030741
       0.29823339       0.20245211       0.20090422
       0.29858569       0.20332158       0.20151648
       0.29899214       0.20421041       0.20214756
       0.29945260       0.20511919       0.20280042
       0.29996646       0.20604815       0.20347757
       0.30053261       0.20699715       0.20418106
       0.30114951       0.20796566       0.20491246
       0.30181519       0.20895282       0.20567288
       0.30252726       0.20995737       0.20646294
       0.30328297       0.21097772       0.20728277
       0.30407921       0.21201196       0.20813209
       0.30491254       0.21305784       0.20901013
       0.30577923       0.21411283       0.20991571
       0.30667527       0.21517409       0.21084725
       0.30759640       0.21623854       0.21180277
       0.30853816       0.21730285       0.21277993
       0.30949586       0.21836344       0.21377605
       0.31046466       0.21941654       0.21478816
       0.31143954       0.22045818       0.21581294
       0.31241538       0.22148421       0.21684686
       0.31338691       0.22249031       0.21788608
       0.31434880       0.22347200       0.21892656
       0.31529559       0.22442467       0.21996402
       0.31622181       0.22534356       0.22099397
       0.31712191       0.22622378       0.22201171
       0.31799032       0.22706032       0.22301235
       0.31882144       0.22784806       0.22399078
       0.31960969       0.22858174       0.22494172
       0.32034950       0.22925601       0.22585966
       0.32103534       0.22986538       0.22673889
       0.32166175       0.23040425       0.22757347
       0.32222332       0.23086692       0.22835724
       0.32271479       0.23124757       0.22908378
       0.32313103       0.23154026       0.22974641
       0.32346707       0.23173897       0.23033817
       0.32371817       0.23183755       0.23085182
       0.32387984       0.23182980       0.23127978
       0.32394790       0.23170940       0.23161417
       0.32391854       0.23147002       0.23184678
       0.32378836       0.23110527       0.23196903
       0.32355447       0.23060877       0.23197202
       0.32321454       0.22997417       0.23184647
       0.32276691       0.22919521       0.23158278
       0.32221066       0.22826575       0.23117100
       0.32154573       0.22717989       0.23060091
       0.32077303       0.22593200       0.22986197
       0.31989455       0.22451682       0.22894346
       0.31891350       0.22292961       0.22783450
       0.31783447       0.22116625       0.22652414
       0.31666354       0.21922340       0.22500147
       0.31540847       0.21709866       0.22325578
       0.31407885       0.21479081       0.22127671
       0.31268627       0.21230001       0.21905449
       0.31124449       0.20962804       0.21658020
       0.30976962       0.20677864       0.21384606
       0.30828025       0.20375781       0.21084583
       0.30679760       0.20057412       0.20757528
       0.30534567       0.19723918       0.20403268
       0.30395125       0.19376797       0.20021944
       0.30264402       0.19017931       0.19614082
       0.30145646       0.18649629       0.19180669
       0.30042377       0.18274667       0.18723246
       0.29958358       0.17896331       0.18244000
       0.29897565       0.17518447       0.17745866
       0.29864132       0.17145409       0.17232628
       0.29862284       0.16782186       0.16709022
       0.29896248       0.16434317       0.16180818
       0.29970143       0.16107875       0.15654893
       0.30087852       0.15809409       0.15139265
       0.30252869       0.15545842       0.14643085
       0.30468135       0.15324338       0.14176570
       0.30735860       0.15152118       0.13750862
       0.31057337       0.15036236       0.13377802
       0.31432766       0.14983319       0.13069604
       0.31861102       0.14999270       0.12838443
       0.32339923       0.15088955       0.12695937
       0.32865362       0.15255890       0.12652577
       0.33432093       0.15501955       0.12717099
       0.34033390       0.15827151       0.12895874
       0.34661278       0.16229435       0.13192348
       0.35306753       0.16704661       0.13606596
       0.35960087       0.17246623       0.14135050
       0.36611185       0.17847234       0.14770435
       0.37249985       0.18496818       0.15501946
       0.37866866       0.19184507       0.16315663
       0.38453036       0.19898704       0.17195183
       0.39000875       0.20627601       0.18122416
       0.39504204       0.21359678       0.19078475
       0.39958466       0.22084173       0.20044593
       0.40360815       0.22791479       0.21002978
       0.40710105       0.23473437       0.21937551
       0.41006789       0.24123531       0.22834515
       0.41252761       0.24736962       0.23682728
       0.41451129       0.25310629       0.24473883
       0.41605966       0.25843018       0.25202495
       0.41722047       0.26334029       0.25865746
       0.41804594       0.26784754       0.26463198
       0.41859033       0.27197241       0.26996438
       0.41890791       0.27574247       0.27468675
       0.41905117       0.27919004       0.27884335
       0.41906948       0.28235010       0.28248666
       0.41900808       0.28525842       0.28567389
       0.41890747       0.28795014       0.28846391
       0.41880300       0.29045855       0.29091474
       0.41872484       0.29281428       0.29308161
       0.41869808       0.29504471       0.29501556
       0.41874299       0.29717373       0.29676244
       0.41887543       0.29922159       0.29836249
       0.41910732       0.30120503       0.29985006
       0.41944711       0.30313743       0.30125381
       0.41990029       0.30502911       0.30259694
       0.42046989       0.30688771       0.30389772
       0.42115694       0.30871852       0.30517001
       0.42196083       0.31052485       0.30642386
       0.42287973       0.31230841       0.30766616
       0.42391084       0.31406965       0.30890124
       0.42505069       0.31580801       0.31013142
       0.42629526       0.31752223       0.31135750
       0.42764017       0.31921049       0.31257927
       0.42908072       0.32087063       0.31379580
       0.43061200       0.32250023       0.31500578
       0.43222885       0.32409668       0.31620775
       0.43392584       0.32565721       0.31740024
       0.43569726       0.32717889       0.31858183
       0.43753706       0.32865859       0.31975122
       0.43943876       0.33009292       0.32090719
       0.44139537       0.33147816       0.32204851
       0.44339937       0.33281011       0.32317387
       0.44544259       0.33408404       0.32428169
       0.44751616       0.33529455       0.32536997
       0.44961049       0.33643542       0.32643612
       0.45171519       0.33749955       0.32747672
       0.45381913       0.33847876       0.32848735
       0.45591037       0.33936377       0.32946230
       0.45797624       0.34014401       0.33039445
       0.46000340       0.34080759       0.33127494
       0.46197791       0.34134124       0.33209305
       0.46388535       0.34173017       0.33283593
       0.46571100       0.34195813       0.33348842
       0.46743998       0.34200737       0.33403288
       0.46905752       0.34185863       0.33444903
       0.47054922       0.34149126       0.33471375
       0.47190135       0.34088325       0.33480102
       0.47310119       0.34001141       0.33468181
       0.47413751       0.33885159       0.33432399
       0.47500095       0.33737889       0.33369237
       0.47568462       0.33556803       0.33274872
       0.47618465       0.33339380       0.33145190
       0.47650083       0.33083159       0.32975812
       0.47663740       0.32785806       0.32762125
       0.47660376       0.32445201       0.32499341
       0.47641535       0.32059535       0.32182566
       0.47609458       0.31627438       0.31806908
       0.47567169       0.31148122       0.31367617
       0.47518572       0.30621556       0.30860266
       0.47468539       0.30048672       0.30280996
       0.47422981       0.29431591       0.29626822
       0.47388908       0.28773885       0.28896020
       0.47374445       0.28080860       0.28088600
       0.47388806       0.27359845       0.27206878
       0.47442200       0.26620480       0.26256129
       0.47545640       0.25874971       0.25245329
       0.47710652       0.25138273       0.24187921
       0.47948838       0.24428160       0.23102575
       0.48271292       0.23765111       0.22013817
       0.48687864       0.23171964       0.20952417
       0.49206270       0.22673258       0.19955356
       0.49831101       0.22294218       0.19065193
       0.50562790       0.22059377       0.18328651
       0.51396640       0.21990841       0.17794294
       0.52322054       0.22106328       0.17509280
       0.53322101       0.22417135       0.17515336
       0.54373577       0.22926291       0.17844307
       0.55447651       0.23627197       0.18513836
       0.56511134       0.24503009       0.19523854
       0.57528311       0.25526995       0.20854574
       0.58463172       0.26663915       0.22466517
       0.59281788       0.27872342       0.24302778
       0.59954557       0.29107628       0.26293332
       0.60458041       0.30325152       0.28360781
       0.60776183       0.31483403       0.30426690
       0.60900818       0.32546522       0.32417593
       0.60831475       0.33486066       0.34269889
       0.60574593       0.34281873       0.35933139
       0.60142323       0.34922089       0.37371609
       0.59551099       0.35402514       0.38564214
       0.58820183       0.35725479       0.39503199
       0.57970305       0.35898483       0.40192022
       0.57022502       0.35932769       0.40642844
       0.55997204       0.35842005       0.40873999
       0.54913569       0.35641131       0.40907683
       0.53789053       0.35345445       0.40767996
       0.52639171       0.34969901       0.40479417
       0.51477420       0.34528632       0.40065680
       0.50315312       0.34034638       0.39549014
       0.49162485       0.33499627       0.38949693
       0.48026862       0.32933955       0.38285808
       0.46914834       0.32346643       0.37573221
       0.45831450       0.31745450       0.36825630
       0.44780601       0.31136968       0.36054704
       0.43765195       0.30526737       0.35270274
       0.42787315       0.29919364       0.34480524
       0.41848361       0.29318636       0.33692198
       0.40949165       0.28727635       0.32910792
       0.40090107       0.28148832       0.32140731
       0.39271193       0.27584178       0.31385532
       0.38492140       0.27035185       0.30647946
       0.37752431       0.26502995       0.29930081
       0.37051370       0.25988435       0.29233511
       0.36388127       0.25492076       0.28559365
       0.35761766       0.25014266       0.27908408
       0.35171281       0.24555176       0.27281100
       0.34615614       0.24114828       0.26677658
       0.34093675       0.23693117       0.26098093
       0.33604355       0.23289842       0.25542258
       0.33146540       0.22904715       0.25009871
       0.32719120       0.22537382       0.24500543
       0.32320994       0.22187437       0.24013804
       0.31951079       0.21854428       0.23549116
       0.31608309       0.21537872       0.23105888
       0.31291646       0.21237259       0.22683492
       0.31000074       0.20952059       0.22281267
       0.30732609       0.20681732       0.21898535
       0.30488294       0.20425727       0.21534601
       0.30266204       0.20183489       0.21188763
       0.30065445       0.19954466       0.20860317
       0.29885156       0.19738106       0.20548558
       0.29724507       0.19533867       0.20252789
       0.29582701       0.19341214       0.19972319
       0.29458975       0.19159627       0.19706472
       0.29352596       0.18988599       0.19454585
       0.29262867       0.18827643       0.19216013
       0.29189123       0.18676290       0.18990133
       0.29130731       0.18534094       0.18776346
       0.29087089       0.18400636       0.18574077
       0.29057629       0.18275521       0.18382783
       0.29041815       0.18158386       0.18201953
       0.29039137       0.18048899       0.18031112
       0.29049121       0.17946762       0.17869823
       0.29071316       0.17851713       0.17717692
       0.29105300       0.17763526       0.17574369
       0.29150678       0.17682017       0.17439556
       0.29207075       0.17607039       0.17313001
       0.29274137       0.17538490       0.17194512
       0.29351530       0.17476308       0.17083952
       0.29438931       0.17420474       0.16981242
       0.29536029       0.17371011       0.16886368
       0.29642519       0.17327981       0.16799375
       0.29758095       0.17291486       0.16720373
       0.29882448       0.17261666       0.16649535
       0.30015261       0.17238692       0.16587095
       0.30156196       0.17222765       0.16533345
       0.30304897       0.17214107       0.16488631
       0.30460977       0.17212959       0.16453351
       0.30624011       0.17219571       0.16427942
       0.30793534       0.17234196       0.16412874
       0.30969032       0.17257077       0.16408641
       0.31149932       0.17288441       0.16415746
       0.31335605       0.17328485       0.16434687
       0.31525353       0.17377370       0.16465944
       0.31718412       0.17435203       0.16509958
       0.31913945       0.17502032       0.16567118
       0.32111044       0.17577831       0.16637736
       0.32308732       0.17662494       0.16722036
       0.32505962       0.17755823       0.16820131
       0.32701627       0.17857519       0.16932005
       0.32894563       0.17967184       0.17057503
       0.33083560       0.18084309       0.17196312
       0.33267372       0.18208278       0.17347956
       0.33444731       0.18338369       0.17511787
       0.33614362       0.18473756       0.17686984
       0.33774995       0.18613522       0.17872553
       0.33925384       0.18756660       0.18067338
       0.34064326       0.18902092       0.18270028
       0.34190672       0.19048684       0.18479174
       0.34303348       0.19195255       0.18693210
       0.34401370       0.19340603       0.18910477
       0.34483855       0.19483517       0.19129244
       0.34550035       0.19622799       0.19347742
       0.34599268       0.19757280       0.19564188
       0.34631042       0.19885840       0.19776818
       0.34644986       0.20007421       0.19983912
       0.34640865       0.20121044       0.20183824
       0.34618586       0.20225818       0.20375002
       0.34578194       0.20320955       0.20556013
       0.34519864       0.20405771       0.20725559
       0.34443899       0.20479698       0.20882493
       0.34350718       0.20542280       0.21025825
       0.34240846       0.20593179       0.21154733
       0.34114906       0.20632166       0.21268563
       0.33973603       0.20659127       0.21366827
       0.33817715       0.20674048       0.21449200
       0.33648078       0.20677012       0.21515516
       0.33465575       0.20668193       0.21565752
       0.33271126       0.20647844       0.21600023
       0.33065671       0.20616290       0.21618568
       0.32850167       0.20573918       0.21621734
       0.32625571       0.20521167       0.21609968
       0.32392837       0.20458518       0.21583797
       0.32152903       0.20386491       0.21543820
       0.31906689       0.20305627       0.21490689
       0.31655089       0.20216489       0.21425102
       0.31398965       0.20119650       0.21347791
       0.31139145       0.20015688       0.21259507
       0.30876418       0.19905182       0.21161014
       0.30611535       0.19788704       0.21053080
       0.30345203       0.19666816       0.20936469
       0.30078087       0.19540068       0.20811935
       0.29810810       0.19408990       0.20680216
       0.29543949       0.19274097       0.20542029
       0.29278042       0.19135882       0.20398067
       0.29013583       0.18994813       0.20248997
       0.28751026       0.18851337       0.20095455
       0.28490785       0.18705878       0.19938047
       0.28233237       0.18558833       0.19777347
       0.27978724       0.18410576       0.19613895
       0.27727552       0.18261455       0.19448199
       0.27479995       0.18111798       0.19280735
       0.27236298       0.17961906       0.19111945
       0.26996675       0.17812059       0.18942241
       0.26761316       0.17662515       0.18772003
       0.26530383       0.17513512       0.18601582
       0.26304018       0.17365266       0.18431302
       0.26082341       0.17217977       0.18261456
       0.25865451       0.17071825       0.18092316
       0.25653430       0.16926975       0.17924125
       0.25446345       0.16783576       0.17757107
       0.25244248       0.16641760       0.17591460
       0.25047175       0.16501650       0.17427366
       0.24855155       0.16363352       0.17264985
       0.24668202       0.16226964       0.17104461
       0.24486324       0.16092573       0.16945921
       0.24309518       0.15960255       0.16789479
       0.24137778       0.15830078       0.16635231
       0.23971088       0.15702105       0.16483266
       0.23809430       0.15576389       0.16333658
       0.23652782       0.15452980       0.16186472
       0.23501117       0.15331920       0.16041764
       0.23354408       0.15213250       0.15899582
       0.23212625       0.15097006       0.15759967
       0.23075740       0.14983222       0.15622953
       0.22943721       0.14871930       0.15488570
       0.22816541       0.14763159       0.15356844
       0.22694172       0.14656942       0.15227796
       0.22576588       0.14553306       0.15101447
       0.22463767       0.14452284       0.14977814
       0.22355689       0.14353908       0.14856914
       0.22252336       0.14258211       0.14738764
       0.22153696       0.14165231       0.14623380
       0.22059761       0.14075004       0.14510781
       0.21970527       0.13987576       0.14400986
       0.21885995       0.13902990       0.14294018
       0.21806170       0.13821299       0.14189903
       0.21731064       0.13742555       0.14088669
       0.21660695       0.13666820       0.13990349
       0.21595084       0.13594157       0.13894981
       0.21534259       0.13524637       0.13802608
       0.21478256       0.13458336       0.13713278
       0.21427113       0.13395335       0.13627046
       0.21380875       0.13335722       0.13543973
       0.21339595       0.13279591       0.13464126
       0.21303327       0.13227042       0.13387581
       0.21272134       0.13178180       0.13314419
       0.21246082       0.13133119       0.13244730
       0.21225242       0.13091976       0.13178612
       0.21209689       0.13054876       0.13116171
       0.21199501       0.13021948       0.13057519
       0.21194761       0.12993327       0.13002778
       0.21195553       0.12969154       0.12952077
       0.21201964       0.12949572       0.12905553
       0.21214081       0.12934731       0.12863350
       0.21231992       0.12924782       0.12825619
       0.21255786       0.12919880       0.12792518
       0.21285549       0.12920181       0.12764212
       0.21321366       0.12925843       0.12740870
       0.21363319       0.12937024       0.12722666
       0.21411486       0.12953881       0.12709779
       0.21465939       0.12976570       0.12702390
       0.21526746       0.13005242       0.12700683
       0.21593965       0.13040047       0.12704842
       0.21667650       0.13081127       0.12715051
       0.21747842       0.13128618       0.12731491
       0.21834575       0.13182650       0.12754342
       0.21927869       0.13243340       0.12783778
       0.22027734       0.13310798       0.12819967
       0.22134167       0.13385120       0.12863068
       0.22247151       0.13466388       0.12913231
       0.22366653       0.13554671       0.12970595
       0.22492627       0.13650020       0.13035285
       0.22625010       0.13752471       0.13107412
       0.22763725       0.13862038       0.13187069
       0.22908675       0.13978719       0.13274332
       0.23059749       0.14102490       0.13369255
       0.23216819       0.14233305       0.13471872
       0.23379740       0.14371096       0.13582194
       0.23548350       0.14515773       0.13700207
       0.23722473       0.14667223       0.13825874
       0.23901916       0.14825309       0.13959129
       0.24086471       0.14989872       0.14099881
       0.24275918       0.15160728       0.14248012
       0.24470021       0.15337671       0.14403375
       0.24668535       0.15520475       0.14565799
       0.24871201       0.15708889       0.14735082
       0.25077753       0.15902644       0.14911000
       0.25287914       0.16101451       0.15093300
       0.25501402       0.16305002       0.15281707
       0.25717928       0.16512975       0.15475923
       0.25937197       0.16725029       0.15675627
       0.26158912       0.16940814       0.15880482
       0.26382775       0.17159965       0.16090130
       0.26608485       0.17382109       0.16304201
       0.26835742       0.17606864       0.16522310
       0.27064246       0.17833842       0.16744063
       0.27293699       0.18062651       0.16969058
       0.27523808       0.18292897       0.17196887
       0.27754279       0.18524185       0.17427140
       0.27984824       0.18756121       0.17659406
       0.28215157       0.18988312       0.17893275
       0.28444998       0.19220370       0.18128345
       0.28674067       0.19451912       0.18364215
       0.28902089       0.19682560       0.18600495
       0.29128791       0.19911943       0.18836806
       0.29353903       0.20139699       0.19072776
       0.29577152       0.20365471       0.19308050
       0.29798269       0.20588910       0.19542281
       0.30016982       0.20809677       0.19775140
       0.30233015       0.21027437       0.20006309
       0.30446090       0.21241866       0.20235483
       0.30655923       0.21452641       0.20462372
       0.30862223       0.21659449       0.20686696
       0.31064690       0.21861976       0.20908187
       0.31263016       0.22059916       0.21126585
       0.31456879       0.22252958       0.21341640
       0.31645948       0.22440796       0.21553106
       0.31829875       0.22623118       0.21760738
       0.32008299       0.22799609       0.21964296
       0.32180844       0.22969947       0.22163533
       0.32347115       0.23133802       0.22358201
       0.32506702       0.23290836       0.22548039
       0.32659179       0.23440696       0.22732778
       0.32804100       0.23583017       0.22912132
       0.32941005       0.23717417       0.23085796
       0.33069416       0.23843497       0.23253445
       0.33188844       0.23960840       0.23414727
       0.33298782       0.24069008       0.23569261
       0.33398717       0.24167541       0.23716636
       0.33488123       0.24255958       0.23856406
       0.33566470       0.24333755       0.23988086
       0.33633227       0.24400405       0.24111152
       0.33687863       0.24455358       0.24225038
       0.33729851       0.24498043       0.24329134
       0.33758677       0.24527867       0.24422784
       0.33773844       0.24544218       0.24505284
       0.33774874       0.24546465       0.24575884
       0.33761320       0.24533963       0.24633787
       0.33732770       0.24506056       0.24678146
       0.33688856       0.24462077       0.24708069
       0.33629261       0.24401358       0.24722619
       0.33553731       0.24323231       0.24720814
       0.33462081       0.24227035       0.24701632
       0.33354208       0.24112125       0.24664017
       0.33230102       0.23977877       0.24606875
       0.33089855       0.23823699       0.24529090
       0.32933679       0.23649040       0.24429522
       0.32761914       0.23453404       0.24307022
       0.32575047       0.23236360       0.24160433
       0.32373723       0.22997560       0.23988612
       0.32158763       0.22736754       0.23790435
       0.31931180       0.22453810       0.23564817
       0.31692196       0.22148735       0.23310733
       0.31443258       0.21821702       0.23027238
       0.31186057       0.21473070       0.22713496
       0.30922542       0.21103422       0.22368816
       0.30654939       0.20713592       0.21992687
       0.30385763       0.20304704       0.21584824
       0.30117829       0.19878208       0.21145225
       0.29854264       0.19435925       0.20674229
       0.29598502       0.18980085       0.20172586
       0.29354289       0.18513374       0.19641539
       0.29125664       0.18038973       0.19082910
       0.28916939       0.17560601       0.18499198
       0.28732662       0.17082546       0.17893676
       0.28577565       0.16609688       0.17270495
       0.28456497       0.16147512       0.16634787
       0.28374332       0.15702096       0.15992750
       0.28335860       0.15280082       0.15351720
       0.28345655       0.14888611       0.14720214
       0.28407925       0.14535226       0.14107921
       0.28526336       0.14227735       0.13525646
       0.28703831       0.13974026       0.12985169
       0.28942439       0.13781843       0.12499031
       0.29243093       0.13658521       0.12080215
       0.29605454       0.13610683       0.11741734
       0.30027783       0.13643926       0.11496124
       0.30506843       0.13762493       0.11354867
       0.31037874       0.13968980       0.11327766
       0.31614636       0.14264075       0.11422316
       0.32229536       0.14646386       0.11643137
       0.32873837       0.15112355       0.11991502
       0.33537936       0.15656289       0.12465035
       0.34211720       0.16270520       0.13057623
       0.34884943       0.16945679       0.13759553
       0.35547635       0.17671075       0.14557898
       0.36190481       0.18435153       0.15437114
       0.36805167       0.19225992       0.16379810
       0.37384652       0.20031805       0.17367612
       0.37923361       0.20841400       0.18382057
       0.38417275       0.21644573       0.19405439
       0.38863944       0.22432410       0.20421524
       0.39262399       0.23197474       0.21416117
       0.39613011       0.23933893       0.22377420
       0.39917289       0.24637344       0.23296208
       0.40177658       0.25304957       0.24165819
       0.40397220       0.25935152       0.24981992
       0.40579533       0.26527448       0.25742600
       0.40728401       0.27082239       0.26447304
       0.40847700       0.27600586       0.27097184
       0.40941238       0.28084010       0.27694361
       0.41012652       0.28534323       0.28241659
       0.41065336       0.28953482       0.28742295
       0.41102404       0.29343476       0.29199642
       0.41126679       0.29706249       0.29617036
       0.41140696       0.30043649       0.29997642
       0.41146726       0.30357404       0.30344380
       0.41146807       0.30649112       0.30659877
       0.41142778       0.30920252       0.30946469
       0.41136315       0.31172198       0.31206219
       0.41128969       0.31406249       0.31440955
       0.41122190       0.31623643       0.31652316
       0.41117358       0.31825590       0.31841800
       0.41115802       0.32013287       0.32010820
       0.41118810       0.32187939       0.32160739
       0.41127640       0.32350767       0.32292915
       0.41143522       0.32503019       0.32408727
       0.41167658       0.32645974       0.32509599
       0.41201215       0.32780934       0.32597012
       0.41245320       0.32909228       0.32672513
       0.41301048       0.33032195       0.32737709
       0.41369412       0.33151182       0.32794270
       0.41451352       0.33267527       0.32843911
       0.41547722       0.33382545       0.32888382
       0.41659279       0.33497519       0.32929456
       0.41786673       0.33613681       0.32968902
       0.41930433       0.33732202       0.33008478
       0.42090964       0.33854175       0.33049902
       0.42268534       0.33980605       0.33094839
       0.42463270       0.34112396       0.33144880
       0.42675151       0.34250340       0.33201526
       0.42904007       0.34395105       0.33266167
       0.43149514       0.34547229       0.33340070
       0.43411197       0.34707112       0.33424360
       0.43688427       0.34875006       0.33520010
       0.43980426       0.35051014       0.33627824
       0.44286272       0.35235085       0.33748431
       0.44604900       0.35427008       0.33882272
       0.44935116       0.35626417       0.34029593
       0.45275599       0.35832788       0.34190440
       0.45624912       0.36045438       0.34364658
       0.45981516       0.36263535       0.34551883
       0.46343777       0.36486094       0.34751549
       0.46709979       0.36711991       0.34962885
       0.47078339       0.36939963       0.35184923
       0.47447019       0.37168617       0.35416503
       0.47814139       0.37396442       0.35656279
       0.48177788       0.37621810       0.35902731
       0.48536043       0.37842994       0.36154173
       0.48886976       0.38058172       0.36408764
       0.49228670       0.38265433       0.36664520
       0.49559229       0.38462795       0.36919325
       0.49876791       0.38648203       0.37170939
       0.50179538       0.38819545       0.37417013
       0.50465708       0.38974653       0.37655093
       0.50733603       0.39111312       0.37882631
       0.50981602       0.39227264       0.38096984
       0.51208166       0.39320215       0.38295427
       0.51411856       0.39387835       0.38475143
       0.51591340       0.39427763       0.38633233
       0.51745405       0.39437614       0.38766701
       0.51872976       0.39414976       0.38872457
       0.51973126       0.39357420       0.38947304
       0.52045102       0.39262501       0.38987929
       0.52088345       0.39127772       0.38990894
       0.52102521       0.38950789       0.38952623
       0.52087549       0.38729135       0.38869389
       0.52043644       0.38460432       0.38737309
       0.51971364       0.38142382       0.38552333
       0.51871662       0.37772801       0.38310254
       0.51745949       0.37349673       0.38006708
       0.51596167       0.36871224       0.37637207
       0.51424872       0.36336005       0.37197182
       0.51235323       0.35743011       0.36682052
       0.51031577       0.35091818       0.36087337
       0.50818602       0.34382760       0.35408810
       0.50602372       0.33617134       0.34642717
       0.50389973       0.32797452       0.33786067
       0.50189687       0.31927727       0.32837024
       0.50011047       0.31013805       0.31795398
       0.49864854       0.30063713       0.30663271
       0.49763114       0.29088035       0.29445747
       0.49718893       0.28100263       0.28151832
       0.49746036       0.27117103       0.26795409
       0.49858739       0.26158666       0.25396258
       0.50070918       0.25248476       0.23981009
       0.50395392       0.24413216       0.22583887
       0.50842842       0.23682100       0.21247021
       0.51420605       0.23085809       0.20020084
       0.52131360       0.22654921       0.18958979
       0.52971828       0.22417847       0.18123347
       0.53931655       0.22398374       0.17572779
       0.54992676       0.22613010       0.17361845
       0.56128766       0.23068454       0.17534313
       0.57306455       0.23759589       0.18117271
       0.58486366       0.24668400       0.19116072
       0.59625444       0.25764155       0.20511143
       0.60679773       0.27004985       0.22257461
       0.61607646       0.28340761       0.24287118
       0.62372506       0.29716933       0.26514763
       0.62945359       0.31078769       0.28845131
       0.63306374       0.32375408       0.31181445
       0.63445528       0.33563182       0.33433378
       0.63362305       0.34607853       0.35523454
       0.63064635       0.35485644       0.37391222
       0.62567287       0.36183140       0.38995013
       0.61890025       0.36696313       0.40311555
       0.61055742       0.37028972       0.41333973
       0.60088774       0.37190940       0.42068813
       0.59013502       0.37196240       0.42532690
       0.57853286       0.37061434       0.42749021
       0.56629734       0.36804247       0.42745144
       0.55362255       0.36442496       0.42549978
       0.54067859       0.35993320       0.42192261
       0.52761131       0.35472672       0.41699327
       0.51454331       0.34895029       0.41096335
       0.50157573       0.34273262       0.40405860
       0.48879047       0.33618631       0.39647754
       0.47625258       0.32940843       0.38839179
       0.46401260       0.32248174       0.37994767
       0.45210877       0.31547603       0.37126846
       0.44056910       0.30844963       0.36245687
       0.42941310       0.30145084       0.35359767
       0.41865335       0.29451931       0.34476016
       0.40829683       0.28768731       0.33600046
       0.39834602       0.28098081       0.32736354
       0.38879988       0.27442048       0.31888507
       0.37965452       0.26802253       0.31059292
       0.37090395       0.26179943       0.30250850
       0.36254050       0.25576052       0.29464792
       0.35455530       0.24991256       0.28702288
       0.34693857       0.24426013       0.27964150
       0.33967994       0.23880603       0.27250894
       0.33276863       0.23355155       0.26562797
       0.32619361       0.22849678       0.25899942
       0.31994380       0.22364080       0.25262251
       0.31400810       0.21898186       0.24649522
       0.30837553       0.21451752       0.24061449
       0.30303525       0.21024483       0.23497646
       0.29797665       0.20616038       0.22957663
       0.29318935       0.20226041       0.22441001
       0.28866325       0.19854090       0.21947124
       0.28438854       0.19499761       0.21475466
       0.28035571       0.19162615       0.21025444
       0.27655556       0.18842204       0.20596461
       0.27297920       0.18538070       0.20187910
       0.26961804       0.18249752       0.19799186
       0.26646381       0.17976789       0.19429680
       0.26350855       0.17718720       0.19078789
       0.26074458       0.17475085       0.18745916
       0.25816450       0.17245431       0.18430473
       0.25576121       0.17029309       0.18131880
       0.25352787       0.16826276       0.17849571
       0.25145788       0.16635896       0.17582988
       0.24954492       0.16457743       0.17331589
       0.24778288       0.16291396       0.17094845
       0.24616589       0.16136445       0.16872239
       0.24468829       0.15992486       0.16663270
       0.24334462       0.15859125       0.16467448
       0.24212962       0.15735977       0.16284300
       0.24103820       0.15622664       0.16113364
       0.24006546       0.15518818       0.15954192
       0.23920664       0.15424077       0.15806349
       0.23845714       0.15338088       0.15669412
       0.23781252       0.15260506       0.15542971
       0.23726843       0.15190993       0.15426627
       0.23682068       0.15129215       0.15319992
       0.23646518       0.15074848       0.15222687
       0.23619794       0.15027571       0.15134344
       0.23601508       0.14987072       0.15054605
       0.23591280       0.14953041       0.14983118
       0.23588740       0.14925173       0.14919542
       0.23593525       0.14903170       0.14863539
       0.23605278       0.14886735       0.14814781
       0.23623650       0.14875577       0.14772945
       0.23648300       0.14869407       0.14737712
       0.23678890       0.14867939       0.14708770
       0.23715090       0.14870892       0.14685809
       0.23756574       0.14877984       0.14668524
       0.23803021       0.14888939       0.14656614
       0.23854117       0.14903482       0.14649777
       0.23909553       0.14921340       0.14647718
       0.23969022       0.14942241       0.14650141
       0.24032226       0.14965919       0.14656753
       0.24098871       0.14992107       0.14667262
       0.24168667       0.15020542       0.14681378
       0.24241331       0.15050963       0.14698812
       0.24316588       0.15083112       0.14719277
       0.24394166       0.15116735       0.14742485
       0.24473802       0.15151581       0.14768153
       0.24555241       0.15187404       0.14795996
       0.24638234       0.15223960       0.14825735
       0.24722541       0.15261014       0.14857091
       0.24807931       0.15298333       0.14889787
       0.24894184       0.15335692       0.14923552
       0.24981089       0.15372874       0.14958117
       0.25068446       0.15409668       0.14993218
       0.25156066       0.15445873       0.15028598
       0.25243774       0.15481297       0.15064005
       0.25331406       0.15515759       0.15099194
       0.25418812       0.15549090       0.15133929
       0.25505858       0.15581130       0.15167985
       0.25592422       0.15611738       0.15201145
       0.25678400       0.15640784       0.15233206
       0.25763702       0.15668154       0.15263978
       0.25848256       0.15693751       0.15293284
       0.25932005       0.15717499       0.15320967
       0.26014910       0.15739336       0.15346884
       0.26096949       0.15759224       0.15370914
       0.26178119       0.15777145       0.15392957
       0.26258431       0.15793104       0.15412935
       0.26337917       0.15807129       0.15430796
       0.26416622       0.15819272       0.15446512
       0.26494611       0.15829610       0.15460086
       0.26571961       0.15838248       0.15471549
       0.26648766       0.15845314       0.15480965
       0.26725133       0.15850965       0.15488428
       0.26801181       0.15855385       0.15494069
       0.26877037       0.15858783       0.15498054
       0.26952840       0.15861396       0.15500584
       0.27028732       0.15863485       0.15501896
       0.27104862       0.15865338       0.15502267
       0.27181377       0.15867263       0.15502008
       0.27258424       0.15869592       0.15501467
       0.27336142       0.15872673       0.15501027
       0.27414665       0.15876874       0.15501101
       0.27494113       0.15882571       0.15502136
       0.27574590       0.15890153       0.15504604
       0.27656180       0.15900011       0.15508997
       0.27738945       0.15912539       0.15515827
       0.27822921       0.15928123       0.15525617
       0.27908110       0.15947140       0.15538896
       0.27994486       0.15969952       0.15556188
       0.28081983       0.15996896       0.15578009
       0.28170500       0.16028284       0.15604855
       0.28259892       0.16064392       0.15637193
       0.28349980       0.16105456       0.15675453
       0.28440538       0.16151669       0.15720018
       0.28531304       0.16203172       0.15771217
       0.28621979       0.16260052       0.15829310
       0.28712224       0.16322339       0.15894487
       0.28801674       0.16390002       0.15966857
       0.28889933       0.16462948       0.16046442
       0.28976586       0.16541023       0.16133176
       0.29061202       0.16624013       0.16226897
       0.29143344       0.16711644       0.16327351
       0.29222572       0.16803588       0.16434192
       0.29298456       0.16899469       0.16546984
       0.29370584       0.16998865       0.16665209
       0.29438565       0.17101321       0.16788270
       0.29502044       0.17206349       0.16915509
       0.29560705       0.17313447       0.17046209
       0.29614280       0.17422099       0.17179612
       0.29662558       0.17531789       0.17314931
       0.29705383       0.17642012       0.17451364
       0.29742665       0.17752277       0.17588112
       0.29774382       0.17862122       0.17724386
       0.29800580       0.17971119       0.17859431
       0.29821372       0.18078879       0.17992530
       0.29836942       0.18185064       0.18123024
