-0.11413967
-0.1572144
-0.20622477
-0.26092691
-0.3208534499999999
-0.38528554
-0.45322454
-0.52336612
-0.59408044
-0.66340348
-0.7290459
-0.78842611
-0.83873446
-0.8770341
-0.9004013
-0.90610385
-0.8918099700000001
-0.8558135099999999
-0.79725435
-0.71630736
-0.6143112699999999
-0.49381121
-0.35849607
-0.21302465
-0.062750001
0.086632845
0.2294778899999999
0.36057343
0.47547809
0.57077253
0.64420554
0.69472912
0.72243266
0.7283971600000001
0.71449723
0.68317934
0.63724166
0.57963474
0.51329541
0.44101935
0.36537211
0.28863479
0.21277772
0.13945519
0.07001394000000001
0.0055096685
-0.053273545
-0.10580392
-0.1517846999999999
-0.19113957
-0.2240001299999999
-0.2506943999999999
-0.2717346099999999
-0.28780237
-0.29972958
-0.30847356
-0.3150855599999999
-0.32067237
-0.32635124
-0.33319935
-0.3421990999999999
-0.35418136
-0.36976866
-0.38932084
-0.41288567
-0.440157
-0.4704434
-0.50265057
-0.535281
-0.56645503
-0.59395721
-0.61531193
-0.62789072
-0.62905163
-0.61630773
-0.58751726
-0.54108268
-0.4761410899999999
-0.3927245999999999
-0.2918679399999999
-0.17564293
-0.04710563699999999
0.08984800299999999
0.23071015
0.37065244
0.50485068
0.62880764
0.73863878
0.8312925099999999
0.90468606
0.9577513099999999
0.99039608
1.003396299999999
0.99824023
0.97694694
0.9418808
0.8955784100000001
0.8405997599999999
0.77941005
0.7142935600000001
0.6472978600000001
0.58020383
0.51451633
0.4514696899999999
0.39204302
0.33698072
0.28681497
0.24188782
0.20237128
0.16828487
0.13951055
0.1158053
0.09681220700000001
0.08207058099999999
0.071026105
0.06304156899999999
0.05740874299999999
0.05336169
0.05009157799999999
0.04676287099999999
0.042530588
0.036558242
0.02803603199999999
0.01619892799999999
0.0003444162099999999
-0.020150127
-0.045810278
-0.07704722299999999