-0.025739172
0.12943539
0.28060228
0.42199783
0.5485098299999999
0.65599313
0.74148
0.8032714
0.8409129
0.8550732500000001
0.8473535899999999
0.82005842
0.77595802
0.7180666000000001
0.64945257
0.5730902399999999
0.49175479
0.40795777
0.32391656
0.2415499
0.16249111
0.08811122900000001
0.019545559
-0.04228154199999999
-0.09663707199999999
-0.14296705
-0.1808920099999999
-0.2102098199999999
-0.23090394
-0.2431549299999999
-0.24735216
-0.24410242
-0.23423265
-0.21878407
-0.19899594
-0.17627828
-0.15217392
-0.12831122
-0.10635016
-0.08792450799999999
-0.074583597
-0.06773653699999999
-0.068601361
-0.07816052799999999
-0.09712321700000001
-0.1258938099999999
-0.16454516
-0.21279493
-0.26998322
-0.33505073
-0.40651757
-0.48246513
-0.56052529
-0.6378836599999999
-0.71130587
-0.77719694
-0.83170406
-0.8708707499999999
-0.89084615
-0.88814548
-0.85994814
-0.8044087599999999
-0.72094635
-0.61046978
-0.47549728
-0.32013532
-0.14989817
0.028627434
0.20824333
0.38167512
0.54211644
0.68371573
0.8019489399999999
0.8938427000000001
0.9580364700000001
0.9946966800000001
1.0053139
0.99242393
0.95929624
0.90962584
0.847258
0.7759617300000001
0.6992593099999999
0.62031027
0.5418432199999999
0.46612593
0.39496357
0.32971568
0.2713242499999999
0.22034729
0.17699428
0.14116155
0.11246703
0.09028461800000001
0.073778851
0.06194061
0.05362446399999999
0.047587792
0.04253146299999999
0.037141408
0.03013020099999999
0.02027759699999999
0.0064691146
-0.012268056
-0.03673213499999999
-0.067516739
-0.10498333
-0.14923544
-0.20009394
-0.2570730199999999
-0.3193570199999999
-0.3857793099999999
-0.4548057
-0.52452615
-0.5926604700000001
-0.65658424
-0.71338271
-0.7599392
-0.79306345
-0.8096612
-0.80694129
-0.7826494
-0.7353097
-0.66444893
-0.5707726199999999
-0.45626274
-0.32417145
-0.17889645