-0.01304076076092974
0.05604502442244181
0.12696779256767
0.1989897852553843
0.2713354012720168
0.3432065943245186
0.4137989974427276
0.4823182398241185
0.5479959209200628
0.6101047317238101
0.6679722622026425
0.7209931028174625
0.7686389321543402
0.8104663762287418
0.8461225221766778
0.8753480642216393
0.8979781480375497
0.9139410568800368
0.923254946209696
0.9260228812473204
0.9224264634031389
0.9127183472677125
0.8972139511556103
0.8762826530083316
0.8503387421554127
0.8198323685594967
0.7852406972881222
0.7470594394584797
0.7057948939118432
0.6619565981610806
0.6160506540989994
0.5685737645469419
0.5200079915818326
0.4708162269961561
0.4214383492315851
0.3722880294742362
0.3237501419337343
0.2761787291625024
0.2298954720521627
0.1851886152883935
0.1423123019741885
0.1014862752903722
0.06289590994117935
0.02669254127733428
-0.007005934990908499
-0.03811421500407952
-0.0665785095220282
-0.09237525288149373
-0.1155096117529719
-0.1360138063130612
-0.1539452564624336
-0.1693845666676991
-0.1824333647654325
-0.193212012475704
-0.2018572082363699
-0.2085195060720527
-0.2133607773258586
-0.216551644979667
-0.2182689227531112
-0.2186930930060426
-0.2180058585087706
-0.2163878032616732
-0.2140161966582164
-0.2110629733582159
-0.2076929182854785
-0.2040620822473795
-0.2003164488989239
-0.1965908682840467
-0.1930082661569345
-0.1896791319130994
-0.1867012814539342
-0.1841598848828554
-0.1821277427924042
-0.1806657892400378
-0.1798237944912065
-0.1796412363653468
-0.180148305650674
-0.1813670086151492
-0.1833123281526719
-0.1859934045479587
-0.1894146971714043
-0.193577089551774
-0.1984789021271929
-0.2041167794410787
-0.2104864215252292
-0.2175831325991422
-0.2254021639278932
-0.2339388316547512
-0.2431883946171832
-0.2531456815507212
-0.2638044616968222
-0.2751565576974442
-0.2871907048427872
-0.2998911663189985
-0.313236120168205
-0.327195840311307
-0.3417307012682624
-0.35678904418694
-0.3723049504623278
-0.3881959785346403
-0.4043609292609968
-0.4206777153282029
-0.4370014201688614
-0.4531626412896356
-0.4689662212170003
-0.4841904756799929
-0.4985870323326939
-0.5118813933352729
-0.5237743304840738
-0.5339442113549265
-0.5420503382531272
-0.5477373580075368
-0.5506407694785031
-0.5503935171682832
-0.5466336141533765
-0.5390126869318074
-0.5272052805753116
-0.5109187073189096
-0.489903168503089
-0.463961832134365
-0.4329605099990497
-0.3968365529541156
-0.3556065740623237
-0.3093726192664975
-0.2583264359139544
-0.202751540955012
-0.1430228618822637
-0.07960381174959407