-0.013499534
-0.021090564
-0.032027567
-0.04707222299999999
-0.066861734
-0.091888798
-0.12248315
-0.15879411
-0.2007736099999999
-0.24815914
-0.30045649
-0.35692273
-0.41655043
-0.47805519
-0.5398695799999999
-0.60014737
-0.656783
-0.70745129
-0.7496723300000001
-0.7809051
-0.79867092
-0.80070432
-0.78512434
-0.75061392
-0.6965905700000001
-0.6233475099999999
-0.5321441799999999
-0.4252267599999999
-0.3057661099999999
-0.17770982
-0.04555672799999999
0.08592643099999999
0.21201738
0.32834617
0.43116582
0.51755895
0.5855635099999999
0.63421257
0.66349404
0.67424528
0.66800252
0.64682652
0.61312416
0.5694815199999999
0.51851901
0.46277421
0.40461349
0.3461704
0.2893069
0.23559253
0.18629655
0.142389
0.10454727
0.073166088
0.048369863
0.030027046
0.01776691299999999
0.010999446
0.008938988599999999
0.0106322
0.014990379
0.020825808
0.02689122499999999
0.031921186
0.034673795
0.033971274
0.028738013
0.018035088
0.0010907777
-0.022672897
-0.05361702499999999
-0.09186511400000001
-0.13728377
-0.18946381
-0.24770121
-0.31097841
-0.37794718
-0.44691606
-0.51584651
-0.58236366
-0.6437883
-0.69719719
-0.7395181499999999
-0.76766385
-0.7787044899999999
-0.77007371
-0.7397953099999999
-0.6867108499999999
-0.61068241
-0.5127409499999999
-0.39515235
-0.26137927
-0.11592911
0.035906382
0.18839736
0.33577179
0.47261597
0.59423407
0.69692796
0.77817201
0.8366735200000001
0.87232588
0.8860739699999999
0.87971912
0.8556930400000001
0.8168279
0.76614363
0.70666694
0.64128907
0.57266348
0.50314024
0.43473138
0.36910008
0.30756692
0.25112687
0.20047244
0.15601914
0.11793127
0.086146864
0.06040141799999999
0.040250816
0.02509397
0.014195852
0.0067114645
0.0017110772
-0.001793232699999999
-0.0048200041
-0.008390268399999999