       0.22532686       0.13536766       0.13717041
       0.22499412       0.13435893       0.13587765
       0.22472064       0.13338238       0.13459250
       0.22451145       0.13244374       0.13331981
       0.22437170       0.13154909       0.13206494
       0.22430668       0.13070493       0.13083385
       0.22432179       0.12991806       0.12963304
       0.22442243       0.12919563       0.12846957
       0.22461401       0.12854509       0.12735102
       0.22490190       0.12797411       0.12628549
       0.22529135       0.12749058       0.12528156
       0.22578742       0.12710254       0.12434825
       0.22639497       0.12681811       0.12349496
       0.22711858       0.12664544       0.12273141
       0.22796246       0.12659261       0.12206756
       0.22893044       0.12666760       0.12151353
       0.23002587       0.12687816       0.12107951
       0.23125161       0.12723174       0.12077564
       0.23260994       0.12773542       0.12061192
       0.23410255       0.12839581       0.12059806
       0.23573047       0.12921898       0.12074342
       0.23749409       0.13021032       0.12105680
       0.23939309       0.13137457       0.12154638
       0.24142645       0.13271563       0.12221961
       0.24359246       0.13423660       0.12308305
       0.24588872       0.13593966       0.12414229
       0.24831215       0.13782607       0.12540189
       0.25085904       0.13989610       0.12686526
       0.25352504       0.14214905       0.12853462
       0.25630528       0.14458324       0.13041098
       0.25919436       0.14719601       0.13249407
       0.26218643       0.14998372       0.13478238
       0.26527524       0.15294185       0.13727316
       0.26845424       0.15606495       0.13996243
       0.27171659       0.15934678       0.14284507
       0.27505528       0.16278031       0.14591483
       0.27846317       0.16635780       0.14916443
       0.28193307       0.17007089       0.15258564
       0.28545779       0.17391064       0.15616932
       0.28903020       0.17786766       0.15990558
       0.29264332       0.18193210       0.16378381
       0.29629033       0.18609384       0.16779277
       0.29996468       0.19034246       0.17192074
       0.30366009       0.19466739       0.17615551
       0.30737065       0.19905797       0.18048457
       0.31109083       0.20350353       0.18489512
       0.31481557       0.20799344       0.18937420
       0.31854027       0.21251725       0.19390875
       0.32226089       0.21706472       0.19848574
       0.32597399       0.22162590       0.20309222
       0.32967671       0.22619125       0.20771545
       0.33336687       0.23075168       0.21234297
       0.33704299       0.23529865       0.21696274
       0.34070427       0.23982422       0.22156321
       0.34435066       0.24432114       0.22613347
       0.34798285       0.24878290       0.23066331
       0.35160224       0.25320379       0.23514334
       0.35521101       0.25757896       0.23956509
       0.35881200       0.26190443       0.24392112
       0.36240876       0.26617716       0.24820505
       0.36600548       0.27039503       0.25241168
       0.36960693       0.27455687       0.25653702
       0.37321842       0.27866242       0.26057835
       0.37684571       0.28271235       0.26453422
       0.38049496       0.28670823       0.26840446
       0.38417260       0.29065243       0.27219022
       0.38788530       0.29454815       0.27589388
       0.39163982       0.29839927       0.27951904
       0.39544293       0.30221034       0.28307048
       0.39930129       0.30598649       0.28655404
       0.40322139       0.30973329       0.28997658
       0.40720939       0.31345674       0.29334587
       0.41127105       0.31716309       0.29667045
       0.41541163       0.32085878       0.29995955
       0.41963578       0.32455035       0.30322297
       0.42394744       0.32824428       0.30647087
       0.42834979       0.33194695       0.30971374
       0.43284515       0.33566448       0.31296217
       0.43743490       0.33940268       0.31622674
       0.44211944       0.34316690       0.31951788
       0.44689815       0.34696199       0.32284570
       0.45176931       0.35079219       0.32621988
       0.45673012       0.35466102       0.32964948
       0.46177668       0.35857128       0.33314288
       0.46690393       0.36252493       0.33670758
       0.47210577       0.36652308       0.34035014
       0.47737496       0.37056589       0.34407603
       0.48270328       0.37465263       0.34788958
       0.48808148       0.37878158       0.35179387
       0.49349940       0.38295008       0.35579069
       0.49894602       0.38715451       0.35988048
       0.50440958       0.39139033       0.36406231
       0.50987760       0.39565211       0.36833388
       0.51533706       0.39993357       0.37269153
       0.52077446       0.40422763       0.37713023
       0.52617594       0.40852650       0.38164371
       0.53152740       0.41282174       0.38622446
       0.53681461       0.41710434       0.39086383
       0.54202332       0.42136482       0.39555215
       0.54713937       0.42559330       0.40027879
       0.55214882       0.42977964       0.40503233
       0.55703801       0.43391347       0.40980067
       0.56179370       0.43798435       0.41457114
       0.56640311       0.44198183       0.41933064
       0.57085406       0.44589553       0.42406582
       0.57513497       0.44971525       0.42876314
       0.57923497       0.45343103       0.43340903
       0.58314393       0.45703322       0.43799002
       0.58685252       0.46051257       0.44249284
       0.59035219       0.46386024       0.44690452
       0.59363527       0.46706789       0.45121247
       0.59669492       0.47012771       0.45540460
       0.59952517       0.47303245       0.45946937
       0.60212089       0.47577542       0.46339583
       0.60447782       0.47835055       0.46717371
       0.60659251       0.48075239       0.47079342
       0.60846234       0.48297609       0.47424613
       0.61008547       0.48501743       0.47752375
       0.61146083       0.48687280       0.48061894
       0.61258805       0.48853918       0.48352516
       0.61346747       0.49001416       0.48623662
       0.61410010       0.49129589       0.48874831
       0.61448752       0.49238306       0.49105596
       0.61463192       0.49327490       0.49315603
       0.61453600       0.49397113       0.49504572
       0.61420297       0.49447195       0.49672287
       0.61363645       0.49477801       0.49818602
       0.61284050       0.49489036       0.49943432
       0.61181951       0.49481046       0.50046752
       0.61057822       0.49454008       0.50128590
       0.60912163       0.49408137       0.50189031
       0.60745497       0.49343671       0.50228205
       0.60558369       0.49260878       0.50246287
       0.60351340       0.49160047       0.50243494
       0.60124984       0.49041487       0.50220079
       0.59879882       0.48905522       0.50176327
       0.59616625       0.48752491       0.50112552
       0.59335806       0.48582743       0.50029094
       0.59038017       0.48396634       0.49926314
       0.58723850       0.48194526       0.49804588
       0.58393892       0.47976781       0.49664308
       0.58048723       0.47743762       0.49505875
       0.57688914       0.47495830       0.49329695
       0.57315027       0.47233338       0.49136178
       0.56927612       0.46956632       0.48925733
       0.56527204       0.46666050       0.48698765
       0.56114326       0.46361916       0.48455672
       0.55689485       0.46044540       0.48196842
       0.55253174       0.45714218       0.47922648
       0.54805866       0.45371227       0.47633448
       0.54348022       0.45015824       0.47329583
       0.53880086       0.44648248       0.47011368
       0.53402483       0.44268714       0.46679096
       0.52915627       0.43877413       0.46333033
       0.52419917       0.43474512       0.45973415
       0.51915736       0.43060152       0.45600444
       0.51403458       0.42634448       0.45214289
       0.50883447       0.42197487       0.44815080
       0.50356059       0.41749327       0.44402909
       0.49821645       0.41289997       0.43977822
       0.49280553       0.40819498       0.43539822
       0.48733134       0.40337802       0.43088865
       0.48179743       0.39844850       0.42624855
       0.47620746       0.39340556       0.42147643
       0.47056523       0.38824805       0.41657025
       0.46487475       0.38297456       0.41152739
       0.45914032       0.37758344       0.40634463
       0.45336659       0.37207280       0.40101811
       0.44755863       0.36644059       0.39554335
       0.44172208       0.36068457       0.38991517
       0.43586319       0.35480245       0.38412777
       0.42998900       0.34879189       0.37817463
       0.42410744       0.34265060       0.37204861
       0.41822751       0.33637645       0.36574191
       0.41235941       0.32996762       0.35924612
       0.40651476       0.32342269       0.35255234
       0.40070679       0.31674088       0.34565120
       0.39495055       0.30992224       0.33853305
       0.38926315       0.30296793       0.33118811
       0.38366403       0.29588051       0.32360677
       0.37817517       0.28866430       0.31577983
       0.37282143       0.28132585       0.30769899
       0.36763073       0.27387436       0.29935734
       0.36263435       0.26632228       0.29074999
       0.35786716       0.25868589       0.28187492
       0.35336774       0.25098605       0.27273394
       0.34917854       0.24324888       0.26333385
       0.34534585       0.23550660       0.25368784
       0.34191968       0.22779831       0.24381704
       0.33895344       0.22017080       0.23375240
       0.33650340       0.21267926       0.22353656
       0.33462789       0.20538788       0.21322603
       0.33338613       0.19837021       0.20289327
       0.33283676       0.19170916       0.19262867
       0.33303587       0.18549664       0.18254224
       0.33403471       0.17983246       0.17276465
       0.33587689       0.17482269       0.16344747
       0.33859534       0.17057703       0.15476203
       0.34220898       0.16720536       0.14689673
       0.34671932       0.16481334       0.14005239
       0.35210730       0.16349720       0.13443538
       0.35833057       0.16333785       0.13024862
       0.36532158       0.16439475       0.12768049
       0.37298683       0.16669997       0.12689234
       0.38120755       0.17025296       0.12800551
       0.38984205       0.17501675       0.13108891
       0.39872976       0.18091607       0.13614878
       0.40769686       0.18783790       0.14312181
       0.41656326       0.19563469       0.15187302
       0.42515029       0.20413014       0.16219894
       0.43328866       0.21312713       0.17383631
       0.44082593       0.22241732       0.18647558
       0.44763283       0.23179129       0.19977797
       0.45360806       0.24104853       0.21339442
       0.45868115       0.25000627       0.22698436
       0.46281327       0.25850656       0.24023271
       0.46599622       0.26642106       0.25286356
       0.46824978       0.27365355       0.26464973
       0.46961779       0.28014012       0.27541793
       0.47016363       0.28584752       0.28504971
       0.46996522       0.29076999       0.29347885
       0.46911020       0.29492516       0.30068617
       0.46769140       0.29834947       0.30669248
       0.46580292       0.30109349       0.31155078
       0.46353684       0.30321748       0.31533830
       0.46098073       0.30478745       0.31814896
       0.45821573       0.30587175       0.32008672
       0.45531533       0.30653831       0.32125987
       0.45234470       0.30685253       0.32177651
       0.44936039       0.30687572       0.32174097
       0.44641043       0.30666404       0.32125133
       0.44353466       0.30626784       0.32039767
       0.44076528       0.30573143       0.31926109
       0.43812743       0.30509304       0.31791323
       0.43563994       0.30438493       0.31641628
       0.43331600       0.30363379       0.31482320
       0.43116390       0.30286105       0.31317827
       0.42918768       0.30208340       0.31151768
       0.42738781       0.30131322       0.30987027
       0.42576172       0.30055908       0.30825827
       0.42430439       0.29982617       0.30669802
       0.42300879       0.29911678       0.30520068
       0.42186631       0.29843065       0.30377297
       0.42086713       0.29776540       0.30241768
       0.42000054       0.29711681       0.30113434
       0.41925521       0.29647915       0.29991966
       0.41861944       0.29584541       0.29876800
       0.41808134       0.29520755       0.29767173
       0.41762904       0.29455668       0.29662158
       0.41725080       0.29388324       0.29560692
       0.41693515       0.29317711       0.29461596
       0.41667103       0.29242778       0.29363597
       0.41644787       0.29162440       0.29265340
       0.41625567       0.29075593       0.29165403
       0.41608513       0.28981117       0.29062300
       0.41592772       0.28877886       0.28954495
       0.41577579       0.28764777       0.28840400
       0.41562267       0.28640676       0.28718386
       0.41546277       0.28504490       0.28586781
       0.41529173       0.28355154       0.28443877
       0.41510656       0.28191649       0.28287936
       0.41490578       0.28013011       0.28117197
       0.41468958       0.27818355       0.27929887
       0.41446005       0.27606893       0.27724233
       0.41422133       0.27377961       0.27498485
       0.41397984       0.27131051       0.27250944
       0.41374451       0.26865845       0.26979988
       0.41352696       0.26582258       0.26684124
       0.41334175       0.26280484       0.26362039
       0.41320653       0.25961049       0.26012665
       0.41314222       0.25624870       0.25635261
       0.41317310       0.25273319       0.25229511
       0.41332679       0.24908288       0.24795633
       0.41363424       0.24532261       0.24334508
       0.41412944       0.24148373       0.23847825
       0.41484905       0.23760481       0.23338232
       0.41583183       0.23373207       0.22809503
       0.41711776       0.22991972       0.22266700
       0.41874692       0.22623008       0.21716322
       0.42075811       0.22273323       0.21166435
       0.42318712       0.21950638       0.20626750
       0.42606465       0.21663258       0.20108641
       0.42941414       0.21419885       0.19625068
       0.43324922       0.21229365       0.19190384
       0.43757128       0.21100368       0.18820007
       0.44236703       0.21040996       0.18529929
       0.44760642       0.21058351       0.18336080
       0.45324105       0.21158071       0.18253528
       0.45920341       0.21343861       0.18295587
       0.46540704       0.21617081       0.18472853
       0.47174785       0.21976403       0.18792273
       0.47810668       0.22417603       0.19256321
       0.48435302       0.22933518       0.19862391
       0.49034978       0.23514176       0.20602484
       0.49595874       0.24147130       0.21463260
       0.50104643       0.24817962       0.22426480
       0.50548980       0.25510919       0.23469806
       0.50918146       0.26209648       0.24567918
       0.51203390       0.26897946       0.25693818
       0.51398245       0.27560478       0.26820229
       0.51498691       0.28183399       0.27920926
       0.51503170       0.28754837       0.28971914
       0.51412469       0.29265224       0.29952363
       0.51229508       0.29707450       0.30845228
       0.50959029       0.30076873       0.31637586
       0.50607253       0.30371189       0.32320664
       0.50181509       0.30590206       0.32889645
       0.49689876       0.30735553       0.33343280
       0.49140847       0.30810344       0.33683387
       0.48543035       0.30818848       0.33914291
       0.47904926       0.30766163       0.34042248
       0.47234688       0.30657925       0.34074902
       0.46540020       0.30500054       0.34020793
       0.45828053       0.30298541       0.33888939
       0.45105290       0.30059281       0.33688481
       0.44377571       0.29787945       0.33428414
       0.43650076       0.29489888       0.33117381
       0.42927336       0.29170088       0.32763528
       0.42213267       0.28833110       0.32374408
       0.41511207       0.28483091       0.31956931
       0.40823962       0.28123741       0.31517341
       0.40153859       0.27758353       0.31061221
       0.39502786       0.27389823       0.30593515
       0.38872249       0.27020675       0.30118562
       0.38263410       0.26653087       0.29640137
       0.37677133       0.26288922       0.29161494
       0.37114025       0.25929756       0.28685417
       0.36574464       0.25576905       0.28214262
       0.36058639       0.25231455       0.27750003
       0.35566572       0.24894282       0.27294276
       0.35098147       0.24566081       0.26848414
       0.34653130       0.24247383       0.26413484
       0.34231189       0.23938576       0.25990322
       0.33831909       0.23639921       0.25579557
       0.33454811       0.23351568       0.25181641
       0.33099360       0.23073573       0.24796866
       0.32764980       0.22805903       0.24425393
       0.32451060       0.22548455       0.24067262
       0.32156963       0.22301060       0.23722408
       0.31882039       0.22063495       0.23390680
       0.31625622       0.21835490       0.23071849
       0.31387043       0.21616733       0.22765618
       0.31165632       0.21406880       0.22471633
       0.30960722       0.21205556       0.22189489
       0.30771656       0.21012366       0.21918742
       0.30597787       0.20826894       0.21658910
       0.30438484       0.20648713       0.21409480
       0.30293134       0.20477385       0.21169918
       0.30161144       0.20312467       0.20939668
       0.30041946       0.20153515       0.20718160
       0.29934999       0.20000088       0.20504813
       0.29839789       0.19851750       0.20299042
       0.29755836       0.19708077       0.20100259
       0.29682692       0.19568659       0.19907879
       0.29619945       0.19433104       0.19721325
       0.29567222       0.19301042       0.19540033
       0.29524189       0.19172129       0.19363453
       0.29490555       0.19046053       0.19191060
       0.29466072       0.18922537       0.19022355
       0.29450536       0.18801343       0.18856872
       0.29443792       0.18682277       0.18694185
       0.29445728       0.18565195       0.18533913
       0.29456282       0.18450006       0.18375728
       0.29475439       0.18336677       0.18219363
       0.29503231       0.18225240       0.18064617
       0.29539734       0.18115794       0.17911367
       0.29585069       0.18008509       0.17759573
       0.29639396       0.17903634       0.17609290
       0.29702913       0.17801496       0.17460674
       0.29775849       0.17702504       0.17313990
       0.29858458       0.17607152       0.17169625
       0.29951011       0.17516019       0.17028089
       0.30053791       0.17429768       0.16890027
       0.30167076       0.17349146       0.16756220
       0.30291132       0.17274975       0.16627594
       0.30426197       0.17208151       0.16505213
       0.30572468       0.17149632       0.16390283
       0.30730085       0.17100426       0.16284145
       0.30899111       0.17061579       0.16188264
       0.31079517       0.17034157       0.16104212
       0.31271165       0.17019224       0.16033656
       0.31473784       0.17017821       0.15978323
       0.31686961       0.17030937       0.15939974
       0.31910119       0.17059487       0.15920369
       0.32142505       0.17104275       0.15921220
       0.32383182       0.17165971       0.15944143
       0.32631019       0.17245074       0.15990614
       0.32884690       0.17341888       0.16061911
       0.33142675       0.17456494       0.16159058
       0.33403273       0.17588728       0.16282780
       0.33664612       0.17738162       0.16433449
       0.33924671       0.17904091       0.16611044
       0.34181306       0.18085535       0.16815120
       0.34432285       0.18281236       0.17044781
       0.34675320       0.18489673       0.17298676
       0.34908111       0.18709084       0.17575003
       0.35128387       0.18937489       0.17871526
       0.35333953       0.19172735       0.18185613
       0.35522727       0.19412529       0.18514284
       0.35692786       0.19654490       0.18854271
       0.35842405       0.19896196       0.19202090
       0.35970083       0.20135236       0.19554120
       0.36074577       0.20369258       0.19906681
       0.36154914       0.20596016       0.20256120
       0.36210412       0.20813413       0.20598889
       0.36240677       0.21019537       0.20931619
       0.36245607       0.21212691       0.21251182
       0.36225379       0.21391414       0.21554749
       0.36180436       0.21554496       0.21839831
       0.36111466       0.21700988       0.22104309
       0.36019378       0.21830198       0.22346451
       0.35905276       0.21941688       0.22564920
       0.35770428       0.22035259       0.22758768
       0.35616238       0.22110941       0.22927421
       0.35444216       0.22168965       0.23070658
       0.35255947       0.22209745       0.23188583
       0.35053065       0.22233858       0.23281590
       0.34837230       0.22242012       0.23350332
       0.34610099       0.22235028       0.23395680
       0.34373311       0.22213812       0.23418687
       0.34128468       0.22179338       0.23420556
       0.33877117       0.22132623       0.23402600
       0.33620741       0.22074710       0.23366214
       0.33360748       0.22006651       0.23312847
       0.33098464       0.21929495       0.23243974
       0.32835126       0.21844272       0.23161073
       0.32571881       0.21751981       0.23065610
       0.32309782       0.21653589       0.22959016
       0.32049787       0.21550016       0.22842682
       0.31792763       0.21442133       0.22717939
       0.31539485       0.21330758       0.22586056
       0.31290638       0.21216652       0.22448233
       0.31046823       0.21100521       0.22305593
       0.30808557       0.20983008       0.22159183
       0.30576280       0.20864701       0.22009970
       0.30350358       0.20746127       0.21858842
       0.30131085       0.20627757       0.21706609
       0.29918693       0.20510007       0.21554002
       0.29713349       0.20393236       0.21401677
       0.29515166       0.20277754       0.21250217
       0.29324203       0.20163821       0.21100133
       0.29140471       0.20051647       0.20951870
       0.28963936       0.19941400       0.20805806
       0.28794523       0.19833202       0.20662261
       0.28632121       0.19727138       0.20521493
       0.28476586       0.19623254       0.20383707
       0.28327741       0.19521560       0.20249054
       0.28185386       0.19422033       0.20117638
       0.28049295       0.19324621       0.19989517
       0.27919222       0.19229242       0.19864705
       0.27794904       0.19135789       0.19743175
       0.27676063       0.19044131       0.19624865
       0.27562406       0.18954114       0.19509677
       0.27453635       0.18865567       0.19397480
       0.27349440       0.18778298       0.19288113
       0.27249510       0.18692104       0.19181390
       0.27153530       0.18606764       0.19077097
       0.27061185       0.18522048       0.18974998
       0.26972162       0.18437715       0.18874837
       0.26886153       0.18353519       0.18776337
       0.26802857       0.18269205       0.18679206
       0.26721980       0.18184516       0.18583137
       0.26643241       0.18099193       0.18487809
       0.26566372       0.18012977       0.18392892
       0.26491121       0.17925611       0.18298045
       0.26417252       0.17836842       0.18202922
       0.26344550       0.17746426       0.18107172
       0.26272824       0.17654124       0.18010439
       0.26201904       0.17559710       0.17912368
       0.26131649       0.17462972       0.17812608
       0.26061949       0.17363712       0.17710809
       0.25992721       0.17261753       0.17606629
       0.25923920       0.17156937       0.17499736
       0.25855536       0.17049133       0.17389811
       0.25787598       0.16938236       0.17276550
       0.25720173       0.16824173       0.17159670
       0.25653376       0.16706903       0.17038909
       0.25587364       0.16586426       0.16914035
       0.25522343       0.16462783       0.16784847
       0.25458566       0.16336059       0.16651182
       0.25396338       0.16206390       0.16512920
       0.25336018       0.16073969       0.16369988
       0.25278014       0.15939042       0.16222369
       0.25222790       0.15801923       0.16070107
       0.25170863       0.15662988       0.15913315
       0.25122802       0.15522688       0.15752182
       0.25079228       0.15381546       0.15586982
       0.25040810       0.15240165       0.15418077
       0.25008265       0.15099227       0.15245932
       0.24982348       0.14959500       0.15071119
       0.24963854       0.14821834       0.14894323
       0.24953604       0.14687165       0.14716352
       0.24952443       0.14556513       0.14538141
       0.24961227       0.14430980       0.14360756
       0.24980814       0.14311741       0.14185399
       0.25012049       0.14200047       0.14013406
       0.25055755       0.14097208       0.13846247
       0.25112713       0.14004586       0.13685518
       0.25183652       0.13923580       0.13532936
       0.25269226       0.13855611       0.13390324
       0.25370002       0.13802105       0.13259592
       0.25486441       0.13764468       0.13142717
       0.25618882       0.13744066       0.13041716
       0.25767526       0.13742200       0.12958614
       0.25932423       0.13760079       0.12895405
       0.26113460       0.13798792       0.12854016
       0.26310353       0.13859284       0.12836262
       0.26522643       0.13942329       0.12843801
       0.26749693       0.14048506       0.12878087
       0.26990695       0.14178181       0.12940329
       0.27244677       0.14331488       0.13031448
       0.27510518       0.14508322       0.13152043
       0.27786966       0.14708328       0.13302359
       0.28072660       0.14930910       0.13482272
       0.28366161       0.15175235       0.13691277
       0.28665979       0.15440246       0.13928489
       0.28970604       0.15724690       0.14192662
       0.29278545       0.16027142       0.14482209
       0.29588357       0.16346036       0.14795243
       0.29898676       0.16679706       0.15129625
       0.30208244       0.17026418       0.15483017
       0.30515939       0.17384417       0.15852943
       0.30820789       0.17751958       0.16236854
       0.31121992       0.18127345       0.16632191
       0.31418920       0.18508963       0.17036447
       0.31711124       0.18895305       0.17447221
       0.31998333       0.19284993       0.17862270
       0.32280444       0.19676791       0.18279545
       0.32557508       0.20069619       0.18697226
       0.32829718       0.20462552       0.19113733
       0.33097386       0.20854820       0.19527744
       0.33360925       0.21245795       0.19938186
       0.33620826       0.21634987       0.20344229
       0.33877638       0.22022025       0.20745268
       0.34131947       0.22406639       0.21140897
       0.34384354       0.22788647       0.21530885
       0.34635467       0.23167930       0.21915144
       0.34885878       0.23544425       0.22293699
       0.35136158       0.23918099       0.22666658
       0.35386844       0.24288944       0.23034184
       0.35638438       0.24656958       0.23396469
       0.35891404       0.25022143       0.23753715
       0.36146162       0.25384496       0.24106117
       0.36403098       0.25744003       0.24453850
       0.36662557       0.26100641       0.24797059
       0.36924856       0.26454379       0.25135859
       0.37190285       0.26805177       0.25470333
       0.37459111       0.27152992       0.25800534
       0.37731583       0.27497784       0.26126494
       0.38007941       0.27839516       0.26448230
       0.38288414       0.28178166       0.26765752
       0.38573225       0.28513725       0.27079075
       0.38862595       0.28846208       0.27388230
       0.39156740       0.29175652       0.27693271
       0.39455874       0.29502121       0.27994283
       0.39760203       0.29825711       0.28291395
       0.40069929       0.30146543       0.28584778
       0.40385238       0.30464769       0.28874656
       0.40706301       0.30780566       0.29161305
       0.41033265       0.31094134       0.29445052
       0.41366250       0.31405693       0.29726279
       0.41705339       0.31715475       0.30005411
       0.42050573       0.32023718       0.30282917
       0.42401944       0.32330662       0.30559303
       0.42759385       0.32636538       0.30835101
       0.43122770       0.32941564       0.31110859
       0.43491899       0.33245931       0.31387133
       0.43866498       0.33549800       0.31664475
       0.44246214       0.33853290       0.31943420
       0.44630606       0.34156474       0.32224472
       0.45019147       0.34459364       0.32508097
       0.45411218       0.34761911       0.32794703
       0.45806107       0.35063994       0.33084632
       0.46203010       0.35365415       0.33378150
       0.46601030       0.35665891       0.33675429
       0.46999182       0.35965054       0.33976542
       0.47396393       0.36262441       0.34281454
       0.47791507       0.36557497       0.34590008
       0.48183291       0.36849569       0.34901923
       0.48570441       0.37137907       0.35216786
       0.48951590       0.37421663       0.35534048
       0.49325315       0.37699891       0.35853019
       0.49690146       0.37971551       0.36172867
       0.50044575       0.38235510       0.36492621
       0.50387071       0.38490546       0.36811166
       0.50716082       0.38735351       0.37127247
       0.51030055       0.38968535       0.37439476
       0.51327438       0.39188635       0.37746329
       0.51606701       0.39394113       0.38046156
       0.51866340       0.39583369       0.38337183
       0.52104892       0.39754741       0.38617519
       0.52320945       0.39906513       0.38885160
       0.52513152       0.40036921       0.39137994
       0.52680240       0.40144155       0.39373806
       0.52821023       0.40226369       0.39590284
       0.52934416       0.40281683       0.39785018
       0.53019446       0.40308190       0.39955505
       0.53075266       0.40303959       0.40099149
       0.53101168       0.40267045       0.40213262
       0.53096603       0.40195489       0.40295063
       0.53061195       0.40087334       0.40341673
       0.52994763       0.39940625       0.40350117
       0.52897341       0.39753429       0.40317316
       0.52769206       0.39523840       0.40240089
       0.52610906       0.39250006       0.40115144
       0.52423294       0.38930146       0.39939089
       0.52207564       0.38562582       0.39708427
       0.51965300       0.38145777       0.39419568
       0.51698519       0.37678382       0.39068854
       0.51409732       0.37159300       0.38652580
       0.51102001       0.36587757       0.38167048
       0.50779007       0.35963398       0.37608635
       0.50445123       0.35286399       0.36973888
       0.50105483       0.34557606       0.36259659
       0.49766056       0.33778699       0.35463287
       0.49433711       0.32952379       0.34582833
       0.49116267       0.32082587       0.33617386
       0.48822528       0.31174747       0.32567446
       0.48562269       0.30236029       0.31435392
       0.48346189       0.29275612       0.30226044
       0.48185785       0.28304946       0.28947311
       0.48093139       0.27337970       0.27610902
       0.48080601       0.26391255       0.26233068
       0.48160335       0.25484032       0.24835313
       0.48343730       0.24638030       0.23444967
       0.48640663       0.23877093       0.22095499
       0.49058631       0.23226480       0.20826407
       0.49601792       0.22711844       0.19682503
       0.50269978       0.22357849       0.18712440
       0.51057793       0.22186471       0.17966344
       0.51953894       0.22215096       0.17492578
       0.52940623       0.22454564       0.17333761
       0.53994096       0.22907409       0.17522401
       0.55084859       0.23566570       0.18076665
       0.56179127       0.24414822       0.18996941
       0.57240555       0.25425120       0.20263843
       0.58232389       0.26561935       0.21838160
       0.59119762       0.27783474       0.23662980
       0.59871888       0.29044545       0.25667788
       0.60463870       0.30299702       0.27774033
       0.60877954       0.31506282       0.29901332
       0.61104105       0.32626947       0.31973473
       0.61139910       0.33631506       0.33923415
       0.60989907       0.34497884       0.35696808
       0.60664490       0.35212277       0.37253817
       0.60178562       0.35768618       0.38569353
       0.59550132       0.36167557       0.39632016
       0.58798971       0.36415171       0.40442154
       0.57945447       0.36521572       0.41009467
       0.57009580       0.36499590       0.41350497
       0.56010331       0.36363601       0.41486274
       0.54965128       0.36128569       0.41440293
       0.53889581       0.35809301       0.41236867
       0.52797358       0.35419919       0.40899905
       0.51700189       0.34973509       0.40452039
       0.50607945       0.34481917       0.39914089
       0.49528777       0.33955664       0.39304757
       0.48469289       0.33403944       0.38640527
       0.47434718       0.32834675       0.37935686
       0.46429116       0.32254587       0.37202442
       0.45455525       0.31669337       0.36451091
       0.44516134       0.31083620       0.35690209
       0.43612426       0.30501290       0.34926857
       0.42745302       0.29925473       0.34166776
       0.41915192       0.29358667       0.33414579
       0.41122147       0.28802838       0.32673913
       0.40365917       0.28259504       0.31947617
       0.39646022       0.27729805       0.31237851
       0.38961802       0.27214571       0.30546213
       0.38312463       0.26714372       0.29873839
       0.37697118       0.26229567       0.29221484
       0.37114812       0.25760340       0.28589596
       0.36564551       0.25306738       0.27978373
       0.36045319       0.24868696       0.27387816
       0.35556092       0.24446062       0.26817767
       0.35095856       0.24038617       0.26267949
       0.34663611       0.23646090       0.25737990
       0.34258383       0.23268175       0.25227447
       0.33879224       0.22904540       0.24735831
       0.33525222       0.22554842       0.24262621
       0.33195503       0.22218731       0.23807277
       0.32889229       0.21895858       0.23369253
       0.32605605       0.21585886       0.22948009
       0.32343874       0.21288490       0.22543018
       0.32103320       0.21003366       0.22153774
       0.31883269       0.20730230       0.21779799
       0.31683081       0.20468828       0.21420650
       0.31502158       0.20218936       0.21075922
       0.31339933       0.19980359       0.20745254
       0.31195872       0.19752941       0.20428334
       0.31069473       0.19536557       0.20124901
       0.30960256       0.19331123       0.19834749
       0.30867766       0.19136590       0.19557729
       0.30791563       0.18952945       0.19293752
       0.30731223       0.18780213       0.19042790
       0.30686328       0.18618452       0.18804874
       0.30656463       0.18467753       0.18580098
       0.30641210       0.18328235       0.18368614
       0.30640141       0.18200044       0.18170629
       0.30652811       0.18083342       0.17986406
       0.30678753       0.17978311       0.17816255
       0.30717471       0.17885135       0.17660524
       0.30768434       0.17804004       0.17519599
       0.30831065       0.17735098       0.17393886
       0.30904743       0.17678578       0.17283804
       0.30988790       0.17634583       0.17189774
       0.31082471       0.17603215       0.17112201
       0.31184987       0.17584529       0.17051461
       0.31295474       0.17578525       0.17007885
       0.31413003       0.17585137       0.16981741
       0.31536577       0.17604226       0.16973220
       0.31665134       0.17635567       0.16982416
       0.31797551       0.17678847       0.17009312
       0.31932647       0.17733656       0.17053763
       0.32069194       0.17799486       0.17115486
       0.32205922       0.17875725       0.17194049
       0.32341532       0.17961662       0.17288860
       0.32474705       0.18056487       0.17399169
       0.32604120       0.18159295       0.17524061
       0.32728462       0.18269097       0.17662462
       0.32846443       0.18384826       0.17813147
       0.32956814       0.18505353       0.17974752
       0.33058378       0.18629496       0.18145785
       0.33150010       0.18756036       0.18324650
       0.33230666       0.18883736       0.18509662
       0.33299398       0.19011354       0.18699079
       0.33355362       0.19137664       0.18891119
       0.33397830       0.19261465       0.19083991
       0.33426196       0.19381606       0.19275921
       0.33439980       0.19496993       0.19465174
       0.33438830       0.19606604       0.19650084
       0.33422525       0.19709503       0.19829071
       0.33390970       0.19804846       0.20000661
       0.33344194       0.19891889       0.20163505
       0.33282343       0.19969990       0.20316392
       0.33205676       0.20038619       0.20458255
       0.33114552       0.20097349       0.20588182
       0.33009423       0.20145864       0.20705418
       0.32890825       0.20183948       0.20809360
       0.32759364       0.20211486       0.20899564
       0.32615707       0.20228456       0.20975730
       0.32460572       0.20234921       0.21037700
       0.32294715       0.20231024       0.21085447
       0.32118922       0.20216979       0.21119065
       0.31933997       0.20193063       0.21138757
       0.31740754       0.20159604       0.21144823
       0.31540011       0.20116980       0.21137650
       0.31332579       0.20065604       0.21117696
       0.31119257       0.20005919       0.21085480
       0.30900825       0.19938393       0.21041572
       0.30678043       0.19863508       0.20986578
       0.30451642       0.19781755       0.20921136
       0.30222323       0.19693632       0.20845899
       0.29990753       0.19599634       0.20761535
       0.29757566       0.19500253       0.20668712
       0.29523360       0.19395969       0.20568099
       0.29288692       0.19287254       0.20460352
       0.29054085       0.19174563       0.20346115
       0.28820023       0.19058334       0.20226016
       0.28586952       0.18938988       0.20100658
       0.28355283       0.18816924       0.19970624
       0.28125391       0.18692521       0.19836468
       0.27897613       0.18566137       0.19698718
       0.27672258       0.18438108       0.19557873
       0.27449599       0.18308748       0.19414404
       0.27229879       0.18178347       0.19268749
       0.27013315       0.18047177       0.19121321
       0.26800093       0.17915487       0.18972500
       0.26590375       0.17783504       0.18822638
       0.26384300       0.17651438       0.18672061
       0.26181983       0.17519477       0.18521065
       0.25983518       0.17387793       0.18369920
       0.25788983       0.17256540       0.18218873
       0.25598434       0.17125854       0.18068144
       0.25411914       0.16995858       0.17917931
       0.25229450       0.16866658       0.17768410
       0.25051057       0.16738348       0.17619737
       0.24876739       0.16611008       0.17472048
       0.24706486       0.16484709       0.17325461
       0.24540283       0.16359508       0.17180076
       0.24378106       0.16235456       0.17035979
       0.24219922       0.16112592       0.16893240
       0.24065696       0.15990950       0.16751915
       0.23915388       0.15870555       0.16612049
       0.23768953       0.15751428       0.16473676
       0.23626346       0.15633585       0.16336820
       0.23487519       0.15517036       0.16201494
       0.23352426       0.15401791       0.16067706
       0.23221020       0.15287857       0.15935455
       0.23093258       0.15175237       0.15804734
       0.22969096       0.15063937       0.15675534
       0.22848498       0.14953962       0.15547840
       0.22731429       0.14845319       0.15421633
       0.22617861       0.14738017       0.15296896
       0.22507772       0.14632067       0.15173607
       0.22401145       0.14527485       0.15051747
       0.22297972       0.14424291       0.14931297
       0.22198253       0.14322511       0.14812241
       0.22101996       0.14222178       0.14694564
       0.22009221       0.14123329       0.14578257
       0.21919954       0.14026012       0.14463315
       0.21834235       0.13930283       0.14349740
       0.21752113       0.13836206       0.14237539
       0.21673651       0.13743857       0.14126728
       0.21598921       0.13653320       0.14017332
       0.21528010       0.13564694       0.13909386
       0.21461016       0.13478088       0.13802935
       0.21398050       0.13393623       0.13698036
       0.21339237       0.13311435       0.13594758
       0.21284715       0.13231673       0.13493186
       0.21234634       0.13154502       0.13393416
       0.21189159       0.13080098       0.13295563
       0.21148467       0.13008657       0.13199754
       0.21112747       0.12940385       0.13106138
       0.21082201       0.12875509       0.13014878
       0.21057043       0.12814267       0.12926158
       0.21037496       0.12756916       0.12840178
       0.21023798       0.12703728       0.12757161
       0.21016191       0.12654987       0.12677348
       0.21014929       0.12610996       0.12601002
       0.21020271       0.12572070       0.12528405
       0.21032485       0.12538539       0.12459859
       0.21051841       0.12510744       0.12395690
       0.21078611       0.12489039       0.12336240
       0.21113071       0.12473788       0.12281872
       0.21155495       0.12465363       0.12232969
       0.21206151       0.12464144       0.12189930
       0.21265308       0.12470517       0.12153171
       0.21333222       0.12484870       0.12123122
       0.21410143       0.12507593       0.12100229
       0.21496307       0.12539074       0.12084945
       0.21591936       0.12579696       0.12077733
       0.21697236       0.12629836       0.12079063
       0.21812391       0.12689860       0.12089404
       0.21937564       0.12760122       0.12109227
       0.22072895       0.12840956       0.12138997
       0.22218493       0.12932680       0.12179170
       0.22374443       0.13035586       0.12230190
       0.22540794       0.13149939       0.12292483
       0.22717565       0.13275973       0.12366453
       0.22904739       0.13413889       0.12452477
       0.23102264       0.13563851       0.12550900
       0.23310050       0.13725981       0.12662032
       0.23527971       0.13900358       0.12786139
       0.23755861       0.14087017       0.12923445
       0.23993518       0.14285942       0.13074120
       0.24240705       0.14497070       0.13238282
       0.24497146       0.14720284       0.13415990
       0.24762532       0.14955418       0.13607243
       0.25036522       0.15202249       0.13811975
       0.25318746       0.15460506       0.14030056
       0.25608806       0.15729863       0.14261286
       0.25906280       0.16009945       0.14505401
       0.26210727       0.16300330       0.14762068
       0.26521690       0.16600548       0.15030888
       0.26838699       0.16910087       0.15311398
       0.27161276       0.17228397       0.15603076
       0.27488943       0.17554892       0.15905339
       0.27821220       0.17888957       0.16217553
       0.28157634       0.18229952       0.16539038
       0.28497723       0.18577217       0.16869069
       0.28841039       0.18930075       0.17206890
       0.29187153       0.19287845       0.17551713
       0.29535659       0.19649841       0.17902732
       0.29886175       0.20015380       0.18259128
       0.30238350       0.20383788       0.18620077
       0.30591863       0.20754405       0.18984758
       0.30946425       0.21126590       0.19352362
       0.31301782       0.21499727       0.19722099
       0.31657717       0.21873228       0.20093205
       0.32014045       0.22246539       0.20464948
       0.32370619       0.22619138       0.20836639
       0.32727322       0.22990545       0.21207632
       0.33084072       0.23360320       0.21577332
       0.33440814       0.23728064       0.21945200
       0.33797523       0.24093423       0.22310755
       0.34154194       0.24456084       0.22673578
       0.34510844       0.24815778       0.23033312
       0.34867504       0.25172278       0.23389665
       0.35224215       0.25525396       0.23742407
       0.35581025       0.25874980       0.24091374
       0.35937983       0.26220915       0.24436460
       0.36295130       0.26563115       0.24777619
       0.36652499       0.26901522       0.25114859
       0.37010107       0.27236098       0.25448238
       0.37367946       0.27566825       0.25777861
       0.37725985       0.27893696       0.26103871
       0.38084156       0.28216710       0.26426446
       0.38442357       0.28535868       0.26745786
       0.38800440       0.28851165       0.27062115
       0.39158210       0.29162587       0.27375664
       0.39515423       0.29470100       0.27686668
       0.39871778       0.29773649       0.27995356
       0.40226914       0.30073149       0.28301939
       0.40580412       0.30368479       0.28606609
       0.40931788       0.30659479       0.28909522
       0.41280497       0.30945941       0.29210791
       0.41625926       0.31227607       0.29510482
       0.41967400       0.31504163       0.29808598
       0.42304179       0.31775234       0.30105077
       0.42635464       0.32040380       0.30399782
       0.42960396       0.32299097       0.30692490
       0.43278060       0.32550806       0.30982892
       0.43587491       0.32794860       0.31270582
       0.43887679       0.33030536       0.31555051
       0.44177571       0.33257034       0.31835686
       0.44456084       0.33473484       0.32111764
       0.44722107       0.33678935       0.32382446
       0.44974511       0.33872366       0.32646780
       0.45212158       0.34052682       0.32903693
       0.45433910       0.34218716       0.33151996
       0.45638640       0.34369235       0.33390378
       0.45825240       0.34502939       0.33617409
       0.45992635       0.34618469       0.33831539
       0.46139794       0.34714406       0.34031102
       0.46265741       0.34789280       0.34214313
       0.46369571       0.34841575       0.34379270
       0.46450463       0.34869731       0.34523959
       0.46507694       0.34872156       0.34646252
       0.46540658       0.34847228       0.34743907
       0.46548881       0.34793310       0.34814576
       0.46532041       0.34708754       0.34855801
       0.46489990       0.34591918       0.34865016
       0.46422775       0.34441175       0.34839556
       0.46330665       0.34254936       0.34776654
       0.46214180       0.34031666       0.34673450
       0.46074120       0.33769910       0.34527003
       0.45911601       0.33468325       0.34334299
       0.45728091       0.33125716       0.34092272
       0.45525458       0.32741081       0.33797833
       0.45306006       0.32313669       0.33447905
       0.45072534       0.31843041       0.33039475
       0.44828379       0.31329157       0.32569665
       0.44577473       0.30772465       0.32035826
       0.44324393       0.30174013       0.31435655
       0.44074411       0.29535582       0.30767356
       0.43833532       0.28859826       0.30029837
       0.43608520       0.28150443       0.29222956
       0.43406910       0.27412347       0.28347822
       0.43236978       0.26651859       0.27407155
       0.43107682       0.25876888       0.26405703
       0.43028546       0.25097101       0.25350707
       0.43009474       0.24324062       0.24252403
       0.43060492       0.23571304       0.23124528
       0.43191390       0.22854312       0.21984782
       0.43411272       0.22190375       0.20855183
       0.43728007       0.21598276       0.19762227
       0.44147585       0.21097771       0.18736748
       0.44673426       0.20708847       0.17813377
       0.45305666       0.20450733       0.17029480
       0.46040497       0.20340718       0.16423529
       0.46869635       0.20392806       0.16032886
       0.47780015       0.20616339       0.15891091
       0.48753784       0.21014718       0.16024861
       0.49768681       0.21584405       0.16451096
       0.50798813       0.22314366       0.17174316
       0.51815813       0.23186108       0.18184912
       0.52790316       0.24174356       0.19458605
       0.53693590       0.25248391       0.20957297
       0.54499192       0.26373887       0.22631325
       0.55184447       0.27515081       0.24422878
       0.55731602       0.28637005       0.26270150
       0.56128567       0.29707537       0.28111694
       0.56369166       0.30699056       0.29890429
       0.56452954       0.31589566       0.31556873
       0.56384646       0.32363248       0.33071327
       0.56173281       0.33010467       0.34404936
       0.55831237       0.33527334       0.35539713
       0.55373198       0.33914953       0.36467729
       0.54815187       0.34178483       0.37189731
       0.54173702       0.34326145       0.37713454
       0.53465015       0.34368267       0.38051851
       0.52704630       0.34316420       0.38221412
       0.51906900       0.34182705       0.38240684
       0.51084795       0.33979180       0.38129052
       0.50249772       0.33717438       0.37905784
       0.49411754       0.33408312       0.37589345
       0.48579166       0.33061699       0.37196923
       0.47759023       0.32686455       0.36744153
       0.46957045       0.32290377       0.36244981
       0.46177790       0.31880217       0.35711632
       0.45424787       0.31461737       0.35154664
       0.44700674       0.31039782       0.34583060
       0.44007321       0.30618362       0.34004362
       0.43345948       0.30200744       0.33424809
       0.42717233       0.29789534       0.32849480
       0.42121401       0.29386760       0.32282442
       0.41558311       0.28993953       0.31726879
       0.41027522       0.28612217       0.31185215
       0.40528363       0.28242285       0.30659223
       0.40059974       0.27884585       0.30150126
       0.39621361       0.27539283       0.29658681
       0.39211428       0.27206327       0.29185254
       0.38829011       0.26885487       0.28729885
       0.38472904       0.26576386       0.28292344
       0.38141883       0.26278530       0.27872178
       0.37834726       0.25991331       0.27468753
       0.37550225       0.25714131       0.27081290
       0.37287205       0.25446221       0.26708894
       0.37044533       0.25186857       0.26350581
       0.36821129       0.24935274       0.26005301
       0.36615975       0.24690705       0.25671959
       0.36428121       0.24452389       0.25349431
       0.36256693       0.24219583       0.25036581
       0.36100899       0.23991577       0.24732279
       0.35960032       0.23767701       0.24435411
       0.35833479       0.23547338       0.24144896
       0.35720717       0.23329932       0.23859698
       0.35621326       0.23115002       0.23578838
       0.35534982       0.22902147       0.23301412
       0.35461464       0.22691062       0.23026604
       0.35400655       0.22481546       0.22753699
       0.35352538       0.22273512       0.22482101
       0.35317198       0.22066999       0.22211350
       0.35294819       0.21862179       0.21941141
       0.35285677       0.21659374       0.21671340
       0.35290135       0.21459056       0.21402008
       0.35308635       0.21261862       0.21133417
       0.35341685       0.21068599       0.20866074
       0.35389844       0.20880246       0.20600737
       0.35453709       0.20697956       0.20338436
       0.35533887       0.20523059       0.20080489
       0.35630978       0.20357050       0.19828513
       0.35745540       0.20201580       0.19584431
       0.35878062       0.20058440       0.19350472
       0.36028925       0.19929536       0.19129167
       0.36198369       0.19816859       0.18923324
       0.36386447       0.19722448       0.18736002
       0.36592989       0.19648339       0.18570464
       0.36817560       0.19596516       0.18430119
       0.37059419       0.19568850       0.18318443
       0.37317490       0.19567029       0.18238890
       0.37590330       0.19592494       0.18194788
       0.37876109       0.19646366       0.18189216
       0.38172605       0.19729375       0.18224880
       0.38477203       0.19841801       0.18303984
       0.38786914       0.19983419       0.18428103
       0.39098408       0.20153456       0.18598062
       0.39408062       0.20350566       0.18813839
       0.39712022       0.20572829       0.19074491
       0.40006277       0.20817761       0.19378103
       0.40286748       0.21082356       0.19721789
       0.40549379       0.21363141       0.20101718
       0.40790234       0.21656260       0.20513189
       0.41005593       0.21957561       0.20950742
       0.41192043       0.22262712       0.21408298
       0.41346557       0.22567306       0.21879335
       0.41466565       0.22866981       0.22357072
       0.41550002       0.23157531       0.22834664
       0.41595347       0.23435002       0.23305393
       0.41601637       0.23695786       0.23762849
       0.41568466       0.23936688       0.24201083
       0.41495965       0.24154977       0.24614745
       0.41384774       0.24348424       0.24999178
       0.41235993       0.24515311       0.25350485
       0.41051128       0.24654429       0.25665567
       0.40832037       0.24765059       0.25942122
       0.40580858       0.24846943       0.26178628
       0.40299955       0.24900240       0.26374290
       0.39991848       0.24925477       0.26528989
       0.39659163       0.24923502       0.26643198
       0.39304570       0.24895429       0.26717909
       0.38930746       0.24842583       0.26754545
       0.38540325       0.24766454       0.26754879
       0.38135872       0.24668650       0.26720957
       0.37719850       0.24550853       0.26655017
       0.37294601       0.24414784       0.26559433
       0.36862329       0.24262171       0.26436648
       0.36425092       0.24094722       0.26289129
       0.35984792       0.23914102       0.26119323
       0.35543175       0.23721919       0.25929621
       0.35101830       0.23519708       0.25722335
       0.34662192       0.23308921       0.25499674
       0.34225550       0.23090923       0.25263730
       0.33793048       0.22866986       0.25016469
       0.33365695       0.22638289       0.24759723
       0.32944376       0.22405915       0.24495188
       0.32529855       0.22170856       0.24224425
       0.32122788       0.21934015       0.23948863
       0.31723730       0.21696205       0.23669799
       0.31333143       0.21458162       0.23388408
       0.30951405       0.21220539       0.23105747
       0.30578816       0.20983919       0.22822760
       0.30215611       0.20748815       0.22540288
       0.29861959       0.20515677       0.22259074
       0.29517974       0.20284897       0.21979771
       0.29183724       0.20056809       0.21702949
       0.28859228       0.19831702       0.21429099
       0.28544471       0.19609817       0.21158645
       0.28239401       0.19391352       0.20891944
       0.27943938       0.19176470       0.20629297
       0.27657974       0.18965297       0.20370948
       0.27381382       0.18757932       0.20117098
       0.27114015       0.18554443       0.19867900
       0.26855710       0.18354874       0.19623471
       0.26606290       0.18159248       0.19383892
       0.26365571       0.17967569       0.19149212
       0.26133358       0.17779822       0.18919453
       0.25909449       0.17595981       0.18694612
       0.25693641       0.17416002       0.18474664
       0.25485726       0.17239836       0.18259566
       0.25285498       0.17067421       0.18049257
       0.25092748       0.16898691       0.17843663
       0.24907272       0.16733573       0.17642698
       0.24728869       0.16571989       0.17446265
       0.24557341       0.16413862       0.17254259
       0.24392496       0.16259110       0.17066570
       0.24234151       0.16107656       0.16883082
       0.24082129       0.15959419       0.16703676
       0.23936260       0.15814326       0.16528234
       0.23796385       0.15672304       0.16356634
       0.23662356       0.15533289       0.16188758
       0.23534034       0.15397219       0.16024490
       0.23411293       0.15264043       0.15863718
       0.23294018       0.15133715       0.15706336
       0.23182108       0.15006202       0.15552244
       0.23075474       0.14881478       0.15401350
       0.22974041       0.14759530       0.15253571
       0.22877748       0.14640357       0.15108834
       0.22786549       0.14523968       0.14967077
       0.22700413       0.14410390       0.14828252
       0.22619323       0.14299661       0.14692324
       0.22543276       0.14191837       0.14559271
       0.22472285       0.14086986       0.14429090
       0.22406380       0.13985195       0.14301793
       0.22345601       0.13886567       0.14177409
       0.22290007       0.13791221       0.14055985
       0.22239668       0.13699294       0.13937591
       0.22194670       0.13610941       0.13822314
       0.22155110       0.13526334       0.13710262
       0.22121098       0.13445661       0.13601565
       0.22092756       0.13369130       0.13496374
       0.22070216       0.13296962       0.13394861
       0.22053620       0.13229398       0.13297221
       0.22043118       0.13166692       0.13203671
       0.22038867       0.13109114       0.13114448
       0.22041030       0.13056945       0.13029810
       0.22049774       0.13010482       0.12950035
       0.22065268       0.12970030       0.12875419
       0.22087682       0.12935903       0.12806277
       0.22117188       0.12908426       0.12742940
       0.22153952       0.12887925       0.12685750
       0.22198137       0.12874733       0.12635066
       0.22249902       0.12869181       0.12591252
       0.22309396       0.12871601       0.12554683
       0.22376760       0.12882321       0.12525735
       0.22452123       0.12901661       0.12504788
       0.22535605       0.12929935       0.12492219
       0.22627308       0.12967443       0.12488402
       0.22727321       0.13014473       0.12493699
       0.22835719       0.13071295       0.12508466
       0.22952556       0.13138161       0.12533039
       0.23077872       0.13215301       0.12567739
       0.23211686       0.13302923       0.12612866
       0.23354001       0.13401209       0.12668694
       0.23504800       0.13510313       0.12735473
       0.23664046       0.13630362       0.12813423
       0.23831686       0.13761453       0.12902731
       0.24007646       0.13903650       0.13003555
       0.24191836       0.14056988       0.13116016
       0.24384149       0.14221468       0.13240200
       0.24584459       0.14397059       0.13376157
       0.24792627       0.14583699       0.13523901
       0.25008498       0.14781290       0.13683410
       0.25231901       0.14989705       0.13854623
       0.25462655       0.15208783       0.14037446
       0.25700563       0.15438333       0.14231747
       0.25945419       0.15678134       0.14437361
       0.26197004       0.15927934       0.14654087
       0.26455092       0.16187453       0.14881693
       0.26719447       0.16456384       0.15119913
       0.26989822       0.16734392       0.15368449
       0.27265968       0.17021116       0.15626974
       0.27547628       0.17316174       0.15895130
       0.27834538       0.17619158       0.16172531
       0.28126434       0.17929641       0.16458763
       0.28423049       0.18247175       0.16753384
       0.28724115       0.18571294       0.17055928
       0.29029365       0.18901518       0.17365902
       0.29338536       0.19237353       0.17682795
       0.29651369       0.19578295       0.18006070
       0.29967613       0.19923831       0.18335176
       0.30287024       0.20273444       0.18669546
       0.30609373       0.20626615       0.19008598
       0.30934440       0.20982828       0.19351744
       0.31262023       0.21341571       0.19698391
       0.31591937       0.21702342       0.20047946
       0.31924015       0.22064651       0.20399822
       0.32258112       0.22428026       0.20753440
       0.32594102       0.22792014       0.21108237
       0.32931884       0.23156188       0.21463674
       0.33271379       0.23520145       0.21819233
       0.33612529       0.23883513       0.22174433
       0.33955301       0.24245955       0.22528827
       0.34299678       0.24607164       0.22882010
       0.34645667       0.24966872       0.23233624
       0.34993289       0.25324848       0.23583359
       0.35342580       0.25680899       0.23930960
       0.35693586       0.26034866       0.24276224
       0.36046361       0.26386631       0.24619008
       0.36400962       0.26736109       0.24959222
       0.36757442       0.27083246       0.25296834
       0.37115851       0.27428022       0.25631870
       0.37476224       0.27770442       0.25964404
       0.37838582       0.28110534       0.26294563
       0.38202922       0.28448345       0.26622520
       0.38569212       0.28783938       0.26948487
       0.38937391       0.29117381       0.27272711
       0.39307357       0.29448751       0.27595472
       0.39678966       0.29778120       0.27917066
       0.40052025       0.30105553       0.28237808
       0.40426293       0.30431102       0.28558018
       0.40801470       0.30754801       0.28878012
       0.41177199       0.31076658       0.29198099
       0.41553063       0.31396653       0.29518568
       0.41928581       0.31714728       0.29839678
       0.42303209       0.32030789       0.30161655
       0.42676337       0.32344693       0.30484679
       0.43047294       0.32656253       0.30808877
       0.43415343       0.32965227       0.31134320
       0.43779689       0.33271321       0.31461009
       0.44139477       0.33574183       0.31788873
       0.44493800       0.33873404       0.32117766
       0.44841698       0.34168516       0.32447459
       0.45182168       0.34458992       0.32777636
       0.45514167       0.34744247       0.33107896
       0.45836616       0.35023641       0.33437749
       0.46148414       0.35296476       0.33766616
       0.46448436       0.35562008       0.34093830
       0.46735547       0.35819439       0.34418638
       0.47008606       0.36067931       0.34740206
       0.47266475       0.36306606       0.35057621
       0.47508029       0.36534548       0.35369895
       0.47732159       0.36750816       0.35675973
       0.47937783       0.36954440       0.35974739
       0.48123852       0.37144434       0.36265022
       0.48289357       0.37319799       0.36545603
       0.48433338       0.37479527       0.36815222
       0.48554886       0.37622610       0.37072589
       0.48653154       0.37748039       0.37316388
       0.48727356       0.37854818       0.37545283
       0.48776779       0.37941960       0.37757930
       0.48800783       0.38008495       0.37952979
       0.48798805       0.38053477       0.38129082
       0.48770364       0.38075979       0.38284897
       0.48715066       0.38075105       0.38419095
       0.48632602       0.38049986       0.38530359
       0.48522757       0.37999785       0.38617392
       0.48385408       0.37923700       0.38678914
       0.48220527       0.37820959       0.38713667
       0.48028189       0.37690831       0.38720413
       0.47808568       0.37532618       0.38697932
       0.47561948       0.37345659       0.38645023
       0.47288722       0.37129333       0.38560498
       0.46989397       0.36883060       0.38443183
       0.46664605       0.36606298       0.38291910
       0.46315105       0.36298551       0.38105518
       0.45941796       0.35959373       0.37882845
       0.45545723       0.35588365       0.37622725
       0.45128094       0.35185194       0.37323985
       0.44690290       0.34749591       0.36985447
       0.44233882       0.34281369       0.36605922
       0.43760655       0.33780436       0.36184215
       0.43272622       0.33246814       0.35719133
       0.42772054       0.32680664       0.35209493
       0.42261504       0.32082314       0.34654142
       0.41743836       0.31452299       0.34051978
       0.41222258       0.30791398       0.33401987
       0.40700352       0.30100692       0.32703292
       0.40182111       0.29381622       0.31955214
       0.39671963       0.28636061       0.31157352
       0.39174810       0.27866396       0.30309688
       0.38696042       0.27075618       0.29412713
       0.38241554       0.26267423       0.28467586
       0.37817749       0.25446321       0.27476320
       0.37431514       0.24617744       0.26442002
       0.37090179       0.23788157       0.25369047
       0.36801441       0.22965155       0.24263473
       0.36573247       0.22157545       0.23133201
       0.36413628       0.21375388       0.21988356
       0.36330489       0.20629990       0.20841541
       0.36331324       0.19933832       0.19708065
       0.36422881       0.19300396       0.18606070
       0.36610774       0.18743891       0.17556511
       0.36899040       0.18278848       0.16582930
       0.37289682       0.17919578       0.15710968
       0.37782212       0.17679506       0.14967571
       0.38373244       0.17570388       0.14379860
       0.39056183       0.17601468       0.13973692
       0.39821051       0.17778627       0.13771957
       0.40654517       0.18103613       0.13792740
       0.41540149       0.18573446       0.14047526
       0.42458909       0.19180089       0.14539646
       0.43389889       0.19910455       0.15263198
       0.44311231       0.20746802       0.16202630
       0.45201178       0.21667501       0.17333111
       0.46039148       0.22648134       0.18621717
       0.46806747       0.23662813       0.20029325
       0.47488621       0.24685596       0.21513036
       0.48073075       0.25691846       0.23028841
       0.48552411       0.26659432       0.24534237
       0.48922991       0.27569630       0.25990539
       0.49185025       0.28407716       0.27364654
       0.49342162       0.29163204       0.28630247
       0.49400920       0.29829776       0.29768242
       0.49370033       0.30404965       0.30766754
       0.49259793       0.30889649       0.31620539
       0.49081403       0.31287444       0.32330129
       0.48846415       0.31604064       0.32900769
       0.48566254       0.31846692       0.33341309
       0.48251840       0.32023408       0.33663119
       0.47913313       0.32142706       0.33879121
       0.47559850       0.32213086       0.34002962
       0.47199558       0.32242755       0.34048339
       0.46839432       0.32239395       0.34028495
       0.46485370       0.32210021       0.33955851
       0.46142216       0.32160889       0.33841763
       0.45813832       0.32097464       0.33696385
       0.45503188       0.32024413       0.33528613
       0.45212458       0.31945640       0.33346086
       0.44943116       0.31864328       0.33155234
       0.44696035       0.31783001       0.32961360
       0.44471575       0.31703586       0.32768727
       0.44269671       0.31627482       0.32580669
       0.44089907       0.31555628       0.32399695
       0.43931587       0.31488562       0.32227597
       0.43793789       0.31426483       0.32065548
       0.43675425       0.31369305       0.31914197
       0.43575278       0.31316704       0.31773753
       0.43492043       0.31268161       0.31644058
       0.43424356       0.31223000       0.31524660
       0.43370822       0.31180415       0.31414864
       0.43330030       0.31139503       0.31313783
       0.43300577       0.31099279       0.31220378
       0.43281075       0.31058697       0.31133494
       0.43270161       0.31016664       0.31051879
       0.43266511       0.30972049       0.30974212
       0.43268839       0.30923691       0.30899111
       0.43275907       0.30870405       0.30825143
       0.43286528       0.30810985       0.30750835
       0.43299574       0.30744210       0.30674667
       0.43313975       0.30668842       0.30595079
       0.43328732       0.30583629       0.30510462
       0.43342921       0.30487310       0.30419157
       0.43355700       0.30378615       0.30319448
       0.43366326       0.30256270       0.30209558
       0.43374159       0.30119007       0.30087643
       0.43378685       0.29965566       0.29951788
       0.43379530       0.29794715       0.29800008
       0.43376480       0.29605261       0.29630251
       0.43369507       0.29396073       0.29440402
       0.43358792       0.29166107       0.29228300
       0.43344753       0.28914437       0.28991752
       0.43328080       0.28640296       0.28728569
       0.43309761       0.28343121       0.28436599
       0.43291120       0.28022610       0.28113786
       0.43273849       0.27678781       0.27758234
       0.43260036       0.27312050       0.27368293
       0.43252197       0.26923306       0.26942670
       0.43253293       0.26514010       0.26480554
       0.43266743       0.26086283       0.25981773
       0.43296422       0.25643011       0.25446974
       0.43346637       0.25187946       0.24877827
       0.43422088       0.24725802       0.24277257
       0.43527789       0.24262334       0.23649682
       0.43668958       0.23804403       0.23001268
       0.43850875       0.23359991       0.22340168
       0.44078675       0.22938185       0.21676724
       0.44357118       0.22549077       0.21023613
       0.44690292       0.22203592       0.20395889
       0.45081291       0.21913224       0.19810886
       0.45531860       0.21689656       0.19287940
       0.46042033       0.21544284       0.18847880
       0.46609791       0.21487637       0.18512286
       0.47230768       0.21528725       0.18302485
       0.47898052       0.21674353       0.18238322
       0.48602108       0.21928451       0.18336777
       0.49330859       0.22291491       0.18610521
       0.50069953       0.22760066       0.19066558
       0.50803205       0.23326679       0.19705120
       0.51513224       0.23979818       0.20518953
       0.52182157       0.24704320       0.21493153
       0.52792523       0.25482018       0.22605593
       0.53328047       0.26292631       0.23827958
       0.53774425       0.27114803       0.25127299
       0.54119967       0.27927212       0.26467939
       0.54356047       0.28709627       0.27813542
       0.54477346       0.29443832       0.29129123
       0.54481877       0.30114336       0.30382810
       0.54370815       0.30708843       0.31547213
       0.54148169       0.31218459       0.32600324
       0.53820330       0.31637666       0.33525936
       0.53395572       0.31964105       0.34313620
       0.52883519       0.32198208       0.34958347
       0.52294639       0.32342756       0.35459854
       0.51639797       0.32402385       0.35821859
       0.50929854       0.32383109       0.36051210
       0.50175364       0.32291866       0.36157059
       0.49386331       0.32136127       0.36150091
       0.48572043       0.31923568       0.36041866
       0.47740969       0.31661800       0.35844265
       0.46900704       0.31358179       0.35569061
       0.46057962       0.31019652       0.35227595
       0.45218588       0.30652673       0.34830548
       0.44387611       0.30263143       0.34387800
       0.43569287       0.29856387       0.33908347
       0.42767178       0.29437160       0.33400274
       0.41984208       0.29009656       0.32870765
       0.41222741       0.28577547       0.32326134
       0.40484644       0.28144013       0.31771881
       0.39771352       0.27711784       0.31212752
       0.39083922       0.27283182       0.30652807
       0.38423091       0.26860162       0.30095488
       0.37789320       0.26444353       0.29543688
       0.37182838       0.26037092       0.28999812
       0.36603677       0.25639462       0.28465837
       0.36051708       0.25252321       0.27943363
       0.35526664       0.24876331       0.27433669
       0.35028167       0.24511984       0.26937747
       0.34555749       0.24159624       0.26456347
       0.34108870       0.23819464       0.25990008
       0.33686929       0.23491608       0.25539088
       0.33289284       0.23176065       0.25103791
       0.32915256       0.22872759       0.24684188
       0.32564144       0.22581547       0.24280237
       0.32235228       0.22302224       0.23891798
       0.31927779       0.22034533       0.23518650
       0.31641064       0.21778176       0.23160501
       0.31374350       0.21532818       0.22817003
       0.31126911       0.21298092       0.22487753
       0.30898027       0.21073611       0.22172312
       0.30686993       0.20858964       0.21870203
       0.30493115       0.20653729       0.21580920
       0.30315720       0.20457472       0.21303938
       0.30154153       0.20269752       0.21038711
       0.30007782       0.20090127       0.20784680
       0.29875999       0.19918152       0.20541279
       0.29758220       0.19753390       0.20307935
       0.29653891       0.19595409       0.20084076
       0.29562485       0.19443790       0.19869130
       0.29483508       0.19298126       0.19662535
       0.29416496       0.19158027       0.19463737
       0.29361020       0.19023126       0.19272196
       0.29316686       0.18893080       0.19087394
       0.29283134       0.18767571       0.18908831
       0.29260042       0.18646314       0.18736037
       0.29247127       0.18529060       0.18568574
       0.29244140       0.18415597       0.18406039
       0.29250874       0.18305754       0.18248074
       0.29267157       0.18199407       0.18094364
       0.29292857       0.18096481       0.17944652
       0.29327874       0.17996952       0.17798738
       0.29372147       0.17900855       0.17656487
       0.29425644       0.17808279       0.17517834
       0.29488364       0.17719377       0.17382795
       0.29560332       0.17634365       0.17251466
       0.29641593       0.17553520       0.17124033
       0.29732208       0.17477189       0.17000777
       0.29832249       0.17405779       0.16882078
       0.29941787       0.17339763       0.16768416
       0.30060891       0.17279671       0.16660377
       0.30189610       0.17226093       0.16558651
       0.30327970       0.17179665       0.16464032
       0.30475959       0.17141068       0.16377415
       0.30633517       0.17111016       0.16299788
       0.30800522       0.17090243       0.16232222
       0.30976778       0.17079492       0.16175863
       0.31162003       0.17079498       0.16131908
       0.31355816       0.17090973       0.16101593
       0.31557726       0.17114582       0.16086165
       0.31767119       0.17150931       0.16086855
       0.31983254       0.17200538       0.16104847
       0.32205252       0.17263817       0.16141248
       0.32432095       0.17341055       0.16197048
       0.32662626       0.17432393       0.16273083
       0.32895549       0.17537807       0.16370005
       0.33129436       0.17657094       0.16488238
       0.33362743       0.17789858       0.16627953
       0.33593818       0.17935505       0.16789034
       0.33820923       0.18093238       0.16971061
       0.34042260       0.18262061       0.17173291
       0.34255990       0.18440784       0.17394654
       0.34460265       0.18628039       0.17633754
       0.34653261       0.18822300       0.17888883
       0.34833203       0.19021902       0.18158039
       0.34998399       0.19225075       0.18438964
       0.35147269       0.19429971       0.18729178
       0.35278375       0.19634701       0.19026028
       0.35390442       0.19837368       0.19326738
       0.35482379       0.20036103       0.19628470
       0.35553300       0.20229098       0.19928373
       0.35602530       0.20414638       0.20223645
       0.35629614       0.20591130       0.20511583
       0.35634320       0.20757125       0.20789636
       0.35616634       0.20911339       0.21055440
       0.35576754       0.21052667       0.21306861
       0.35515077       0.21180192       0.21542021
       0.35432184       0.21293191       0.21759315
       0.35328824       0.21391133       0.21957423
       0.35205893       0.21473674       0.22135318
       0.35064415       0.21540653       0.22292255
       0.34905516       0.21592075       0.22427770
       0.34730411       0.21628103       0.22541658
       0.34540372       0.21649037       0.22633958
       0.34336718       0.21655303       0.22704930
       0.34120791       0.21647433       0.22755029
       0.33893940       0.21626049       0.22784882
       0.33657503       0.21591844       0.22795262
       0.33412800       0.21545569       0.22787060
       0.33161114       0.21488016       0.22761266
       0.32903686       0.21420006       0.22718938
       0.32641704       0.21342374       0.22661190
       0.32376299       0.21255959       0.22589165
       0.32108536       0.21161595       0.22504022
       0.31839418       0.21060101       0.22406920
       0.31569874       0.20952275       0.22299006
       0.31300767       0.20838887       0.22181402
       0.31032887       0.20720675       0.22055195
       0.30766956       0.20598342       0.21921436
       0.30503625       0.20472551       0.21781124
       0.30243483       0.20343926       0.21635212
       0.29987049       0.20213047       0.21484597
       0.29734784       0.20080453       0.21330121
       0.29487087       0.19946638       0.21172566
       0.29244304       0.19812057       0.21012660
       0.29006724       0.19677120       0.20851072
       0.28774590       0.19542199       0.20688415
       0.28548094       0.19407622       0.20525247
       0.28327387       0.19273684       0.20362072
       0.28112578       0.19140640       0.20199342
       0.27903738       0.19008710       0.20037459
       0.27700904       0.18878082       0.19876780
       0.27504079       0.18748912       0.19717612
       0.27313240       0.18621324       0.19560222
       0.27128333       0.18495415       0.19404836
       0.26949282       0.18371258       0.19251640
       0.26775988       0.18248897       0.19100784
       0.26608333       0.18128356       0.18952386
       0.26446182       0.18009636       0.18806528
       0.26289382       0.17892719       0.18663265
       0.26137769       0.17777569       0.18522624
       0.25991167       0.17664132       0.18384604
       0.25849388       0.17552341       0.18249182
       0.25712240       0.17442113       0.18116311
       0.25579521       0.17333356       0.17985925
       0.25451026       0.17225964       0.17857937
       0.25326549       0.17119824       0.17732244
       0.25205879       0.17014814       0.17608729
       0.25088807       0.16910806       0.17487257
       0.24975125       0.16807667       0.17367683
       0.24864631       0.16705259       0.17249852
       0.24757124       0.16603443       0.17133596
       0.24652410       0.16502078       0.17018741
       0.24550304       0.16401024       0.16905106
       0.24450628       0.16300143       0.16792504
       0.24353216       0.16199299       0.16680744
       0.24257912       0.16098361       0.16569633
       0.24164575       0.15997204       0.16458978
       0.24073077       0.15895710       0.16348585
       0.23983307       0.15793770       0.16238262
       0.23895170       0.15691286       0.16127821
       0.23808589       0.15588171       0.16017081
       0.23723510       0.15484351       0.15905865
       0.23639897       0.15379769       0.15794007
       0.23557736       0.15274384       0.15681352
       0.23477040       0.15168172       0.15567754
       0.23397844       0.15061132       0.15453086
       0.23320208       0.14953281       0.15337235
       0.23244222       0.14844663       0.15220108
       0.23170002       0.14735346       0.15101631
       0.23097691       0.14625426       0.14981755
       0.23027463       0.14515027       0.14860458
       0.22959523       0.14404303       0.14737745
       0.22894103       0.14293441       0.14613650
       0.22831469       0.14182664       0.14488244
       0.22771913       0.14072227       0.14361631
       0.22715761       0.13962424       0.14233958
       0.22663366       0.13853586       0.14105408
       0.22615111       0.13746084       0.13976213
       0.22571406       0.13640327       0.13846649
       0.22532686       0.13536766       0.13717041
