0 2 6 8  0.52352034903184 2.09451648257713 3.66517080164845 -1.04736716957389 
0 2 8 6  0.47116152981053 2.09412387312761 -2.56559901925063 2.09416507417266 
0 4 0 6  0.09103535025072 2.49726958748756 -0.64417413553917 3.23263215253274 
0 4 0 7  0.48543509313867 2.30188236326439 -0.83995595535353 3.62702419104316 
0 4 0 8  0.93303067481788 2.20853232666401 5.35022401453339 4.07466498964483 
0 4 6 10  1.04738591544367 2.61800932368619 -2.09446565228881 5.75955913443857 
0 4 8 4  -0.11422982966388 -3.25561469037240 4.30294240826513 1.16133474987130 
0 4 9 4  6.07600230734358 2.93423859271808 -1.53276671624221 1.60898154626209 
0 4 10 4  12.16274328172889 2.73767732333809 -1.13830754168359 2.00341312379312 
0 4 10 6  0.35868865220413 2.61798070790253 -1.40576701270840 2.61796104741867 
0 5 0 5  -0.09396199348412 3.04761995258474 -0.09391959209530 3.04767138577728 
0 5 0 6  0.04633826496487 2.97000174525787 -0.17174091854884 3.18809796917339 
0 5 0 7  0.35303159741327 2.78853068866445 -0.35306674129994 3.49457859986925 
0 5 0 8  0.83986529526111 2.65609836523009 -0.48538392913464 3.98153297086905 
0 6 0 6  0.00001388270735 3.14157544752705 0.00004776558324 3.14157307511807 
0 6 0 7  0.17160615038465 3.09523040228378 -0.04638807023414 3.31318690944876 
0 6 0 8  0.64388059855379 3.05062874325306 -0.09110377331797 3.78509537754770 
0 6 1 6  -0.04638807023415 3.09523040228316 0.17160615038465 3.31318690944903 
0 6 2 6  -0.09110377331797 3.05062874325309 0.64388059855379 3.78509537754771 
0 6 2 8  0.52360133394370 2.78300287990685 0.52360773902111 -1.73573224443973 
0 6 4 10  1.04724698545469 2.67035107090280 1.04750191435316 -0.57599869128482 
0 6 8 2  -1.04685960415651 3.61267671898937 -1.04711557997701 0.57604597061268 
0 6 10 4  -0.52350246041907 3.50016863174288 -0.52364990708866 1.73578535952788 
0 6 10 6  0.09103356449606 3.23267689651030 -0.64412310253009 2.49820822416215 
0 6 11 6  0.04642120796484 3.18795258156219 -0.17160594127659 2.96991061979229 
0 7 0 7  0.09390447233540 3.23546452383301 0.09393399718868 3.23545939378812 
0 8 2 6  -0.35865570664074 3.66522870553839 1.40582158566680 3.66522168460811 
0 8 2 8  0.40318415502956 3.54552563458340 1.13828604026875 -2.00336199064402 
0 8 3 8  0.20735745612271 3.34892660661289 1.53271818945469 -1.60898431194884 
0 8 4 8  0.11417368107275 3.25559663092564 1.98035265718132 11.40494816586647 
0 8 6 2  -1.04748589890645 3.66516159668425 2.09454158121467 0.52358560999407 
0 10 4 6  -0.47118347827460 4.18843620711682 2.56555468356214 -2.09445576994251 
0 10 6 4  5.75957186690651 -2.09413618093360 2.61799430877282 1.04749513397270 
1 6 1 6  0.09393399718869 3.23546452383298 0.09390447233540 3.23545939378806 
1 6 10 6  0.48543614688847 3.62703075559197 -0.83999922426969 2.30170884502972 
1 6 11 6  0.35302728272077 3.49466715578118 -0.35302326323101 2.78855620466458 
1 7 1 7  0.52362808043118 3.66519909656598 0.52351758260805 3.66515124370181 
1 8 1 8  0.95331407029319 -2.18842936310342 0.95330933262324 -2.18829413409165 
1 8 2 8  0.87563259133485 -2.26609225503483 1.09361870891671 -2.04803871533070 
1 8 3 8  0.69417469938687 -2.44751866034621 1.40032963154977 -1.74135191656776 
1 8 4 8  0.56182401909165 -2.57987362814501 1.88688800418820 5.02878983544468 
2 4 8 10  1.57084008780837 3.14158022296498 4.71240918543621 -0.00039506169034 
2 4 10 8  1.51835672116372 3.14167291179641 -1.51829193004862 3.14138412973343 
2 6 2 8  1.13828604026875 3.54552563458340 0.40318415502956 -2.00336199064402 
2 6 2 9  1.53271818945468 3.34892660661289 0.20735745612271 -1.60898431194885 
2 6 2 10  1.98035265718127 3.25559663092575 0.11417368107276 11.40494816586657 
2 6 10 6  0.93298398086452 4.07467618736823 5.35013578550457 2.20857099587924 
2 6 11 6  0.83986850472131 3.98170690839348 -0.48549398133572 2.65612273439315 
2 7 2 7  0.95325319660853 -2.18835784378134 0.95327736039412 -2.18834124651858 
2 7 2 8  1.09361870891670 -2.26609225503482 0.87563259133486 -2.04803871533070 
2 7 2 9  1.40032963154977 -2.44751866034620 0.69417469938687 -1.74135191656776 
2 7 2 10  1.88688800418820 -2.57987362814503 0.56182401909165 5.02878983544465 
2 8 2 8  1.04720965966726 -2.09440831745465 1.04721385673977 -2.09440596342781 
2 8 2 9  1.21884243398970 -2.14080966083536 1.00080281850503 -1.92278592919440 
2 8 2 10  1.69081498876388 -2.18547956101317 0.95618228344257 4.83200406177847 
2 8 3 8  1.00080281850503 -2.14080966083536 1.21884243398970 -1.92278592919440 
2 8 4 8  0.95618228344256 -2.18547956101319 1.69081498876389 4.83200406177848 
2 8 4 10  1.57081618175953 -2.45300009077872 1.57084582112807 -0.68860764617985 
2 8 10 4  -0.00004181898518 -1.62315896286045 -0.00001649401309 1.62317797335167 
2 9 2 9  1.14101392057767 -2.00034730489400 1.14112345321750 -2.00040194307276 
2 10 4 8  0.68856569522064 -1.57075910361597 2.45297123959854 4.71238970934113 
2 10 4 10  1.45063994936762 4.59158459796809 2.18540929449966 -0.95610599374360 
2 10 5 10  1.25446358273159 4.39616548983285 2.57978837065324 -0.56171364986861 
2 10 6 10  1.16131214758672 4.30291330602739 -3.25565106414818 -0.11417000022236 
2 10 8 4  -0.00012097930794 4.71233010033171 3.14156855345963 1.57081235667916 
3 8 3 8  1.14119049304395 -2.00053659542351 1.14122404543655 -2.00051781502930 
3 9 3 9  1.57087914968748 4.71244403456156 1.57074962387284 -1.57082022438344 
3 10 3 10  2.00043854519841 -1.14109112776284 2.00044768212807 -1.14116786849477 
3 10 4 10  1.92275258074881 -1.21883175647544 2.14075566300750 -1.00082249420823 
3 10 5 10  1.74127433617907 -1.40021302650385 2.44742779692436 -0.69412749259774 
3 10 6 10  1.60898793094155 -1.53264420576510 2.93433399308739 6.07584475912962 
4 8 4 10  2.18540929449967 4.59158459796810 1.45063994936763 -0.95610599374359 
4 8 4 11  2.57978837065326 4.39616548983282 1.25446358273161 -0.56171364986861 
4 9 4 9  2.00054754812761 -1.14119920701161 2.00053284032802 -1.14116825266997 
4 9 4 10  2.14075566300750 -1.21883175647543 1.92275258074881 -1.00082249420823 
4 9 4 11  2.44742779692436 -1.40021302650385 1.74127433617907 -0.69412749259774 
4 10 4 10  2.09436090872975 -1.04721288618626 2.09442751287302 -1.04718786999304 
4 10 4 11  2.26603001543594 -1.09362887602069 2.04799035867655 -0.87559571856107 
4 10 5 10  2.04799035867654 -1.09362887602070 2.26603001543592 -0.87559571856107 
4 10 6 10  2.00328525525847 -1.13817655060375 2.73801434095670 12.16293046287078 
4 11 4 11  2.18821911827842 -0.95324715554940 2.18826213127490 -0.95321637874337 
5 10 5 10  2.18826213127489 -0.95324715554940 2.18821911827841 -0.95321637874337 
5 11 5 11  2.61793744895789 -0.52358889252284 2.61798788204080 -0.52361737255932 
6 11 6 11  3.04770890931903 -0.09399795655517 3.04767832034106 -0.09388749530690 
