0 2 4 6 8  0.52356973706887 2.25859862410928 3.11995630894857 10.49374039062154 -1.21126453376017 
0 2 4 6 10  1.21135422887026 2.07274938605141 3.16334047467657 -2.25849359177653 5.75952239890469 
0 2 4 8 10  1.02540598528303 2.11601615299199 2.97745848750355 4.71242395975818 0.16428132903462 
0 2 6 0 6  0.15958550587176 2.42783431829545 3.32113209220366 -0.05142604604542 3.10121789118954 
0 2 6 0 8  1.01980104348371 2.00625377286837 3.50860673435846 -0.33486626387230 3.85153304451180 
0 2 6 1 6  0.08850833198485 2.48592956969650 3.23835573283686 0.09236732778930 3.23838495669453 
0 2 6 2 8  0.68024238813754 2.18249346831792 3.16890441405605 0.33732570200926 -1.75959146545120 
0 2 6 8 10  1.06887854029031 1.93025581900645 3.66519832938523 -0.88311062741073 -0.02172937881795 
0 2 6 10 6  0.45908303992581 2.13373887430128 9.93512158170151 5.42906851362350 -10.24928911072713 
0 2 6 11 6  0.32879627083489 2.26687118604520 3.51310637558397 -0.36415534619871 2.80292332599571 
0 2 7 1 7  0.49236402290778 2.09454968900564 -2.58684398675485 0.51684641166010 3.67201721355295 
0 2 8 1 8  0.95043472286041 1.70189047711536 -2.18299072156765 0.95044211229202 -2.18669038554094 
0 2 8 2 8  0.86777151276567 1.76061920994284 -2.25411806437087 1.08759965716657 -2.04297202194410 
0 2 8 3 8  0.67566672794345 1.92221775555238 -2.42330389426421 1.38598081580187 -1.73020047767147 
0 2 8 4 8  0.53680603078669 2.05524420036439 -2.55336852520977 1.87162137442409 5.04298476046935 
0 4 0 6 8  0.51040662340381 2.28746491775852 -0.82462464442725 3.60066755544451 -1.00783026185891 
0 4 0 6 10  1.13547374360497 2.12175145834719 -0.70990981205583 3.47647753776756 -0.36694380346946 
0 4 0 8 6  0.45901325703647 -10.24940002565197 5.42910290390790 9.93513225504534 2.13374140963154 
0 4 0 10 6  0.33486129096739 2.43161149054032 5.26336939469844 -2.00629998096436 2.77459392927790 
0 4 6 0 5  -0.09221449558149 3.04481113832053 -2.48596720042070 -0.08863325298663 3.04481823162085 
0 4 6 0 6  0.05137577060512 2.96217551744101 3.85472846114225 -0.15965073909188 3.18200793886279 
0 4 6 0 7  0.36407080528510 2.77012737848784 4.01683840378060 -0.32889967475328 3.48044251487692 
0 4 6 0 8  0.85419875933166 2.63120067467464 4.14987501149048 -0.45899510572820 3.96607973996897 
0 4 6 8 10  0.88300070046550 2.61801310601436 4.35286609904461 -1.06881814009403 0.02171696649675 
0 4 6 10 4  -0.33740700217876 3.11429136845201 -2.18264375071965 -0.68025276300361 1.75961095384302 
0 4 6 10 6  0.33487805846052 2.77461347223164 -2.00622760980404 5.26341061004760 2.43165732282106 
0 4 8 0 6  0.23210554660610 -3.53301999472711 4.71244432574112 0.39144323240443 2.90943925146541 
0 4 8 1 7  0.38014906438093 -3.58604916089809 4.63319526852923 0.66706374502208 3.66517503867242 
0 4 8 2 6  -0.06864651662762 -3.27939596165856 4.32660542606407 1.11585545697448 3.66533449179372 
0 4 8 2 8  0.65564769020335 2.61801670700760 4.58020529544417 0.81511573277602 -1.86228655888100 
0 4 8 4 10  1.08637641318579 2.60478726332096 4.38188222532366 1.26987643674945 -0.58818068925484 
0 4 8 10 4  -0.22267212855580 2.94866773980486 -1.55756351016946 -0.03923594226382 1.63532566706560 
0 4 9 2 6  -0.00004039889245 -3.43028377661516 -1.50801516222913 1.50794242416129 3.43032274405992 
0 4 9 3 8  0.60278222760489 -3.74434721972777 -1.42732432561237 1.57088634631005 -1.71423957681842 
0 4 9 4 10  1.21953760340143 -3.81735572002168 -1.41129531035198 1.75561505036647 -0.71822659934235 
0 4 10 2 6  0.06858774425736 -3.66542447380090 -1.11574034809544 1.95647589088139 3.27949933125647 
0 4 10 2 7  0.46073210644794 -3.90005064024775 -1.04711600652238 1.80558259598814 -2.55517103826859 
0 4 10 2 8  0.90931632424953 -4.05079084815851 -0.97861296404648 1.57077797709945 -2.16298029528756 
0 4 10 4 8  0.52361234669833 2.48581926596944 -1.27929279039723 2.32653521795167 4.84463149846903 
0 4 10 4 10  1.38128807310098 -4.00933812368087 -1.09864278030627 2.05400111109053 -0.88758078818639 
0 4 10 6 4  6.25573522729239 2.80422939563803 -1.38204173554603 2.46128782287799 0.95906361521215 
0 4 10 6 10  0.95900745384108 2.46143484417345 -1.38207230440383 2.80438730567268 6.25574162653535 
0 4 10 8 4  6.09010608650371 2.91906010186563 -1.50617278718452 3.10217888234315 1.58399610131774 
0 4 11 4 10  1.43926281477649 -4.09199534202830 -0.95496149253984 2.19123266764271 -0.95873115674060 
0 5 0 6 4  -0.09685597301442 3.04932432893368 -0.09671868491710 3.05303279905879 0.65455096721580 
0 5 0 6 8  0.37152389548199 2.77747313446100 -0.33875651131175 3.47050949858312 -0.87513314926534 
0 5 0 8 6  0.32890566448481 2.80274871729433 -0.36411634577324 3.51311598576103 2.26643196234348 
0 5 10 2 8  0.75850978030786 2.68086321952855 -0.58644604873737 1.33589866831001 -2.09443557160316 
0 5 11 4 8  0.44445623957781 2.76143737733463 -0.52357239306931 2.47461767434576 4.79151884473162 
0 5 11 5 10  1.04705967580334 2.64911262056746 -0.53032073583499 2.62472020959840 -0.55477868825288 
0 6 0 6 2  -0.71327384570571 3.30123803012305 -0.04043506284280 3.09014406021546 0.17950287350698 
0 6 0 6 4  -0.17946721066365 3.19300770864331 0.04037642069510 2.98194935862545 0.71452014613896 
0 6 0 6 8  0.17947390722155 3.09013342394951 -0.04031863763140 3.30119306191854 -0.71290429627646 
0 6 0 6 10  0.71369412432062 2.98200606848295 0.04038716308603 3.19305562353713 -0.17951260279398 
0 6 0 8 4  -0.39137486029773 3.37371682770840 -0.23209507444986 3.53299666236817 1.57078441835704 
0 6 0 8 6  0.15964409093106 3.10116522828628 -0.05134735003660 3.32103467517639 2.42829637737947 
0 6 0 10 6  0.05142946315233 3.18203769149349 -0.15956437203493 3.85534974948512 2.96210454148524 
0 6 1 6 2  -0.65607304691816 3.23034838845804 0.09667139649823 3.23384408104329 0.09665321008385 
0 6 1 6 10  0.87564357994083 2.81264587731020 0.33877237079982 3.50577806521168 -0.37145341422812 
0 6 2 0 8  0.71001833397030 2.80672942581757 0.36690831667915 -1.13546440055106 4.16148786110030 
0 6 2 6 8  0.36698763065664 2.80669626482401 0.70974901275689 4.16142340951719 -1.13539939472948 
0 6 2 6 10  1.00779761802830 2.68257633579055 0.82448121921816 -2.28744779908131 -0.51035384805258 
0 6 2 8 4  -0.13794189745606 3.07291871077856 0.52389305381312 -2.02589382544679 1.18524867845776 
0 6 2 9 4  -0.28864829716762 3.14155798257131 0.28869711334763 -1.63357614285599 1.63355446281794 
0 6 2 10 4  -0.52332378727917 3.21014667654109 0.13787355712563 -1.18503670752764 2.02576721085682 
0 6 2 10 6  0.23212150826514 2.90942060684011 0.39141691188178 4.71243756915490 -3.53307460326375 
0 6 4 0 7  0.33878194790121 2.81274004959893 0.87498927435601 -0.37158145010147 3.50571966510610 
0 6 4 0 8  0.82447867910666 2.68259484154173 1.00820208786867 -0.51030544144622 -2.28752154656024 
0 6 8 0 7  0.09685741187553 3.23015340745137 -0.65504992063330 0.09683082281912 3.23381565488602 
0 6 10 2 6  -0.23213914796120 3.37374338838100 -0.39143636306895 1.57076215365431 3.53299741058856 
0 6 10 2 8  0.52380127533315 3.07298374814559 -0.13797917592666 1.18508005107633 -2.02578842637871 
0 6 10 3 8  0.28865088228493 3.14163377494217 -0.28879226702096 1.63365096171193 -1.63357475802195 
0 6 10 4 8  0.13786642447523 3.21021829797129 -0.52355470640967 2.02588318133804 -1.18512508572316 
0 6 10 6 2  -1.00808840341275 3.60066554625480 -0.82468484030991 2.28742549240311 0.51036911686676 
0 6 10 6 4  -0.36696554587636 3.47647637272033 -0.70995252272613 2.12170520961966 1.13523840213650 
0 6 11 6 2  -0.87561574651139 3.47054451850000 -0.33880788862453 2.77752170583285 0.37146470684421 
0 6 11 6 10  0.65522030482894 3.05309845289457 -0.09677696590228 3.04933950082682 -0.09675123301945 
0 7 0 8 6  0.08855755472350 3.23832423058645 0.09234480032016 3.23826426083936 2.48619094780314 
0 7 1 7 2  -1.04704876853311 3.63400187350037 0.53028678041840 3.65841009910764 0.55468475773902 
0 7 1 8 4  -0.44442802082474 3.52178173948775 0.52358357132819 -2.47467056665397 1.49166274823504 
0 7 2 10 4  -0.75844433188832 3.60244249947293 0.58640612139152 -1.33589164450403 2.09436943559444 
0 8 1 8 2  -1.43915136040839 4.09202455953009 0.95494820416442 -2.19111944210734 0.95865609547791 
0 8 2 4 8  0.19305145495554 3.36412152102013 1.50634759115472 3.18120883619226 -1.58399777047726 
0 8 2 6 2  -0.95899542313627 3.82178964000503 1.38205514554833 3.47874455261518 0.02738141423757 
0 8 2 6 8  0.02732521484554 3.47888188343953 1.38193703736250 3.82188165251307 -0.95904741561188 
0 8 2 8 2  4.90258143704988 4.00936254368343 1.09861500664797 -2.05398497048781 0.88762951574301 
0 8 2 8 4  -0.52360422266565 -2.48582978020878 1.27934045363635 -2.32656190641649 1.43877545827380 
0 8 2 10 4  -0.90937065843258 4.05091968393927 0.97851954973100 -1.57100654726357 2.16301689095500 
0 8 2 10 5  -0.46075939509414 3.90008912044406 1.04725119202232 4.47735904644422 2.55509859472926 
0 8 2 10 6  -0.06850358966430 3.66497744515817 1.11586487639251 4.32664812775414 -3.27950523347038 
0 8 3 8 2  -1.21910210747328 3.81724980671124 1.41131318672536 -1.75565124056639 0.71831988003508 
0 8 3 9 4  -0.60279134376941 3.74436109577247 1.42745674856631 -1.57083255035869 1.71421869717078 
0 8 3 10 6  -0.00004439638164 3.43039954895805 1.50801805836646 -1.50800666092152 -3.43044203694970 
0 8 4 2 8  0.22246818199892 3.33469988473293 1.55759031345271 0.03943342068907 -1.63534642136980 
0 8 4 8 2  -1.08625364511660 3.67834911390094 1.90145041019281 11.29649701284660 0.58813435358936 
0 8 4 10 4  -0.65579078832610 3.66525120258860 1.70293779937498 -0.81507948784569 1.86226705062927 
0 8 4 10 6  0.06853210053903 3.27947425968372 1.95651743406696 -1.11581504055393 -3.66513037353679 
0 8 4 11 5  -0.38014138542750 3.58597058746813 1.65000088326161 -0.66699061314371 2.61791964499097 
0 8 6 2 6  -0.33486626387234 3.50860673435755 2.00625377287442 1.01980104348422 3.85153304450882 
0 8 6 2 8  0.33739329600752 3.16890642160433 2.18256365301222 0.68022051439777 -1.75951199722626 
0 8 6 4 2  -0.88311062741074 3.66519832938523 1.93025581900645 1.06887854029031 -0.02172937881795 
0 10 4 8 4  -0.53686620936627 -2.05515604617565 2.55340155397697 -1.87160287977581 1.24013550722143 
0 10 4 9 4  5.60746371252662 -1.92202164603424 2.42331216730768 -1.38598510573426 1.73027765772544 
0 10 4 10 4  5.41538914731272 -1.76017497187041 2.25401796187208 -1.08758187961189 2.04300103241416 
0 10 4 11 4  5.33264648132473 -1.70236002232098 2.18302449690286 -0.95049379400325 2.18678007901818 
0 10 5 11 5  -0.49244100190416 4.18896471437105 2.58678035792708 -0.51680312295271 2.61122114359179 
0 10 6 1 6  -0.32889967475341 4.01683840378082 2.77012737848861 0.36407080528508 3.48044251487682 
0 10 6 2 6  -0.45899510572820 4.14987501149025 2.63120067467475 0.85419875933166 3.96607973996875 
0 10 6 4 2  -1.06881814009405 4.35286609904454 2.61801310601436 0.88300070046548 0.02171696649675 
0 10 6 10 4  -0.68021738365341 4.10075672917499 3.11427822717249 -0.33746074638058 1.75951684928631 
0 10 6 11 6  -0.08863325298666 -2.48596720042073 3.04481113832068 -0.09221449558146 3.04481823162082 
0 10 8 4 2  -1.02533871331491 10.45022566205423 3.30591495195167 1.57079123086656 -0.16418594833293 
0 10 8 6 2  -1.21135755646402 10.49374919155837 3.11997927293934 2.25863757591877 0.52360487412790 
0 10 8 6 4  5.75956409303248 -2.25860295124348 3.16342532021423 2.07266435558231 1.21154183319355 
1 6 8 1 7  0.53037184397346 3.63402750755449 -1.04703732708896 0.55479967478842 3.65835509805960 
1 6 10 2 7  0.52360871854985 3.52175407701818 -0.44438755760266 1.49162698880921 -2.47461728139343 
1 6 10 4 8  0.58647479438469 3.60237929235268 -0.75844102989549 2.09442091394820 -1.33597499749284 
1 7 1 8 6  0.49239209100801 3.67204115800971 0.51688990586300 -2.58681243931813 2.09402310190306 
1 7 2 10 6  0.38021806416317 3.66524494128786 0.66699085571754 4.63325372488457 -3.58602212844522 
1 8 2 4 8  0.68306512204124 -2.43318527931285 1.37609882037605 3.31368681220700 4.56034799094178 
1 8 4 2 8  0.70841697188969 -2.45854918281701 1.41867616759931 0.17180768782975 -1.76547299996634 
1 8 4 10 6  0.46075418002469 -2.55525519546976 1.80540651230024 -1.04716595783264 -3.89999719213694 
2 4 6 8 10  1.57079123086658 3.30591495195165 10.45022566205365 -1.02533871331488 -0.16418594833293 
2 4 8 2 8  1.20687955293261 -2.80828635148366 4.36823362130125 0.99574436575578 -2.13474642515503 
2 4 8 2 10  2.06701300154486 3.05324139242911 -1.72743119932128 0.71236815237372 4.89871515596265 
2 4 8 3 8  1.13577454683021 -2.74865246660000 4.28552984792224 1.13950495393131 -1.99758087137186 
2 4 8 4 10  1.72751676727476 -3.05348894767925 4.21596423146765 1.38452552712162 -0.71242220896827 
2 4 9 3 9  1.53955307548965 -3.14170778778410 -1.53957839979648 1.56413149282463 4.71915817977317 
2 4 10 3 10  1.99762758024661 2.74989868946634 -1.13577000195198 1.99767570420106 -1.13949935851094 
2 4 10 4 10  1.91488033320725 2.80823342689899 -1.20687026289977 2.13473344696007 -0.99572875342490 
2 4 10 5 10  1.72285822727669 2.96951482421593 -1.37613396237743 2.43313452769434 -0.68301274215424 
2 4 10 6 10  1.58405306995319 3.10208582761023 -1.50621493458344 2.91905858642098 6.09002804732577 
2 6 2 8 10  1.55753852281099 3.33464431374626 0.22270743189815 -1.63539658020825 0.03908834163744 
2 6 2 10 8  1.50615313387462 3.36419584295737 0.19316244935082 -1.58401442614567 3.18050371368939 
2 6 8 2 7  0.95486981585035 4.09208672878251 -1.43902768212418 0.95858357524264 -2.19117138665185 
2 6 8 2 8  1.09859679448044 4.00934902871199 4.90261474421756 0.88756092003399 -2.05396978103564 
2 6 8 2 9  1.41136674050429 3.81730096976721 -1.21954281872827 0.71832651649104 -1.75560557689463 
2 6 8 2 10  1.90146077452308 3.67841319486598 -1.08614300017138 0.58817020631258 11.29652744722600 
2 6 10 2 8  1.27933864448813 -2.48590761896582 -0.52356920607743 1.43860631416075 -2.32650877730457 
2 6 10 3 9  1.42740918847628 3.74438066128654 -0.60278602052712 1.71422414597539 -1.57081476273881 
2 6 10 4 8  0.97861368285566 -2.23232119332948 -0.90924283434367 2.16295905491093 -1.57088778686918 
2 6 10 4 10  1.70297388979173 3.66515635243977 -0.65578601837049 1.86230646631025 -0.81506863000993 
2 6 11 4 8  1.04724513091794 3.90004650314417 -0.46075174922990 2.55529390993999 4.47759903730748 
2 6 11 5 10  1.64981399180408 3.58604905472315 -0.38021249207241 2.61807819572305 -0.66699726415880 
2 7 2 8 6  0.95018748892103 -2.18671208691749 0.95026936393358 -2.18291109235094 1.70264791228995 
2 7 2 8 10  1.41875314491214 -2.45856765143898 0.70842253214496 -1.76549993236725 0.17209813593125 
2 7 2 10 8  1.37611419124705 -2.43314832722196 0.68305450238181 4.56027214151887 -2.96949274398194 
2 8 2 8 4  0.33289078278423 -1.93478423990865 1.00686061371038 -2.14582244133864 1.22669178561967 
2 8 2 8 6  0.86778263331305 -2.04304908094438 1.08756725114735 -2.25399236185223 1.76122728341110 
2 8 2 8 10  1.22667230629016 -2.14573827500195 1.00676089635057 -1.93475505571045 0.33483944914387 
2 8 2 10 6  0.65578970936093 -1.86223313197330 0.81505117977282 4.58021237216246 2.61798759262703 
2 8 2 10 8  1.20684012223490 -2.13484243168185 0.99583589947891 4.36822949858498 -2.80806047934115 
2 8 3 8 4  0.39153784743446 -2.00590319059848 1.14403849769993 -2.00210508749072 1.14397070695154 
2 8 4 2 10  1.75723345514922 -2.42929308673599 1.41417730647180 -0.08839579861228 5.20869720014420 
2 8 4 8 10  1.41421078343670 -2.42933470615555 1.75713359616121 5.20864627932626 -0.08808956896036 
2 8 4 10 6  0.90929041867347 -2.16307474797728 1.57086874160657 -0.97857974412109 -4.05087736160185 
2 8 4 11 6  0.75846494273047 -2.09438220639228 1.33584995185211 -0.58641547124108 2.68084880283807 
2 8 6 2 9  1.38598081580188 -2.42330389426421 1.92221775555238 0.67566672794345 -1.73020047767147 
2 8 6 2 10  1.87162137442412 -2.55336852520975 2.05524420036434 0.53680603078668 5.04298476046940 
2 8 10 2 9  1.14398428402566 -2.00588164471831 0.39184995304113 1.14399970923430 -2.00220357412096 
2 9 2 10 8  1.13572565677629 -1.99758676095295 1.13957409450858 4.28549591583827 -2.74920011583046 
2 9 3 9 4  -0.00025295899199 -1.60200790709489 1.57757216424636 4.70563380989720 1.60205542889333 
2 9 3 10 6  0.60283609626160 -1.71422333731254 1.57091291136864 -1.42728896471219 -3.74445057795365 
2 10 3 10 4  -0.39110676013732 5.13918165659950 2.00206922561399 -1.14397793684046 2.00587282752488 
2 10 4 6 10  1.24026229702950 -1.87196160041946 2.55345937146277 -2.05474337184283 -0.53681733774522 
2 10 4 8 4  0.08818218005539 -1.41418766422656 2.42926860438585 4.52605821697726 1.07461961322088 
2 10 4 8 10  1.07453950681251 -1.75725325650880 2.42929018796017 4.86897686455950 0.08815923693979 
2 10 4 10 4  -0.33315362716610 5.05658985115018 2.14583109707257 -1.00685339288896 1.93479208562464 
2 10 4 10 6  0.52355199702062 4.84451810721517 2.32662967316644 -1.27946900873478 2.48594136202990 
2 10 5 10 4  -0.17205776175608 4.86443899723431 2.45848695053628 -0.70842064455888 1.76553092647545 
2 10 5 11 6  0.44447592800617 4.79150465966735 2.47461825302025 -0.52362837919297 2.76138602805977 
2 10 6 4 10  1.26987643674946 4.38188222532357 2.60478726332097 1.08637641318578 -0.58818068925485 
2 10 6 10 4  -0.03923594226383 -1.55756351016956 2.94866773980471 -0.22267212855579 1.63532566706548 
2 10 8 4 8  0.71236815237372 -1.72743119932131 3.05324139242917 2.06701300154490 4.89871515596271 
2 10 8 4 10  1.38458983846463 4.21609581083696 -3.05334933092715 1.72741840276635 -0.71233767016524 
2 10 8 6 4  0.16408277703359 4.71225678435611 2.97754912509283 2.11617079333096 1.02552519958105 
3 8 10 3 9  1.57754312441218 -1.60192943597870 0.00009340070991 1.60190158968055 4.70561279951660 
3 9 3 10 8  1.53971024619346 4.71906260348334 1.56410477756334 -1.53967283783668 -3.14166720724321 
3 10 4 6 10  1.73028029562641 -1.38604729715211 2.42339961847471 -1.92232227751006 5.60745639662145 
3 10 6 4 10  1.75561505036617 -1.41129531035186 -3.81735572002178 1.21953760340137 -0.71822659934231 
4 6 10 4 10  2.25402948758957 -1.76089600496542 5.41540497377998 2.04298592746902 -1.08758311703970 
4 6 10 5 10  2.18314678943323 -1.70336771823171 5.33276886771675 2.18659195486474 -0.95055478745417 
4 6 11 5 11  2.58672306509293 4.18873753806371 -0.49236815234731 2.61121952140267 -0.51688385548551 
4 8 10 4 9  2.00213659586699 5.13924462887594 -0.39173349086090 2.00577901150514 -1.14389833262607 
4 8 10 4 10  2.14581472803484 5.05661490487005 -0.33350892126630 1.93473881339141 -1.00678992272584 
4 8 10 4 11  2.45862277291023 4.86442933183007 -0.17169089349657 1.76556871680652 -0.70846297414140 
4 9 4 10 8  1.99763258331144 -1.13946604735945 1.99760994337982 -1.13571128477317 2.75021113962262 
4 10 4 10 6  1.38034083689609 -0.88756087908909 2.05401642603278 -1.09863171118373 -4.00938551194644 
4 10 4 10 8  1.91499047967466 -0.99579415964522 2.13480519762898 -1.20682420000144 2.80771240723700 
4 10 5 10 6  1.43826640480254 -0.95863112181262 2.19114158035316 -0.95492167379337 -4.09201774929001 
4 10 8 4 11  2.43313452769427 -1.37613396237748 2.96951482421623 1.72285822727659 -0.68301274215429 
4 11 5 11 6  1.04742267863868 -0.55474319222797 2.62460540079958 -0.53032235978091 2.64921629936365 
