       0.22827561       0.13660675       0.13676488
       0.22827324       0.13603660       0.13590124
       0.22832989       0.13551825       0.13508663
       0.22844610       0.13505390       0.13432325
       0.22862243       0.13464584       0.13361344
       0.22885941       0.13429641       0.13295969
       0.22915753       0.13400801       0.13236459
       0.22951724       0.13378303       0.13183084
       0.22993892       0.13362388       0.13136119
       0.23042288       0.13353295       0.13095846
       0.23096933       0.13351255       0.13062545
       0.23157838       0.13356494       0.13036496
       0.23225002       0.13369228       0.13017972
       0.23298414       0.13389661       0.13007239
       0.23378048       0.13417980       0.13004549
       0.23463866       0.13454358       0.13010139
       0.23555819       0.13498949       0.13024227
       0.23653842       0.13551884       0.13047009
       0.23757860       0.13613275       0.13078654
       0.23867786       0.13683209       0.13119305
       0.23983521       0.13761748       0.13169076
       0.24104958       0.13848931       0.13228046
       0.24231983       0.13944769       0.13296265
       0.24364473       0.14049252       0.13373746
       0.24502305       0.14162342       0.13460469
       0.24645348       0.14283979       0.13556383
       0.24793475       0.14414080       0.13661402
       0.24946559       0.14552540       0.13775412
       0.25104474       0.14699238       0.13898268
       0.25267103       0.14854033       0.14029802
       0.25434331       0.15016769       0.14169822
       0.25606054       0.15187277       0.14318119
       0.25782176       0.15365379       0.14474464
       0.25962611       0.15550886       0.14638621
       0.26147282       0.15743603       0.14810344
       0.26336124       0.15943328       0.14989380
       0.26529079       0.16149859       0.15175478
       0.26726103       0.16362988       0.15368385
       0.26927155       0.16582508       0.15567855
       0.27132206       0.16808210       0.15773645
       0.27341230       0.17039884       0.15985519
       0.27554207       0.17277322       0.16203251
       0.27771120       0.17520312       0.16426621
       0.27991951       0.17768644       0.16655417
       0.28216682       0.18022103       0.16889434
       0.28445294       0.18280473       0.17128474
       0.28677761       0.18543535       0.17372340
       0.28914054       0.18811062       0.17620839
       0.29154135       0.19082825       0.17873777
       0.29397960       0.19358587       0.18130959
       0.29645476       0.19638104       0.18392183
       0.29896620       0.19921126       0.18657245
       0.30151322       0.20207392       0.18925929
       0.30409501       0.20496639       0.19198013
       0.30671069       0.20788591       0.19473264
       0.30935931       0.21082972       0.19751441
       0.31203983       0.21379496       0.20032291
       0.31475117       0.21677876       0.20315554
       0.31749218       0.21977823       0.20600963
       0.32026170       0.22279047       0.20888243
       0.32305852       0.22581259       0.21177118
       0.32588141       0.22884175       0.21467312
       0.32872915       0.23187517       0.21758551
       0.33160049       0.23491013       0.22050564
       0.33449419       0.23794401       0.22343094
       0.33740899       0.24097433       0.22635892
       0.34034364       0.24399872       0.22928727
       0.34329687       0.24701493       0.23221386
       0.34626739       0.25002089       0.23513677
       0.34925385       0.25301467       0.23805429
       0.35225486       0.25599449       0.24096498
       0.35526895       0.25895873       0.24386767
       0.35829456       0.26190590       0.24676143
       0.36132999       0.26483464       0.24964560
       0.36437338       0.26774370       0.25251977
       0.36742269       0.27063193       0.25538380
       0.37047569       0.27349824       0.25823772
       0.37352988       0.27634158       0.26108178
       0.37658249       0.27916089       0.26391638
       0.37963044       0.28195510       0.26674202
       0.38267035       0.28472309       0.26955930
       0.38569845       0.28746362       0.27236880
       0.38871062       0.29017531       0.27517110
       0.39170232       0.29285664       0.27796668
       0.39466861       0.29550586       0.28075587
       0.39760413       0.29812097       0.28353881
       0.40050310       0.30069972       0.28631536
       0.40335931       0.30323954       0.28908508
       0.40616612       0.30573752       0.29184714
       0.40891649       0.30819042       0.29460031
       0.41160298       0.31059460       0.29734288
       0.41421778       0.31294604       0.30007261
       0.41675274       0.31524033       0.30278674
       0.41919940       0.31747264       0.30548191
       0.42154901       0.31963775       0.30815416
       0.42379261       0.32173004       0.31079892
       0.42592104       0.32374351       0.31341098
       0.42792501       0.32567177       0.31598452
       0.42979515       0.32750811       0.31851308
       0.43152205       0.32924547       0.32098960
       0.43309635       0.33087652       0.32340645
       0.43450877       0.33239367       0.32575544
       0.43575018       0.33378911       0.32802785
       0.43681166       0.33505483       0.33021452
       0.43768455       0.33618272       0.33230583
       0.43836053       0.33716456       0.33429182
       0.43883165       0.33799209       0.33616219
       0.43909037       0.33865704       0.33790639
       0.43912968       0.33915120       0.33951369
       0.43894305       0.33946647       0.34097319
       0.43852456       0.33959485       0.34227395
       0.43786890       0.33952856       0.34340501
       0.43697139       0.33926002       0.34435542
       0.43582806       0.33878192       0.34511437
       0.43443565       0.33808726       0.34567118
       0.43279167       0.33716937       0.34601537
       0.43089437       0.33602193       0.34613669
       0.42874282       0.33463905       0.34602519
       0.42633692       0.33301525       0.34567123
       0.42367739       0.33114549       0.34506550
       0.42076584       0.32902524       0.34419906
       0.41760475       0.32665045       0.34306338
       0.41419754       0.32401759       0.34165030
       0.41054855       0.32112370       0.33995211
       0.40666308       0.31796640       0.33796148
       0.40254744       0.31454389       0.33567157
       0.39820898       0.31085505       0.33307595
       0.39365614       0.30689940       0.33016863
       0.38889846       0.30267720       0.32694411
       0.38394668       0.29818950       0.32339736
       0.37881280       0.29343816       0.31952385
       0.37351011       0.28842596       0.31531957
       0.36805331       0.28315668       0.31078113
       0.36245860       0.27763521       0.30590575
       0.35674374       0.27186764       0.30069137
       0.35092817       0.26586143       0.29513679
       0.34503315       0.25962558       0.28924175
       0.33908182       0.25317076       0.28300716
       0.33309933       0.24650958       0.27643524
       0.32711298       0.23965679       0.26952988
       0.32115230       0.23262957       0.26229685
       0.31524910       0.22544778       0.25474425
       0.30943763       0.21813429       0.24688295
       0.30375450       0.21071531       0.23872706
       0.29823877       0.20322071       0.23029457
       0.29293180       0.19568439       0.22160800
       0.28787716       0.18814455       0.21269513
       0.28312036       0.18064403       0.20358980
       0.27870852       0.17323052       0.19433277
       0.27468990       0.16595672       0.18497251
       0.27111323       0.15888036       0.17556606
       0.26802700       0.15206405       0.16617971
       0.26547842       0.14557499       0.15688959
       0.26351234       0.13948434       0.14778196
       0.26216986       0.13386638       0.13895315
       0.26148696       0.12879727       0.13050901
       0.26149284       0.12435350       0.12256388
       0.26220831       0.12061003       0.11523872
       0.26364417       0.11763794       0.10865864
       0.26579966       0.11550200       0.10294950
       0.26866123       0.11425790       0.09823389
       0.27220149       0.11394948       0.09462630
       0.27637873       0.11460607       0.09222804
       0.28113699       0.11624012       0.09112184
       0.28640665       0.11884537       0.09136680
       0.29210579       0.12239564       0.09299391
       0.29814212       0.12684457       0.09600273
       0.30441553       0.13212622       0.10035943
       0.31082098       0.13815671       0.10599668
       0.31725179       0.14483674       0.11281535
       0.32360285       0.15205487       0.12068799
       0.32977378       0.15969128       0.12946397
       0.33567168       0.16762188       0.13897564
       0.34121339       0.17572232       0.14904528
       0.34632716       0.18387173       0.15949205
       0.35095361       0.19195587       0.17013851
       0.35504608       0.19986973       0.18081626
       0.35857037       0.20751925       0.19137037
       0.36150404       0.21482237       0.20166252
       0.36383534       0.22170935       0.21157268
       0.36556188       0.22812255       0.22099972
       0.36668931       0.23401572       0.22986084
       0.36722992       0.23935311       0.23809037
       0.36720135       0.24410825       0.24563800
       0.36662547       0.24826282       0.25246684
       0.36552744       0.25180552       0.25855140
       0.36393487       0.25473098       0.26387562
       0.36187723       0.25703887       0.26843125
       0.35938537       0.25873307       0.27221628
       0.35649113       0.25982100       0.27523381
       0.35322712       0.26031307       0.27749102
       0.34962651       0.26022219       0.27899844
       0.34572288       0.25956341       0.27976925
       0.34155013       0.25835350       0.27981887
       0.33714241       0.25661075       0.27916445
       0.33253408       0.25435459       0.27782454
       0.32775966       0.25160547       0.27581873
       0.32285384       0.24838455       0.27316733
       0.31785151       0.24471359       0.26989106
       0.31278778       0.24061480       0.26601077
       0.30769808       0.23611076       0.26154722
       0.30261827       0.23122437       0.25652083
       0.29758480       0.22597890       0.25095155
       0.29263487       0.22039810       0.24485878
       0.28780665       0.21450637       0.23826144
       0.28313957       0.20832905       0.23117803
       0.27867455       0.20189278       0.22362696
       0.27445430       0.19522602       0.21562699
       0.27052363       0.18835959       0.20719779
       0.26692970       0.18132737       0.19836086
       0.26372226       0.17416715       0.18914056
       0.26095381       0.16692146       0.17956544
       0.25867967       0.15963861       0.16966990
       0.25695783       0.15237366       0.15949609
       0.25584871       0.14518947       0.14909612
       0.25541450       0.13815763       0.13853450
       0.25571833       0.13135929       0.12789080
       0.25682287       0.12488564       0.11726230
       0.25878866       0.11883808       0.10676651
       0.26167176       0.11332773       0.09654338
       0.26552096       0.10847420       0.08675662
       0.27037452       0.10440350       0.07759391
       0.27625645       0.10124479       0.06926549
       0.28317249       0.09912598       0.06200049
       0.29110614       0.09816818       0.05604081
       0.30001499       0.09847902       0.05163205
       0.30982762       0.10014535       0.04901161
       0.32044178       0.10322557       0.04839431
       0.33172406       0.10774239       0.04995643
       0.34351145       0.11367683       0.05381931
       0.35561508       0.12096415       0.06003454
       0.36782610       0.12949258       0.06857227
       0.37992340       0.13910528       0.07931479
       0.39168283       0.14960569       0.09205653
       0.40288701       0.16076609       0.10651128
       0.41333497       0.17233859       0.12232617
       0.42285086       0.18406756       0.13910119
       0.43129083       0.19570242       0.15641229
       0.43854762       0.20700938       0.17383534
       0.44455269       0.21778130       0.19096877
       0.44927582       0.22784487       0.20745248
       0.45272258       0.23706483       0.22298183
       0.45493007       0.24534524       0.23731594
       0.45596160       0.25262822       0.25028057
       0.45590075       0.25889068       0.26176616
       0.45484550       0.26413965       0.27172216
       0.45290269       0.26840688       0.28014905
       0.45018306       0.27174331       0.28708892
       0.44679726       0.27421368       0.29261594
       0.44285257       0.27589173       0.29682716
       0.43845058       0.27685606       0.29983444
       0.43368550       0.27718677       0.30175750
       0.42864323       0.27696283       0.30271842
       0.42340090       0.27626018       0.30283739
       0.41802683       0.27515034       0.30222959
       0.41258074       0.27369962       0.30100313
       0.40711426       0.27196861       0.29925782
       0.40167148       0.27001209       0.29708446
       0.39628959       0.26787903       0.29456477
       0.39099959       0.26561288       0.29177149
       0.38582694       0.26325181       0.28876886
       0.38079220       0.26082914       0.28561314
       0.37591162       0.25837371       0.28235326
       0.37119769       0.25591028       0.27903147
       0.36665966       0.25345994       0.27568398
       0.36230397       0.25104049       0.27234162
       0.35813460       0.24866675       0.26903040
       0.35415350       0.24635092       0.26577208
       0.35036083       0.24410284       0.26258465
       0.34675525       0.24193030       0.25948276
       0.34333418       0.23983923       0.25647815
       0.34009394       0.23783393       0.25357995
       0.33702999       0.23591727       0.25079507
       0.33413705       0.23409088       0.24812841
       0.33140925       0.23235524       0.24558314
       0.32884023       0.23070989       0.24316091
       0.32642328       0.22915350       0.24086203
       0.32415137       0.22768404       0.23868570
       0.32201729       0.22629881       0.23663006
       0.32001368       0.22499457       0.23469245
       0.31813311       0.22376764       0.23286944
       0.31636808       0.22261392       0.23115696
       0.31471117       0.22152900       0.22955043
       0.31315495       0.22050819       0.22804483
       0.31169210       0.21954661       0.22663476
       0.31031544       0.21863919       0.22531455
       0.30901788       0.21778075       0.22407826
       0.30779250       0.21696602       0.22291980
       0.30663258       0.21618965       0.22183296
       0.30553154       0.21544630       0.22081142
       0.30448303       0.21473061       0.21984881
       0.30348089       0.21403723       0.21893877
       0.30251917       0.21336086       0.21807490
       0.30159215       0.21269625       0.21725086
       0.30069432       0.21203820       0.21646033
       0.29982041       0.21138161       0.21569706
       0.29896535       0.21072143       0.21495485
       0.29812435       0.21005272       0.21422758
       0.29729281       0.20937065       0.21350920
       0.29646642       0.20867045       0.21279372
       0.29564109       0.20794750       0.21207524
       0.29481299       0.20719726       0.21134791
       0.29397858       0.20641531       0.21060595
       0.29313457       0.20559737       0.20984366
       0.29227798       0.20473926       0.20905537
       0.29140612       0.20383697       0.20823548
       0.29051666       0.20288659       0.20737842
       0.28960757       0.20188441       0.20647870
       0.28867722       0.20082687       0.20553085
       0.28772436       0.19971062       0.20452947
       0.28674818       0.19853250       0.20346920
       0.28574830       0.19728960       0.20234476
       0.28472487       0.19597928       0.20115097
       0.28367854       0.19459921       0.19988272
       0.28261054       0.19314739       0.19853506
       0.28152273       0.19162223       0.19710319
       0.28041761       0.19002255       0.19558253
       0.27929842       0.18834770       0.19396874
       0.27816912       0.18659760       0.19225783
       0.27703450       0.18477279       0.19044618
       0.27590022       0.18287454       0.18853067
       0.27477283       0.18090495       0.18650875
       0.27365981       0.17886698       0.18437858
       0.27256964       0.17676465       0.18213913
       0.27151184       0.17460304       0.17979038
       0.27049693       0.17238849       0.17733344
       0.26953649       0.17012866       0.17477075
       0.26864313       0.16783268       0.17210629
       0.26783050       0.16551123       0.16934580
       0.26711318       0.16317666       0.16649700
       0.26650665       0.16084309       0.16356981
       0.26602715       0.15852648       0.16057665
       0.26569159       0.15624467       0.15753264
       0.26551728       0.15401742       0.15445583
       0.26552178       0.15186638       0.15136742
       0.26572258       0.14981502       0.14829192
       0.26613682       0.14788851       0.14525721
       0.26678086       0.14611351       0.14229465
       0.26766996       0.14451789       0.13943894
       0.26881776       0.14313041       0.13672794
       0.27023582       0.14198022       0.13420235
       0.27193318       0.14109635       0.13190523
       0.27391581       0.14050709       0.12988125
       0.27618617       0.14023929       0.12817592
       0.27874279       0.14031757       0.12683449
       0.28157991       0.14076357       0.12590075
       0.28468722       0.14159513       0.12541572
       0.28804973       0.14282549       0.12541612
       0.29164779       0.14446261       0.12593298
       0.29545724       0.14650860       0.12699015
       0.29944976       0.14895925       0.12860303
       0.30359343       0.15180383       0.13077741
       0.30785336       0.15502506       0.13350873
       0.31219257       0.15859938       0.13678163
       0.31657294       0.16249740       0.14056997
       0.32095620       0.16668470       0.14483728
       0.32530505       0.17112269       0.14953772
       0.32958410       0.17576980       0.15461743
       0.33376094       0.18058266       0.16001625
       0.33780686       0.18551739       0.16566968
       0.34169763       0.19053085       0.17151106
       0.34541390       0.19558181       0.17747369
       0.34894155       0.20063201       0.18349294
       0.35227173       0.20564698       0.18950812
       0.35540074       0.21059667       0.19546405
       0.35832973       0.21545592       0.20131232
       0.36106428       0.22020455       0.20701209
       0.36361377       0.22482743       0.21253059
       0.36599079       0.22931415       0.21784315
       0.36821047       0.23365876       0.22293300
       0.37028971       0.23785920       0.22779064
       0.37224661       0.24191673       0.23241316
       0.37409980       0.24583538       0.23680332
       0.37586789       0.24962129       0.24096849
       0.37756904       0.25328209       0.24491974
       0.37922055       0.25682642       0.24867075
       0.38083855       0.26026337       0.25223693
       0.38243784       0.26360210       0.25563459
       0.38403174       0.26685149       0.25888017
       0.38563204       0.27001988       0.26198974
       0.38724898       0.27311486       0.26497845
       0.38889133       0.27614321       0.26786025
       0.39056647       0.27911078       0.27064765
       0.39228053       0.28202252       0.27335164
       0.39403847       0.28488250       0.27598160
       0.39584428       0.28769399       0.27854544
       0.39770108       0.29045954       0.28104965
       0.39961127       0.29318112       0.28349949
       0.40157665       0.29586015       0.28589912
       0.40359852       0.29849771       0.28825186
       0.40567777       0.30109454       0.29056034
       0.40781494       0.30365119       0.29282672
       0.41001027       0.30616809       0.29505282
       0.41226374       0.30864559       0.29724035
       0.41457505       0.31108399       0.29939093
       0.41694361       0.31348357       0.30150630
       0.41936856       0.31584462       0.30358831
       0.42184869       0.31816736       0.30563898
       0.42438239       0.32045198       0.30766055
       0.42696764       0.32269853       0.30965540
       0.42960191       0.32490691       0.31162605
       0.43228211       0.32707676       0.31357509
       0.43500453       0.32920743       0.31550509
       0.43776480       0.33129783       0.31741848
       0.44055781       0.33334643       0.31931747
       0.44337769       0.33535106       0.32120390
       0.44621773       0.33730894       0.32307909
       0.44907040       0.33921647       0.32494373
       0.45192732       0.34106925       0.32679772
       0.45477921       0.34286192       0.32864000
       0.45761598       0.34458812       0.33046843
       0.46042668       0.34624041       0.33227963
       0.46319957       0.34781020       0.33406886
       0.46592219       0.34928772       0.33582986
       0.46858140       0.35066195       0.33755472
       0.47116350       0.35192060       0.33923377
       0.47365430       0.35305009       0.34085547
       0.47603929       0.35403553       0.34240629
       0.47830374       0.35486076       0.34387063
       0.48043293       0.35550834       0.34523073
       0.48241228       0.35595958       0.34646659
       0.48422758       0.35619466       0.34755590
       0.48586524       0.35619261       0.34847401
       0.48731257       0.35593154       0.34919388
       0.48855804       0.35538865       0.34968605
       0.48959163       0.35454051       0.34991863
       0.49040521       0.35336319       0.34985736
       0.49099291       0.35183257       0.34946561
       0.49135161       0.34992467       0.34870451
       0.49148144       0.34761599       0.34753307
       0.49138629       0.34488409       0.34590846
       0.49107447       0.34170811       0.34378627
       0.49055930       0.33806953       0.34112105
       0.48985989       0.33395306       0.33786690
       0.48900183       0.32934765       0.33397839
       0.48801800       0.32424782       0.32941171
       0.48694932       0.31865510       0.32412627
       0.48584551       0.31257976       0.31808666
       0.48476574       0.30604283       0.31126532
       0.48377912       0.29907832       0.30364577
       0.48296491       0.29173566       0.29522662
       0.48241242       0.28408230       0.28602644
       0.48222026       0.27620627       0.27608945
       0.48249502       0.26821860       0.26549194
       0.48334889       0.26025525       0.25434919
       0.48489632       0.25247818       0.24282252
       0.48724931       0.24507509       0.23112569
       0.49051142       0.23825736       0.21952969
       0.49477036       0.23225554       0.20836462
       0.50008950       0.22731184       0.19801707
       0.50649864       0.22366950       0.18892142
       0.51398476       0.22155877       0.18154361
       0.52248387       0.22118029       0.17635652
       0.53187493       0.22268669       0.17380748
       0.54197735       0.22616447       0.17427955
       0.55255313       0.23161827       0.17805041
       0.56331426       0.23896012       0.18525406
       0.57393564       0.24800599       0.19585134
       0.58407264       0.25848115       0.20961530
       0.59338172       0.27003457       0.22613530
       0.60154199       0.28226133       0.24484118
       0.60827512       0.29473026       0.26504497
       0.61336135       0.30701354       0.28599475
       0.61665001       0.31871442       0.30693280
       0.61806365       0.32949002       0.32715035
       0.61759612       0.33906702       0.34603201
       0.61530537       0.34724940       0.36308593
       0.61130273       0.35391886       0.37795822
       0.60574006       0.35902898       0.39043306
       0.59879658       0.36259530       0.40042136
       0.59066648       0.36468297       0.40794185
       0.58154824       0.36539384       0.41309842
       0.57163598       0.36485427       0.41605677
       0.56111317       0.36320433       0.41702279
       0.55014824       0.36058906       0.41622401
       0.53889220       0.35715170       0.41389463
       0.52747750       0.35302886       0.41026439
       0.51601816       0.34834729       0.40555077
       0.50461056       0.34322212       0.39995401
       0.49333475       0.33775596       0.39365448
       0.48225605       0.33203898       0.38681171
       0.47142677       0.32614929       0.37956464
       0.46088786       0.32015381       0.37203267
       0.45067057       0.31410924       0.36431722
       0.44079794       0.30806314       0.35650345
       0.43128609       0.30205498       0.34866218
       0.42214545       0.29611720       0.34085167
       0.41338178       0.29027616       0.33311933
       0.40499703       0.28455297       0.32550330
       0.39699008       0.27896432       0.31803387
       0.38935742       0.27352310       0.31073466
       0.38209360       0.26823903       0.30362374
       0.37519173       0.26311916       0.29671457
       0.36864379       0.25816832       0.29001672
       0.36244094       0.25338946       0.28353662
       0.35657378       0.24878398       0.27727805
       0.35103251       0.24435204       0.27124268
       0.34580708       0.24009272       0.26543044
       0.34088736       0.23600425       0.25983984
       0.33626320       0.23208417       0.25446825
       0.33192449       0.22832947       0.24931215
       0.32786130       0.22473666       0.24436730
       0.32406383       0.22130194       0.23962891
       0.32052252       0.21802122       0.23509176
       0.31722803       0.21489022       0.23075031
       0.31417130       0.21190452       0.22659882
       0.31134353       0.20905963       0.22263139
       0.30873620       0.20635098       0.21884202
       0.30634109       0.20377403       0.21522472
       0.30415026       0.20132427       0.21177349
       0.30215610       0.19899722       0.20848238
       0.30035124       0.19678851       0.20534558
       0.29872865       0.19469388       0.20235735
       0.29728156       0.19270920       0.19951214
       0.29600349       0.19083048       0.19680457
       0.29488824       0.18905391       0.19422945
       0.29392989       0.18737587       0.19178182
       0.29312276       0.18579294       0.18945699
       0.29246144       0.18430192       0.18725049
       0.29194076       0.18289984       0.18515819
       0.29155577       0.18158397       0.18317623
       0.29130177       0.18035184       0.18130110
       0.29117422       0.17920124       0.17952960
       0.29116879       0.17813024       0.17785892
       0.29128131       0.17713716       0.17628662
       0.29150777       0.17622062       0.17481064
       0.29184425       0.17537952       0.17342931
       0.29228695       0.17461300       0.17214139
       0.29283214       0.17392050       0.17094604
       0.29347612       0.17330171       0.16984282
       0.29421520       0.17275653       0.16883172
       0.29504566       0.17228513       0.16791310
       0.29596371       0.17188782       0.16708773
       0.29696546       0.17156512       0.16635672
       0.29804688       0.17131765       0.16572151
       0.29920376       0.17114615       0.16518382
       0.30043166       0.17105138       0.16474563
       0.30172591       0.17103410       0.16440909
       0.30308150       0.17109503       0.16417646
       0.30449312       0.17123475       0.16405005
       0.30595511       0.17145369       0.16403215
       0.30746140       0.17175202       0.16412489
       0.30900554       0.17212962       0.16433020
       0.31058065       0.17258599       0.16464966
       0.31217945       0.17312022       0.16508444
       0.31379424       0.17373091       0.16563518
       0.31541691       0.17441613       0.16630185
       0.31703900       0.17517337       0.16708373
       0.31865170       0.17599949       0.16797925
       0.32024593       0.17689075       0.16898596
       0.32181236       0.17784272       0.17010042
       0.32334152       0.17885035       0.17131819
       0.32482383       0.17990792       0.17263381
       0.32624972       0.18100914       0.17404075
       0.32760971       0.18214713       0.17553145
       0.32889451       0.18331450       0.17709736
       0.33009510       0.18450342       0.17872902
       0.33120284       0.18570570       0.18041611
       0.33220957       0.18691287       0.18214756
       0.33310767       0.18811631       0.18391171
       0.33389020       0.18930729       0.18569642
       0.33455092       0.19047714       0.18748923
       0.33508439       0.19161732       0.18927752
       0.33548599       0.19271952       0.19104868
       0.33575201       0.19377579       0.19279026
       0.33587963       0.19477860       0.19449014
       0.33586696       0.19572090       0.19613668
       0.33571301       0.19659627       0.19771885
       0.33541774       0.19739889       0.19922637
       0.33498195       0.19812365       0.20064980
       0.33440731       0.19876614       0.20198061
       0.33369629       0.19932270       0.20321128
       0.33285207       0.19979041       0.20433534
       0.33187855       0.20016709       0.20534738
       0.33078023       0.20045131       0.20624306
       0.32956215       0.20064229       0.20701909
       0.32822980       0.20073997       0.20767326
       0.32678910       0.20074488       0.20820430
       0.32524627       0.20065816       0.20861191
       0.32360777       0.20048145       0.20889669
       0.32188028       0.20021690       0.20906001
       0.32007056       0.19986706       0.20910400
       0.31818545       0.19943485       0.20903144
       0.31623177       0.19892353       0.20884570
       0.31421632       0.19833658       0.20855063
       0.31214578       0.19767773       0.20815051
       0.31002671       0.19695085       0.20764998
       0.30786552       0.19615994       0.20705393
       0.30566838       0.19530906       0.20636748
       0.30344130       0.19440232       0.20559588
       0.30118999       0.19344384       0.20474450
       0.29891995       0.19243771       0.20381871
       0.29663640       0.19138797       0.20282391
       0.29434428       0.19029857       0.20176543
       0.29204825       0.18917338       0.20064854
       0.28975272       0.18801616       0.19947837
       0.28746179       0.18683055       0.19825994
       0.28517929       0.18562003       0.19699811
       0.28290881       0.18438797       0.19569756
       0.28065364       0.18313756       0.19436278
       0.27841684       0.18187185       0.19299809
       0.27620122       0.18059375       0.19160756
       0.27400934       0.17930598       0.19019510
       0.27184354       0.17801114       0.18876439
       0.26970598       0.17671166       0.18731891
       0.26759856       0.17540981       0.18586191
       0.26552303       0.17410774       0.18439647
       0.26348094       0.17280743       0.18292545
       0.26147368       0.17151075       0.18145152
       0.25950249       0.17021942       0.17997717
       0.25756843       0.16893503       0.17850472
       0.25567247       0.16765908       0.17703628
       0.25381542       0.16639293       0.17557384
       0.25199799       0.16513785       0.17411920
       0.25022077       0.16389500       0.17267405
       0.24848429       0.16266546       0.17123990
       0.24678894       0.16145020       0.16981815
       0.24513508       0.16025015       0.16841009
       0.24352297       0.15906614       0.16701687
       0.24195282       0.15789892       0.16563955
       0.24042478       0.15674921       0.16427909
       0.23893897       0.15561766       0.16293637
       0.23749545       0.15450488       0.16161217
       0.23609425       0.15341143       0.16030720
       0.23473538       0.15233782       0.15902211
       0.23341881       0.15128455       0.15775750
       0.23214453       0.15025209       0.15651389
       0.23091248       0.14924087       0.15529177
       0.22972260       0.14825132       0.15409160
       0.22857485       0.14728386       0.15291377
       0.22746918       0.14633889       0.15175869
       0.22640553       0.14541681       0.15062671
       0.22538387       0.14451802       0.14951817
       0.22440418       0.14364292       0.14843342
       0.22346644       0.14279192       0.14737277
       0.22257067       0.14196545       0.14633656
       0.22171689       0.14116394       0.14532511
       0.22090515       0.14038785       0.14433876
       0.22013553       0.13963763       0.14337785
       0.21940813       0.13891380       0.14244275
       0.21872308       0.13821686       0.14153383
       0.21808054       0.13754736       0.14065151
       0.21748068       0.13690587       0.13979620
       0.21692373       0.13629298       0.13896837
       0.21640991       0.13570934       0.13816851
       0.21593951       0.13515560       0.13739714
       0.21551281       0.13463246       0.13665482
       0.21513014       0.13414064       0.13594215
       0.21479184       0.13368090       0.13525976
       0.21449830       0.13325402       0.13460835
       0.21424988       0.13286084       0.13398862
       0.21404701       0.13250219       0.13340134
       0.21389011       0.13217896       0.13284733
       0.21377962       0.13189204       0.13232742
       0.21371597       0.13164237       0.13184251
       0.21369963       0.13143090       0.13139354
       0.21373105       0.13125858       0.13098146
       0.21381067       0.13112639       0.13060730
       0.21393893       0.13103533       0.13027208
       0.21411627       0.13098640       0.12997689
       0.21434309       0.13098057       0.12972281
       0.21461979       0.13101885       0.12951098
       0.21494671       0.13110221       0.12934252
       0.21532418       0.13123162       0.12921859
       0.21575249       0.13140802       0.12914034
       0.21623186       0.13163231       0.12910893
       0.21676249       0.13190536       0.12912551
       0.21734451       0.13222801       0.12919120
       0.21797797       0.13260104       0.12930712
       0.21866287       0.13302515       0.12947433
       0.21939912       0.13350100       0.12969389
       0.22018657       0.13402917       0.12996676
       0.22102498       0.13461014       0.13029388
       0.22191401       0.13524432       0.13067610
       0.22285324       0.13593201       0.13111420
       0.22384213       0.13667341       0.13160886
       0.22488009       0.13746861       0.13216067
       0.22596637       0.13831758       0.13277011
       0.22710016       0.13922016       0.13343754
       0.22828052       0.14017607       0.13416321
       0.22950643       0.14118488       0.13494721
       0.23077674       0.14224605       0.13578952
       0.23209022       0.14335887       0.13668993
       0.23344552       0.14452250       0.13764813
       0.23484119       0.14573595       0.13866359
       0.23627570       0.14699809       0.13973568
       0.23774741       0.14830764       0.14086355
       0.23925461       0.14966317       0.14204622
       0.24079549       0.15106312       0.14328253
       0.24236816       0.15250578       0.14457115
       0.24397067       0.15398932       0.14591059
       0.24560099       0.15551175       0.14729921
       0.24725704       0.15707100       0.14873519
       0.24893669       0.15866484       0.15021659
       0.25063773       0.16029095       0.15174131
       0.25235795       0.16194692       0.15330711
       0.25409508       0.16363023       0.15491164
       0.25584682       0.16533827       0.15655244
       0.25761085       0.16706837       0.15822693
       0.25938485       0.16881779       0.15993245
       0.26116645       0.17058372       0.16166625
       0.26295330       0.17236333       0.16342554
       0.26474304       0.17415373       0.16520743
       0.26653330       0.17595200       0.16700904
       0.26832171       0.17775523       0.16882742
       0.27010590       0.17956046       0.17065962
       0.27188351       0.18136475       0.17250268
       0.27365219       0.18316516       0.17435366
       0.27540956       0.18495874       0.17620961
       0.27715328       0.18674259       0.17806762
       0.27888097       0.18851380       0.17992481
       0.28059026       0.19026949       0.18177834
       0.28227879       0.19200681       0.18362541
       0.28394415       0.19372292       0.18546328
       0.28558393       0.19541503       0.18728924
       0.28719571       0.19708035       0.18910065
       0.28877701       0.19871614       0.19089493
       0.29032533       0.20031965       0.19266952
       0.29183814       0.20188819       0.19442194
       0.29331285       0.20341903       0.19614973
       0.29474681       0.20490950       0.19785048
       0.29613733       0.20635688       0.19952179
       0.29748164       0.20775849       0.20116129
       0.29877692       0.20911161       0.20276661
       0.30002026       0.21041351       0.20433540
       0.30120869       0.21166143       0.20586525
       0.30233915       0.21285256       0.20735376
       0.30340853       0.21398407       0.20879846
       0.30441361       0.21505306       0.21019682
       0.30535112       0.21605657       0.21154626
       0.30621772       0.21699158       0.21284407
       0.30700999       0.21785498       0.21408747
       0.30772448       0.21864360       0.21527352
       0.30835766       0.21935417       0.21639918
       0.30890599       0.21998334       0.21746122
       0.30936590       0.22052766       0.21845628
       0.30973382       0.22098358       0.21938080
       0.31000618       0.22134748       0.22023102
       0.31017946       0.22161565       0.22100300
       0.31025018       0.22178427       0.22169258
       0.31021497       0.22184946       0.22229539
       0.31007055       0.22180728       0.22280685
       0.30981379       0.22165373       0.22322213
       0.30944175       0.22138475       0.22353620
       0.30895169       0.22099629       0.22374383
       0.30834116       0.22048429       0.22383954
       0.30760796       0.21984469       0.22381769
       0.30675029       0.21907352       0.22367243
       0.30576671       0.21816686       0.22339775
       0.30465624       0.21712094       0.22298749
       0.30341840       0.21593213       0.22243539
       0.30205327       0.21459703       0.22173507
       0.30056157       0.21311248       0.22088013
       0.29894468       0.21147565       0.21986413
       0.29720474       0.20968408       0.21868070
       0.29534471       0.20773576       0.21732355
       0.29336846       0.20562919       0.21578656
       0.29128078       0.20336348       0.21406383
       0.28908755       0.20093845       0.21214979
       0.28679572       0.19835466       0.21003928
       0.28441346       0.19561362       0.20772766
       0.28195018       0.19271782       0.20521092
       0.27941665       0.18967086       0.20248583
       0.27682501       0.18647762       0.19955010
       0.27418890       0.18314439       0.19640253
       0.27152346       0.17967897       0.19304321
       0.26884540       0.17609087       0.18947372
       0.26617304       0.17239145       0.18569741
       0.26352629       0.16859407       0.18171960
       0.26092667       0.16471426       0.17754788
       0.25839727       0.16076986       0.17319242
       0.25596265       0.15678116       0.16866630
       0.25364879       0.15277104       0.16398579
       0.25148288       0.14876506       0.15917072
       0.24949316       0.14479151       0.15424481
       0.24770864       0.14088142       0.14923597
       0.24615879       0.13706858       0.14417661
       0.24487315       0.13338934       0.13910382
       0.24388086       0.12988250       0.13405954
       0.24321018       0.12658894       0.12909060
       0.24288787       0.12355128       0.12424862
       0.24293855       0.12081332       0.11958978
       0.24338402       0.11841940       0.11517427
       0.24424254       0.11641363       0.11106573
       0.24552811       0.11483899       0.10733019
       0.24724976       0.11373631       0.10403500
       0.24941091       0.11314320       0.10124730
       0.25200880       0.11309292       0.09903243
       0.25503407       0.11361319       0.09745201
       0.25847043       0.11472514       0.09656204
       0.26229464       0.11644230       0.09641083
       0.26647657       0.11876972       0.09703713
       0.27097955       0.12170338       0.09846828
       0.27576099       0.12522981       0.10071885
       0.28077306       0.12932603       0.10378950
       0.28596376       0.13395981       0.10766642
       0.29127793       0.13909021       0.11232133
       0.29665852       0.14466846       0.11771199
       0.30204776       0.15063908       0.12378326
       0.30738845       0.15694115       0.13046864
       0.31262503       0.16350974       0.13769222
       0.31770464       0.17027738       0.14537077
       0.32257795       0.17717549       0.15341610
       0.32719992       0.18413575       0.16173725
       0.33153020       0.19109128       0.17024267
       0.33553358       0.19797772       0.17884203
       0.33918004       0.20473403       0.18744793
       0.34244488       0.21130319       0.19597708
       0.34530858       0.21763267       0.20435134
       0.34775665       0.22367475       0.21249836
       0.34977941       0.22938671       0.22035200
       0.35137174       0.23473091       0.22785258
       0.35253279       0.23967482       0.23494692
       0.35326568       0.24419088       0.24158832
       0.35357725       0.24825646       0.24773642
       0.35347769       0.25185366       0.25335707
       0.35298034       0.25496914       0.25842215
       0.35210133       0.25759387       0.26290931
       0.35085932       0.25972294       0.26680175
       0.34927519       0.26135520       0.27008795
       0.34737177       0.26249305       0.27276136
       0.34517351       0.26314204       0.27482006
       0.34270624       0.26331056       0.27626634
       0.33999685       0.26300949       0.27710634
       0.33707307       0.26225178       0.27734955
       0.33396320       0.26105217       0.27700833
       0.33069590       0.25942673       0.27609746
       0.32730003       0.25739262       0.27463357
       0.32380447       0.25496770       0.27263471
       0.32023800       0.25217029       0.27011983
       0.31662926       0.24901890       0.26710836
       0.31300669       0.24553204       0.26361978
       0.30939856       0.24172809       0.25967326
       0.30583300       0.23762517       0.25528737
       0.30233812       0.23324117       0.25047981
       0.29894213       0.22859371       0.24526727
       0.29567353       0.22370033       0.23966533
       0.29256132       0.21857859       0.23368847
       0.28963526       0.21324643       0.22735018
       0.28692612       0.20772242       0.22066318
       0.28446603       0.20202631       0.21363982
       0.28228871       0.19617948       0.20629255
       0.28042985       0.19020563       0.19863466
       0.27892736       0.18413154       0.19068114
       0.27782159       0.17798786       0.18244988
       0.27715555       0.17181007       0.17396296
       0.27697492       0.16563950       0.16524841
       0.27732796       0.15952433       0.15634206
       0.27826520       0.15352061       0.14728980
       0.27983889       0.14769326       0.13815002
       0.28210205       0.14211682       0.12899620
       0.28510720       0.13687593       0.11991958
       0.28890457       0.13206546       0.11103158
       0.29353986       0.12778994       0.10246587
       0.29905148       0.12416234       0.09437962
       0.30546730       0.12130178       0.08695349
       0.31280098       0.11933027       0.08038996
       0.32104812       0.11836819       0.07490948
       0.33018238       0.11852868       0.07074398
       0.34015200       0.11991093       0.06812760
       0.35087695       0.12259286       0.06728452
       0.36224737       0.12662358       0.06841455
       0.37412353       0.13201633       0.07167719
       0.38633772       0.13874272       0.07717556
       0.39869829       0.14672907       0.08494210
       0.41099573       0.15585554       0.09492766
       0.42301062       0.16595852       0.10699606
       0.43452282       0.17683642       0.12092512
       0.44532117       0.18825849       0.13641486
       0.45521299       0.19997602       0.15310230
       0.46403236       0.21173479       0.17058155
       0.47164657       0.22328765       0.18842700
       0.47796031       0.23440602       0.20621717
       0.48291722       0.24488928       0.22355673
       0.48649914       0.25457155       0.24009471
       0.48872318       0.26332540       0.25553757
       0.48963721       0.27106275       0.26965667
       0.48931438       0.27773329       0.28229026
       0.48784708       0.28332090       0.29334095
       0.48534110       0.28783894       0.30276956
       0.48191005       0.29132473       0.31058684
       0.47767061       0.29383402       0.31684392
       0.47273856       0.29543568       0.32162275
       0.46722562       0.29620695       0.32502702
       0.46123724       0.29622944       0.32717415
       0.45487106       0.29558581       0.32818856
       0.44821600       0.29435726       0.32819628
       0.44135191       0.29262168       0.32732081
       0.43434956       0.29045238       0.32568022
       0.42727097       0.28791729       0.32338511
       0.42016989       0.28507855       0.32053746
       0.41309240       0.28199239       0.31723010
       0.40607763       0.27870923       0.31354653
       0.39915843       0.27527394       0.30956121
       0.39236205       0.27172610       0.30534000
       0.38571083       0.26810048       0.30094070
       0.37922277       0.26442737       0.29641376
       0.37291213       0.26073304       0.29180295
       0.36678990       0.25704012       0.28714598
       0.36086426       0.25336799       0.28247522
       0.35514099       0.24973313       0.27781828
       0.34962382       0.24614944       0.27319852
       0.34431472       0.24262854       0.26863563
       0.33921416       0.23918003       0.26414602
       0.33432139       0.23581174       0.25974327
       0.32963456       0.23252991       0.25543845
       0.32515098       0.22933942       0.25124046
       0.32086720       0.22624393       0.24715630
       0.31677916       0.22324603       0.24319131
       0.31288231       0.22034738       0.23934938
       0.30917170       0.21754879       0.23563315
       0.30564206       0.21485039       0.23204416
       0.30228785       0.21225165       0.22858299
       0.29910335       0.20975150       0.22524939
       0.29608269       0.20734840       0.22204239
       0.29321993       0.20504037       0.21896040
       0.29050905       0.20282508       0.21600127
       0.28794402       0.20069991       0.21316240
       0.28551881       0.19866193       0.21044076
       0.28322743       0.19670803       0.20783300
       0.28106396       0.19483488       0.20533545
       0.27902253       0.19303901       0.20294420
       0.27709740       0.19131683       0.20065512
       0.27528292       0.18966464       0.19846393
       0.27357357       0.18807867       0.19636616
       0.27196399       0.18655509       0.19435727
       0.27044895       0.18509007       0.19243260
       0.26902340       0.18367974       0.19058744
       0.26768246       0.18232027       0.18881705
       0.26642145       0.18100783       0.18711665
       0.26523586       0.17973866       0.18548145
       0.26412142       0.17850904       0.18390670
       0.26307405       0.17731535       0.18238767
       0.26208990       0.17615405       0.18091967
       0.26116537       0.17502170       0.17949808
       0.26029708       0.17391500       0.17811836
       0.25948191       0.17283079       0.17677607
       0.25871700       0.17176605       0.17546687
       0.25799976       0.17071793       0.17418655
       0.25732788       0.16968378       0.17293104
       0.25669934       0.16866115       0.17169644
       0.25611241       0.16764780       0.17047900
       0.25556566       0.16664172       0.16927520
       0.25505797       0.16564119       0.16808171
       0.25458855       0.16464473       0.16689547
       0.25415693       0.16365116       0.16571364
       0.25376297       0.16265964       0.16453370
       0.25340688       0.16166964       0.16335345
       0.25308919       0.16068099       0.16217099
       0.25281078       0.15969391       0.16098485
       0.25257287       0.15870901       0.15979394
       0.25237703       0.15772733       0.15859761
       0.25222514       0.15675033       0.15739571
       0.25211942       0.15577997       0.15618858
       0.25206239       0.15481865       0.15497715
       0.25205687       0.15386928       0.15376292
       0.25210594       0.15293530       0.15254804
       0.25221292       0.15202062       0.15133533
       0.25238134       0.15112971       0.15012831
       0.25261488       0.15026753       0.14893125
       0.25291737       0.14943956       0.14774918
       0.25329265       0.14865178       0.14658790
       0.25374461       0.14791062       0.14545403
       0.25427704       0.14722294       0.14435496
       0.25489360       0.14659600       0.14329887
       0.25559771       0.14603736       0.14229467
       0.25639248       0.14555485       0.14135199
       0.25728062       0.14515647       0.14048107
       0.25826434       0.14485027       0.13969270
       0.25934525       0.14464427       0.13899811
       0.26052429       0.14454632       0.13840878
       0.26180160       0.14456397       0.13793635
       0.26317650       0.14470435       0.13759240
       0.26464735       0.14497398       0.13738822
       0.26621155       0.14537865       0.13733463
       0.26786547       0.14592326       0.13744172
       0.26960444       0.14661170       0.13771857
       0.27142276       0.14744670       0.13817307
       0.27331369       0.14842969       0.13881161
       0.27526957       0.14956076       0.13963887
       0.27728183       0.15083857       0.14065765
       0.27934115       0.15226028       0.14186865
       0.28143757       0.15382160       0.14327036
       0.28356064       0.15551677       0.14485900
       0.28569963       0.15733868       0.14662847
       0.28784370       0.15927892       0.14857041
       0.28998208       0.16132797       0.15067430
       0.29210434       0.16347532       0.15292762
       0.29420052       0.16570973       0.15531608
       0.29626139       0.16801940       0.15782389
       0.29827860       0.17039222       0.16043411
       0.30024483       0.17281599       0.16312895
       0.30215395       0.17527870       0.16589023
       0.30400113       0.17776871       0.16869967
       0.30578288       0.18027500       0.17153935
       0.30749709       0.18278730       0.17439201
       0.30914308       0.18529634       0.17724141
       0.31072151       0.18779387       0.18007263
       0.31223437       0.19027285       0.18287227
       0.31368485       0.19272742       0.18562868
       0.31507725       0.19515298       0.18833207
       0.31641683       0.19754617       0.19097457
       0.31770970       0.19990481       0.19355028
       0.31896259       0.20222782       0.19605523
       0.32018278       0.20451517       0.19848727
       0.32137785       0.20676772       0.20084598
       0.32255557       0.20898713       0.20313251
       0.32372376       0.21117570       0.20534939
       0.32489010       0.21333627       0.20750034
       0.32606204       0.21547204       0.20959008
       0.32724667       0.21758646       0.21162407
       0.32845064       0.21968312       0.21360835
       0.32968005       0.22176559       0.21554934
       0.33094044       0.22383734       0.21745360
       0.33223667       0.22590167       0.21932772
       0.33357296       0.22796157       0.22117811
       0.33495282       0.23001974       0.22301092
       0.33637908       0.23207845       0.22483189
       0.33785387       0.23413958       0.22664628
       0.33937866       0.23620454       0.22845878
       0.34095429       0.23827431       0.23027348
       0.34258098       0.24034939       0.23209386
       0.34425837       0.24242984       0.23392273
       0.34598558       0.24451528       0.23576226
       0.34776123       0.24660492       0.23761403
       0.34958351       0.24869760       0.23947901
       0.35145017       0.25079178       0.24135760
       0.35335862       0.25288561       0.24324971
       0.35530592       0.25497696       0.24515478
       0.35728882       0.25706341       0.24707186
       0.35930382       0.25914233       0.24899961
       0.36134715       0.26121086       0.25093638
       0.36341481       0.26326598       0.25288027
       0.36550258       0.26530446       0.25482912
       0.36760605       0.26732295       0.25678059
       0.36972058       0.26931793       0.25873215
       0.37184135       0.27128572       0.26068113
       0.37396334       0.27322251       0.26262471
       0.37608132       0.27512430       0.26455989
       0.37818987       0.27698694       0.26648356
       0.38028336       0.27880606       0.26839240
       0.38235592       0.28057710       0.27028291
       0.38440151       0.28229525       0.27215136
       0.38641384       0.28395543       0.27399375
       0.38838642       0.28555227       0.27580576
       0.39031255       0.28708007       0.27758272
       0.39218533       0.28853279       0.27931952
       0.39399769       0.28990397       0.28101061
       0.39574238       0.29118677       0.28264987
       0.39741202       0.29237390       0.28423060
       0.39899913       0.29345760       0.28574543
       0.40049619       0.29442962       0.28718628
       0.40189566       0.29528122       0.28854426
       0.40319006       0.29600314       0.28980965
       0.40437205       0.29658562       0.29097183
       0.40543450       0.29701838       0.29201919
       0.40637061       0.29729063       0.29293914
       0.40717397       0.29739112       0.29371802
       0.40783875       0.29730818       0.29434107
       0.40835978       0.29702971       0.29479242
       0.40873274       0.29654331       0.29505503
       0.40895432       0.29583634       0.29511074
       0.40902245       0.29489602       0.29494020
       0.40893643       0.29370958       0.29452296
       0.40869726       0.29226441       0.29383750
       0.40830784       0.29054827       0.29286128
       0.40777327       0.28854951       0.29157092
       0.40710119       0.28625741       0.28994229
       0.40630206       0.28366247       0.28795084
       0.40538954       0.28075690       0.28557181
       0.40438089       0.27753504       0.28278072
       0.40329733       0.27399400       0.27955385
       0.40216444       0.27013432       0.27586896
       0.40101254       0.26596072       0.27170613
       0.39987708       0.26148305       0.26704886
       0.39879890       0.25671724       0.26188542
       0.39782448       0.25168643       0.25621044
       0.39700603       0.24642216       0.25002693
       0.39640138       0.24096561       0.24334849
       0.39607367       0.23536884       0.23620201
       0.39609071       0.22969600       0.22863059
       0.39652391       0.22402426       0.22069673
       0.39744679       0.21844459       0.21248557
       0.39893287       0.21306189       0.20410801
       0.40105308       0.20799452       0.19570336
       0.40387235       0.20337293       0.18744112
       0.40744576       0.19933712       0.17952128
       0.41181410       0.19603278       0.17217262
       0.41699914       0.19360607       0.16564835
       0.42299885       0.19219685       0.16021858
       0.42978307       0.19193074       0.15615928
       0.43728999       0.19291028       0.15373778
       0.44542404       0.19520591       0.15319533
       0.45405578       0.19884750       0.15472791
       0.46302398       0.20381756       0.15846706
       0.47214041       0.21004699       0.16446281
       0.48119696       0.21741439       0.17267123
       0.48997500       0.22574926       0.18294871
       0.49825598       0.23483930       0.19505439
       0.50583267       0.24444128       0.20866124
       0.51251973       0.25429445       0.22337489
       0.51816271       0.26413520       0.23875835
       0.52264475       0.27371143       0.25435967
       0.52589040       0.28279523       0.26973956
       0.52786643       0.29119283       0.28449592
       0.52857990       0.29875111       0.29828306
       0.52807400       0.30536054       0.31082450
       0.52642220       0.31095488       0.32191882
       0.52372161       0.31550811       0.33143946
       0.52008597       0.31902942       0.33932933
       0.51563910       0.32155711       0.34559209
       0.51050890       0.32315197       0.35028126
       0.50482244       0.32389085       0.35348875
       0.49870194       0.32386077       0.35533370
       0.49226196       0.32315386       0.35595243
       0.48560735       0.32186315       0.35548982
       0.47883213       0.32007944       0.35409241
       0.47201905       0.31788885       0.35190312
       0.46523956       0.31537125       0.34905735
       0.45855426       0.31259929       0.34568052
       0.45201357       0.30963793       0.34188655
       0.44565853       0.30654433       0.33777715
       0.43952174       0.30336804       0.33344181
       0.43362825       0.30015139       0.32895811
       0.42799653       0.29692999       0.32439244
       0.42263931       0.29373327       0.31980078
       0.41756441       0.29058506       0.31522964
       0.41277545       0.28750424       0.31071706
       0.40827255       0.28450525       0.30629345
       0.40405292       0.28159862       0.30198258
       0.40011136       0.27879151       0.29780235
       0.39644077       0.27608814       0.29376555
       0.39303248       0.27349018       0.28988059
       0.38987667       0.27099713       0.28615207
       0.38696264       0.26860667       0.28258134
       0.38427908       0.26631489       0.27916697
       0.38181429       0.26411663       0.27590519
       0.37955638       0.26200564       0.27279026
       0.37749345       0.25997483       0.26981475
       0.37561373       0.25801643       0.26696989
       0.37390572       0.25612217       0.26424578
       0.37235830       0.25428342       0.26163160
       0.37096084       0.25249130       0.25911583
       0.36970328       0.25073688       0.25668643
       0.36857621       0.24901121       0.25433096
       0.36757099       0.24730549       0.25203675
       0.36667975       0.24561116       0.24979104
       0.36589552       0.24392000       0.24758108
       0.36521226       0.24222425       0.24539427
       0.36462491       0.24051669       0.24321830
       0.36412950       0.23879079       0.24104124
       0.36372311       0.23704080       0.23885168
       0.36340401       0.23526185       0.23663892
       0.36317167       0.23345013       0.23439304
       0.36302676       0.23160299       0.23210515
       0.36297125       0.22971908       0.22976753
       0.36300837       0.22779852       0.22737385
       0.36314265       0.22584304       0.22491942
       0.36337989       0.22385617       0.22240143
       0.36372716       0.22184335       0.21981923
       0.36419268       0.21981213       0.21717467
       0.36478578       0.21777234       0.21447238
       0.36551676       0.21573615       0.21172017
       0.36639667       0.21371826       0.20892934
       0.36743716       0.21173594       0.20611504
       0.36865011       0.20980903       0.20329661
       0.37004734       0.20795994       0.20049781
       0.37164017       0.20621351       0.19774708
       0.37343896       0.20459679       0.19507763
       0.37545255       0.20313872       0.19252740
       0.37768767       0.20186966       0.19013885
       0.38014832       0.20082084       0.18795857
       0.38283506       0.20002355       0.18603656
       0.38574442       0.19950836       0.18442536
       0.38886817       0.19930405       0.18317872
       0.39219288       0.19943654       0.18235012
       0.39569935       0.19992774       0.18199094
       0.39936238       0.20079433       0.18214841
       0.40315064       0.20204665       0.18286341
       0.40702678       0.20368766       0.18416823
       0.41094781       0.20571211       0.18608443
       0.41486575       0.20810596       0.18862087
       0.41872854       0.21084610       0.19177216
       0.42248117       0.21390048       0.19551766
       0.42606708       0.21722862       0.19982105
       0.42942962       0.22078247       0.20463072
       0.43251368       0.22450772       0.20988081
       0.43526722       0.22834536       0.21549303
       0.43764278       0.23223342       0.22137912
       0.43959880       0.23610892       0.22744376
       0.44110066       0.23990981       0.23358783
       0.44212153       0.24357672       0.23971170
       0.44264281       0.24705467       0.24571852
       0.44265432       0.25029441       0.25151715
       0.44215412       0.25325346       0.25702469
       0.44114812       0.25589681       0.26216845
       0.43964940       0.25819731       0.26688733
       0.43767741       0.26013565       0.27113260
       0.43525698       0.26170015       0.27486809
       0.43241734       0.26288623       0.27806988
       0.42919106       0.26369577       0.28072560
       0.42561310       0.26413631       0.28283336
       0.42171984       0.26422019       0.28440051
       0.41754826       0.26396365       0.28544225
       0.41313519       0.26338601       0.28598026
       0.40851671       0.26250886       0.28604124
       0.40372764       0.26135528       0.28565567
       0.39880115       0.25994925       0.28485659
       0.39376845       0.25831504       0.28367857
       0.38865861       0.25647677       0.28215680
       0.38349845       0.25445801       0.28032635
       0.37831246       0.25228150       0.27822156
       0.37312282       0.24996890       0.27587558
       0.36794944       0.24754068       0.27332000
       0.36281005       0.24501594       0.27058461
       0.35772031       0.24241243       0.26769725
       0.35269390       0.23974647       0.26468371
       0.34774269       0.23703297       0.26156769
       0.34287685       0.23428551       0.25837085
       0.33810501       0.23151632       0.25511282
       0.33343437       0.22873639       0.25181132
       0.32887089       0.22595550       0.24848220
       0.32441932       0.22318234       0.24513963
       0.32008342       0.22042457       0.24179612
       0.31586600       0.21768887       0.23846273
       0.31176908       0.21498106       0.23514910
       0.30779391       0.21230613       0.23186365
       0.30394116       0.20966837       0.22861362
       0.30021088       0.20707136       0.22540520
       0.29660269       0.20451810       0.22224366
       0.29311576       0.20201104       0.21913338
       0.28974890       0.19955214       0.21607800
       0.28650062       0.19714291       0.21308045
       0.28336916       0.19478448       0.21014305
       0.28035254       0.19247763       0.20726757
       0.27744862       0.19022281       0.20445529
       0.27465509       0.18802022       0.20170706
       0.27196953       0.18586982       0.19902333
       0.26938944       0.18377135       0.19640423
       0.26691225       0.18172438       0.19384960
       0.26453534       0.17972833       0.19135901
       0.26225609       0.17778248       0.18893180
       0.26007185       0.17588601       0.18656713
       0.25798000       0.17403801       0.18426401
       0.25597794       0.17223752       0.18202129
       0.25406311       0.17048351       0.17983773
       0.25223299       0.16877494       0.17771199
       0.25048515       0.16711072       0.17564267
       0.24881721       0.16548979       0.17362831
       0.24722688       0.16391110       0.17166742
       0.24571194       0.16237360       0.16975852
       0.24427029       0.16087631       0.16790010
       0.24289993       0.15941828       0.16609070
       0.24159896       0.15799862       0.16432886
       0.24036560       0.15661653       0.16261318
       0.23919818       0.15527127       0.16094234
       0.23809517       0.15396220       0.15931506
       0.23705517       0.15268878       0.15773016
       0.23607687       0.15145060       0.15618657
       0.23515915       0.15024733       0.15468331
       0.23430098       0.14907879       0.15321952
       0.23350147       0.14794494       0.15179448
       0.23275989       0.14684585       0.15040763
       0.23207560       0.14578176       0.14905852
       0.23144814       0.14475305       0.14774690
       0.23087714       0.14376026       0.14647268
       0.23036235       0.14280407       0.14523594
       0.22990368       0.14188533       0.14403694
       0.22950111       0.14100505       0.14287617
       0.22915473       0.14016439       0.14175426
       0.22886476       0.13936467       0.14067208
       0.22863147       0.13860736       0.13963070
       0.22845522       0.13789408       0.13863136
       0.22833644       0.13722658       0.13767554
       0.22827561       0.13660675       0.13676488
