0.046098842152201
0.01422692454032586
-0.0194049238611117
-0.05476195161823227
-0.09180332373137384
-0.13048082255252552
-0.17073730390500647
-0.21250491884942874
-0.25570311759266379
-0.30023645893122808
-0.34599225645857373
-0.39283810162165084
-0.44061931361803564
-0.4891563770529474
-0.53824244011732825
-0.58764095859347365
-0.63708358390854403
-0.68626840625787522
-0.73485867586456255
-0.78248213590865678
-0.82873110855001353
-0.87316347961898999
-0.9153047266590848
-0.95465112769349836
-0.9906742729692759
-1.02282697772979492
-1.05055065974192519
-1.07328420022275406
-1.09047425091289596
-1.10158688402249139
-1.10612040723690908
-1.10361908554627464
-1.09368742906999739
-1.07600462603284619
-1.0503386282335303
-1.01655933892820771
-0.97465031637674016
-0.92471839631921093
-0.86700065829261586
-0.80186821722172663
-0.72982641411803428
-0.65151110626637998
-0.56768091327458547
-0.47920545318917945
-0.38704979236667303
-0.29225552189453863
-0.19591904913627489
-0.09916784273392852
-0.003135481895478132
0.09106357264642742
0.1823585531980082
0.26974540929582686
0.35230747193071132
0.42923307712219289
0.49982962979609069
0.56353377126438453
0.61991750371672583
0.66869031031940429
0.70969747843838726
0.7429149770182073
0.76844135087536658
0.78648717120545553
0.79736262245940903
0.80146381297449165
0.79925837443562275
0.79127086887729581
0.77806845775106059
0.7602472119651531
0.73841936078802473
0.71320169640756115
0.68520527409844067
0.65502647863885977
0.62323946802029018
0.59038995679356909
0.55699026390980943
0.52351552326641915
0.49040093845824173
0.45803995521332202
0.42678322421619619
0.396938231972227
0.36876948655599318
0.34249915712779755
0.31830807975699882
0.29633705629854379
0.27668838695873871
0.25942759007624155
0.24458527403385849
0.23215913577247416
0.22211606791690669
0.21439436199277201
0.2089059986738015
0.20553901760383248
0.20415995931423186
0.20461637038879993
0.20673936063471715
0.21034619794045245
0.21524292308381338
0.22122696332729153
0.22808972050895299
0.23561910677185061
0.24360199929082643
0.25182658451368695
0.26008456263426172
0.26817318429577336
0.27589709386198591
0.2830699569131212
0.28951585379808753
0.29507042594047922
0.2995817669623354
0.30291105635069215
0.30493293913786124
0.30553566069496885
0.30462097106454084
0.3021038181218656
0.29791185312727564
0.29198477581734245
0.28427354902262214
0.27473951486771414
0.26335344591227206
0.25009456516266104
0.23494956877843312
0.21791168458654567
0.1989797982793986
0.17815767749332895
0.1554533219221137
0.13087846528674557
0.10444825241662065
0.07618111193973486