-0.017513356
-0.02854279599999999
-0.039513905
-0.05132084299999999
-0.064834998
-0.08088232299999999
-0.10022084
-0.12351846
-0.15133096
-0.18408016
-0.22203173
-0.26527253
-0.31368714
-0.36693372
-0.4244196299999999
-0.48527815
-0.5483482300000001
-0.61216059
-0.67493407
-0.73458749
-0.7887726
-0.83493373
-0.8703985499999999
-0.89250244
-0.89874507
-0.88697313
-0.8555773000000001
-0.80368612
-0.73133444
-0.63958243
-0.53056244
-0.4074369199999999
-0.2742606599999999
-0.1357531999999999
0.002999461199999999
0.13688339
0.26109862
0.37146709
0.46467469
0.53842635
0.5915060699999999
0.62374674
0.635925
0.62960319
0.60694228
0.57050818
0.5230895199999999
0.46753912
0.40664567
0.34303704
0.2791127999999999
0.21700113
0.15853434
0.1052373999999999
0.058324154
0.01869798199999999
-0.013045685
-0.036615604
-0.052019424
-0.05955557599999999
-0.05980063699999999
-0.053590387
-0.04199315999999999
-0.02627476
-0.007855098899999999
0.011742294
0.030945891
0.04819425
0.06199361599999999
0.070972136
0.07392828399999999
0.069871819
0.058056555
0.038005178
0.009527159899999998
-0.027268599
-0.071964605
-0.12382752
-0.18180197
-0.24450564
-0.31022726
-0.37693069
-0.44226986
-0.50362041
-0.55813464
-0.60282589
-0.63468667
-0.6508418
-0.64873262
-0.62632253
-0.58230736
-0.51630803
-0.42901964
-0.32229061
-0.1991106599999999
-0.06349552299999999
0.07973011299999999
0.2252351
0.36753986
0.5013906
0.6221078900000001
0.7258716299999999
0.80991529
0.87261619
0.9134836
0.93305916
0.93275252
0.91463896
0.8812448299999999
0.83534235
0.77976935
0.7172828799999999
0.65044984
0.5815732599999999
0.51264973
0.44535193
0.38102995
0.32072512
0.26519164
0.21492166
0.17017146
0.13098677
0.09722654199999999
0.068585113
0.044612828
0.024735863
0.008275688000000001
-0.0055312616