0.92573816
0.96679571
0.98131304
0.9718621499999999
0.9417476600000001
0.89468702
0.8345251899999999
0.7650012099999999
0.68957398
0.61130563
0.53279576
0.45615672
0.38301946
0.31456015
0.25153948
0.19434834
0.14305564
0.09745545200000001
0.057112074
0.02140241399999999
-0.010444291
-0.039309205
-0.06614867399999999
-0.09196079
-0.11775346
-0.1445138199999999
-0.17317886
-0.20460715
-0.23955132
-0.2786311899999999
-0.32230696
-0.3708522599999999
-0.4243265
-0.48254669
-0.54505891
-0.61111058
-0.67962548
-0.74918461
-0.8180171100000001
-0.88400685
-0.9447208099999999
-0.9974657799999999
-1.039379099999999
-1.0675569
-1.0792198
-1.0719103
-1.0437103
-0.9934603100000001
-0.92095524
-0.82709063
-0.71393138
-0.58468305
-0.443555
-0.29551972
-0.14598784
-0.00043180018
0.1359999299999999
0.25883478
0.36455636
0.45078693
0.5163610499999999
0.56129441
0.58666439
0.5944266800000001
0.58719518
0.56801063
0.5401186
0.50677141
0.47106196
0.43579252
0.40337761
0.37577797
0.35446202
0.34039099
0.33402482
0.33534647
0.34390258
0.3588587
0.37906673
0.40314173
0.42954437
0.45666483
0.48290334
0.50674289
0.52680994
0.5419202699999999
0.55110807
0.55363808
0.54900192
0.53690088
0.51721852
0.48998672
0.45534916
0.41352591
0.36478248
0.3094060499999999
0.24769115
0.17993618
0.10645183
0.02758164299999999
-0.056265454
-0.14457156
-0.23665682
-0.3316197499999999
-0.42827461
-0.52509132
-0.62014487
-0.7110830599999999
-0.79512294
-0.86908685
-0.92948903
-0.97268069
-0.9950571200000001
-0.9933223099999999
-0.96479667
-0.9077418400000001
-0.82166601
-0.7075659500000001
-0.56806093
-0.40738193
-0.2311954699999999
-0.04626589499999999
0.1400143799999999
0.32017342
0.4872194
0.63514177
0.7592948299999999
0.85662618