   3.5009999999999999   0.2324775133565858
   3.5109999999999997   0.2320466222468373
   3.5209999999999995   0.2316195406649592
   3.5309999999999993   0.2311957026041948
   3.5409999999999990   0.2307745467785081
   3.5509999999999988   0.2303555370500917
   3.5609999999999986   0.2299381647599428
   3.5709999999999984   0.2295219506855961
   3.5809999999999982   0.2291064466345712
   3.5909999999999980   0.2286912366852901
   3.6009999999999978   0.2282759380912262
   3.6109999999999975   0.2278602018664417
   3.6209999999999973   0.2274437130727336
   3.6309999999999971   0.2270261908307187
   3.6409999999999969   0.2266073880771347
   3.6509999999999967   0.2261870910923929
   3.6609999999999965   0.2257651188213931
   3.6709999999999963   0.2253413220116600
   3.6809999999999961   0.2249155821904499
   3.6909999999999958   0.2244878105034383
   3.7009999999999956   0.2240579464357412
   3.7109999999999954   0.2236259564343497
   3.7209999999999952   0.2231918324513076
   3.7309999999999950   0.2227555904234180
   3.7409999999999948   0.2223172687052909
   3.7509999999999946   0.2218769264692942
   3.7609999999999943   0.2214346420855914
   3.7709999999999941   0.2209905114939667
   3.7809999999999939   0.2205446465777887
   3.7909999999999937   0.2200971735493839
   3.8009999999999935   0.2196482313552846
   3.8109999999999933   0.2191979701079318
   3.8209999999999931   0.2187465495511724
   3.8309999999999929   0.2182941375641099
   3.8409999999999926   0.2178409087085789
   3.8509999999999924   0.2173870428241681
   3.8609999999999922   0.2169327236749689
   3.8709999999999920   0.2164781376498054
   3.8809999999999918   0.2160162552795508
   3.8909999999999916   0.2155617135538453
   3.9009999999999914   0.2151074897491932
   3.9109999999999912   0.2146537458956137
   3.9209999999999909   0.2142006643269655
   3.9309999999999907   0.2137484233285677
   3.9409999999999905   0.2132971964079874
   3.9509999999999903   0.2128471514973027
   3.9609999999999901   0.2123984502219872
   3.9709999999999899   0.2119512472367363
   3.9809999999999897   0.2115056896296005
   3.9909999999999894   0.2110619163930309
