-0.024958406
-0.03422804399999999
-0.047351216
-0.06496158
-0.087572676
-0.11556035
-0.14914582
-0.18837872
-0.23311982
-0.2830229599999999
-0.33751638
-0.39578421
-0.45674955
-0.51906159
-0.5810902399999999
-0.64093255
-0.69643594
-0.74524337
-0.7848650400000001
-0.81277965
-0.82656548
-0.8240575
-0.8035223
-0.76383706
-0.70465437
-0.6265318899999999
-0.5310056399999999
-0.42058915
-0.2986880499999999
-0.1694298
-0.03742028299999999
0.09255033799999999
0.21582188
0.3281646
0.42603448
0.50675878
0.5686383499999999
0.61096477
0.63396085
0.63866134
0.62675438
0.60040489
0.56207872
0.5143816099999999
0.45992226
0.4012036
0.34054255
0.28001521
0.22142342
0.16627736
0.11578956
0.07087625
0.032163189
-5.839801199999999e-6
-0.02555854
-0.04468146599999999
-0.057804501
-0.06558145399999999
-0.068865806
-0.06868094000000001
-0.066184643
-0.062628264
-0.05931145199999999
-0.057533864
-0.058545514
-0.06349751099999999
-0.073394759
-0.08905188099999999
-0.11105318
-0.13971706
-0.17506488
-0.21679437
-0.2642576
-0.31644432
-0.37197221
-0.42908666
-0.48567403
-0.5392933
-0.58723164
-0.62658915
-0.65439691
-0.66776919
-0.6640866
-0.64120129
-0.59764872
-0.53284505
-0.44724494
-0.34243401
-0.22113415
-0.087108153
0.055036915
0.20013424
0.34280215
0.47781215
0.600439
0.70675459
0.7938368
0.8598777699999999
0.9041908599999999
0.92712822
0.9299303399999999
0.9145333900000001
0.88336012
0.8391162599999999
0.7846090000000001
0.72259756
0.65567975
0.58621403
0.5162731299999999
0.4476232099999999
0.38172244
0.31973263
0.2625387
0.21077176
0.1648329
0.12491573
0.091026855
0.063004164
0.040533224
0.02316261799999999
0.010318977
0.001322530599999999
-0.0045961982
-0.008278155399999999
-0.010615877
-0.012532124
-0.014957434
-0.01880713