-0.018831422
-0.02199695
-0.024441455
-0.02691718799999999
-0.03016977799999999
-0.034923175
-0.04186522
-0.051634206
-0.06480664099999999
-0.081886286
-0.1032943299999999
-0.12936036
-0.1603137
-0.19627448
-0.23724385
-0.28309284
-0.33354939
-0.3881836499999999
-0.4463917699999999
-0.5073792
-0.57014507
-0.63347001
-0.6959103899999999
-0.75580286
-0.8112832199999999
-0.8603237599999999
-0.9007927799999999
-0.9305382500000001
-0.9474958300000001
-0.9498179500000001
-0.93601721
-0.9051131
-0.85676794
-0.79139518
-0.71022346
-0.61530208
-0.5094387599999999
-0.39606856
-0.27906138
-0.16248439
-0.05034257799999999
0.05367640099999999
0.1464269199999999
0.2254786
0.2892242099999999
0.33691738
0.368644
0.3852377499999999
0.38815505
0.37932555
0.3609938699999999
0.33556545
0.30546573
0.2730184299999999
0.24034562
0.20928993
0.18135778
0.157682
0.1390022499999999
0.12566146
0.1176174099999999
0.11446819
0.1154906599999999
0.11969036
0.12586117
0.13265229
0.13863954
0.14239784
0.14257169
0.13794055
0.1274769899999999
0.11039601
0.086194907
0.05468406299999999
0.016009233
-0.029333444
-0.080488976
-0.13624135
-0.19501844
-0.25490604
-0.31367433
-0.36882103
-0.41763627
-0.45729338
-0.48496876
-0.49799061
-0.49401223
-0.47120041
-0.4284235899999999
-0.36541997
-0.28292272
-0.18272037
-0.067634519
0.058593865
0.19150691
0.32620556
0.45767166
0.5811019899999999
0.6922178599999999
0.78751789
0.86445056
0.9214954699999999
0.9581546899999999
0.97486664
0.9728621699999999
0.9539860900000001
0.9205066300000001
0.8749319099999999
0.8198475699999999
0.7577839100000001
0.69111579
0.62199455
0.5523083599999999
0.48366566
0.41739612
0.35456353
0.2959858
0.24225838
0.1937781299999999
0.15076587
0.11328672
0.081267663
0.054512707
0.03271602199999999
0.015473733
0.0022950818
-0.007386408399999999
-0.014201242