       0.32076782       0.21015092       0.22209111
       0.31836792       0.20940820       0.22145556
       0.31595133       0.20859569       0.22070318
       0.31352716       0.20772085       0.21984457
       0.31110387       0.20679094       0.21889022
       0.30868926       0.20581297       0.21785039
       0.30629049       0.20479366       0.21673502
       0.30391409       0.20373936       0.21555372
       0.30156593       0.20265611       0.21431563
       0.29925126       0.20154951       0.21302948
       0.29697473       0.20042483       0.21170346
       0.29474041       0.19928690       0.21034527
       0.29255181       0.19814015       0.20896207
       0.29041192       0.19698862       0.20756051
       0.28832318       0.19583596       0.20614667
       0.28628761       0.19468541       0.20472613
       0.28430675       0.19353986       0.20330395
       0.28238171       0.19240180       0.20188467
       0.28051322       0.19127339       0.20047235
       0.27870164       0.19015645       0.19907058
       0.27694699       0.18905246       0.19768247
       0.27524897       0.18796260       0.19631071
       0.27360700       0.18688775       0.19495757
       0.27202023       0.18582853       0.19362492
       0.27048757       0.18478527       0.19231426
       0.26900771       0.18375808       0.19102670
       0.26757914       0.18274682       0.18976305
       0.26620020       0.18175115       0.18852379
       0.26486904       0.18077053       0.18730907
       0.26358370       0.17980423       0.18611881
       0.26234210       0.17885135       0.18495262
       0.26114207       0.17791085       0.18380989
       0.25998135       0.17698153       0.18268977
       0.25885763       0.17606210       0.18159121
       0.25776857       0.17515112       0.18051294
       0.25671177       0.17424708       0.17945353
       0.25568485       0.17334839       0.17841140
       0.25468545       0.17245339       0.17738477
       0.25371120       0.17156035       0.17637178
       0.25275980       0.17066754       0.17537043
       0.25182899       0.16977316       0.17437859
       0.25091660       0.16887543       0.17339409
       0.25002055       0.16797257       0.17241465
       0.24913883       0.16706283       0.17143793
       0.24826961       0.16614447       0.17046156
       0.24741115       0.16521582       0.16948313
       0.24656189       0.16427527       0.16850022
       0.24572044       0.16332130       0.16751042
       0.24488558       0.16235247       0.16651131
       0.24405631       0.16136750       0.16550053
       0.24323185       0.16036519       0.16447578
       0.24241164       0.15934453       0.16343481
       0.24159538       0.15830468       0.16237548
       0.24078305       0.15724498       0.16129575
       0.23997491       0.15616499       0.16019373
       0.23917149       0.15506451       0.15906769
       0.23837368       0.15394360       0.15791607
       0.23758266       0.15280258       0.15673754
       0.23679996       0.15164209       0.15553100
       0.23602748       0.15046309       0.15429562
       0.23526746       0.14926690       0.15303088
       0.23452253       0.14805519       0.15173658
       0.23379567       0.14683004       0.15041290
       0.23309028       0.14559396       0.14906043
       0.23241011       0.14434990       0.14768018
       0.23175932       0.14310125       0.14627366
       0.23114243       0.14185192       0.14484290
       0.23056435       0.14060629       0.14339047
       0.23003030       0.13936928       0.14191955
       0.22954590       0.13814633       0.14043395
       0.22911703       0.13694341       0.13893815
       0.22874988       0.13576703       0.13743731
       0.22845088       0.13462424       0.13593735
       0.22822668       0.13352260       0.13444491
       0.22808406       0.13247021       0.13296741
       0.22802995       0.13147562       0.13151304
       0.22807128       0.13054785       0.13009076
       0.22821497       0.12969631       0.12871029
       0.22846785       0.12893077       0.12738207
       0.22883657       0.12826129       0.12611724
       0.22932752       0.12769813       0.12492757
       0.22994675       0.12725170       0.12382538
       0.23069987       0.12693239       0.12282346
       0.23159200       0.12675058       0.12193496
       0.23262762       0.12671640       0.12117327
       0.23381054       0.12683969       0.12055183
       0.23514383       0.12712987       0.12008405
       0.23662969       0.12759576       0.11978306
       0.23826946       0.12824550       0.11966157
       0.24006354       0.12908641       0.11973166
       0.24201135       0.13012488       0.12000460
       0.24411135       0.13136621       0.12049067
       0.24636099       0.13281460       0.12119894
       0.24875676       0.13447299       0.12213714
       0.25129421       0.13634303       0.12331151
       0.25396800       0.13842505       0.12472666
       0.25677197       0.14071800       0.12638546
       0.25969922       0.14321947       0.12828902
       0.26274219       0.14592574       0.13043663
       0.26589277       0.14883178       0.13282578
       0.26914240       0.15193133       0.13545217
       0.27248218       0.15521699       0.13830983
       0.27590299       0.15868033       0.14139117
       0.27939557       0.16231194       0.14468715
       0.28295067       0.16610163       0.14818738
       0.28655910       0.17003846       0.15188030
       0.29021185       0.17411094       0.15575337
       0.29390016       0.17830711       0.15979317
       0.29761560       0.18261466       0.16398562
       0.30135011       0.18702105       0.16831609
       0.30509608       0.19151361       0.17276959
       0.30884639       0.19607964       0.17733084
       0.31259447       0.20070649       0.18198445
       0.31633428       0.20538169       0.18671498
       0.32006044       0.21009295       0.19150706
       0.32376815       0.21482833       0.19634546
       0.32745333       0.21957625       0.20121518
       0.33111256       0.22432559       0.20610154
       0.33474318       0.22906575       0.21099023
       0.33834326       0.23378673       0.21586743
       0.34191165       0.23847918       0.22071986
       0.34544800       0.24313452       0.22553490
       0.34895278       0.24774493       0.23030063
       0.35242727       0.25230347       0.23500601
       0.35587359       0.25680411       0.23964090
       0.35929465       0.26124179       0.24419618
       0.36269419       0.26561246       0.24866386
       0.36607670       0.26991311       0.25303715
       0.36944741       0.27414176       0.25731054
       0.37281225       0.27829753       0.26147984
       0.37617774       0.28238058       0.26554227
       0.37955100       0.28639212       0.26949646
       0.38293958       0.29033436       0.27334248
       0.38635144       0.29421048       0.27708182
       0.38979482       0.29802456       0.28071740
       0.39327813       0.30178153       0.28425349
       0.39680987       0.30548706       0.28769568
       0.40039850       0.30914750       0.29105078
       0.40405232       0.31276975       0.29432675
       0.40777936       0.31636121       0.29753259
       0.41158730       0.31992961       0.30067822
       0.41548329       0.32348293       0.30377434
       0.41947391       0.32702928       0.30683230
       0.42356503       0.33057681       0.30986398
       0.42776172       0.33413352       0.31288160
       0.43206819       0.33770723       0.31589758
       0.43648767       0.34130542       0.31892441
       0.44102236       0.34493513       0.32197444
       0.44567336       0.34860288       0.32505977
       0.45044065       0.35231453       0.32819206
       0.45532303       0.35607523       0.33138241
       0.46031809       0.35988933       0.33464119
       0.46542222       0.36376030       0.33797791
       0.47063061       0.36769068       0.34140108
       0.47593725       0.37168201       0.34491813
       0.48133500       0.37573482       0.34853526
       0.48681558       0.37984859       0.35225735
       0.49236967       0.38402176       0.35608794
       0.49798699       0.38825169       0.36002910
       0.50365633       0.39253473       0.36408144
       0.50936568       0.39686619       0.36824410
       0.51510234       0.40124046       0.37251471
       0.52085298       0.40565097       0.37688944
       0.52660381       0.41009035       0.38136305
       0.53234066       0.41455045       0.38592894
       0.53804911       0.41902243       0.39057924
       0.54371460       0.42349686       0.39530490
       0.54932256       0.42796384       0.40009579
       0.55485852       0.43241306       0.40494085
       0.56030822       0.43683391       0.40982822
       0.56565767       0.44121561       0.41474534
       0.57089332       0.44554727       0.41967912
       0.57600207       0.44981802       0.42461608
       0.58097139       0.45401706       0.42954250
       0.58578937       0.45813377       0.43444451
       0.59044477       0.46215781       0.43930825
       0.59492707       0.46607911       0.44412000
       0.59922650       0.46988802       0.44886624
       0.60333408       0.47357528       0.45353381
       0.60724160       0.47713212       0.45810991
       0.61094168       0.48055027       0.46258228
       0.61442773       0.48382197       0.46693915
       0.61769394       0.48694001       0.47116937
       0.62073531       0.48989775       0.47526242
       0.62354759       0.49268906       0.47920843
       0.62612726       0.49530840       0.48299820
       0.62847152       0.49775074       0.48662322
       0.63057827       0.50001158       0.49007566
       0.63244604       0.50208695       0.49334836
       0.63407398       0.50397334       0.49643484
       0.63546183       0.50566771       0.49932926
       0.63660985       0.50716743       0.50202640
       0.63751882       0.50847029       0.50452163
       0.63818997       0.50957445       0.50681090
       0.63862496       0.51047839       0.50889068
       0.63882582       0.51118089       0.51075793
       0.63879494       0.51168097       0.51241006
       0.63853500       0.51197790       0.51384491
       0.63804896       0.51207111       0.51506066
       0.63734001       0.51196016       0.51605583
       0.63641151       0.51164473       0.51682919
       0.63526701       0.51112453       0.51737974
       0.63391019       0.51039928       0.51770664
       0.63234479       0.50946870       0.51780917
       0.63057467       0.50833239       0.51768665
       0.62860370       0.50698985       0.51733840
       0.62643579       0.50544041       0.51676369
       0.62407486       0.50368317       0.51596163
       0.62152481       0.50171701       0.51493115
       0.61878954       0.49954045       0.51367091
       0.61587289       0.49715171       0.51217924
       0.61277871       0.49454860       0.51045404
       0.60951083       0.49172846       0.50849272
       0.60607306       0.48868820       0.50629213
       0.60246926       0.48542418       0.50384844
       0.59870332       0.48193221       0.50115709
       0.59477924       0.47820749       0.49821265
       0.59070119       0.47424464       0.49500876
       0.58647355       0.47003760       0.49153802
       0.58210104       0.46557970       0.48779187
       0.57758880       0.46086360       0.48376051
       0.57294254       0.45588133       0.47943276
       0.56816870       0.45062434       0.47479601
       0.56327462       0.44508355       0.46983605
       0.55826880       0.43924944       0.46453707
       0.55316112       0.43311222       0.45888152
       0.54796319       0.42666197       0.45285013
       0.54268867       0.41988894       0.44642186
       0.53735366       0.41278382       0.43957401
       0.53197723       0.40533822       0.43228234
       0.52658184       0.39754515       0.42452130
       0.52119398       0.38939969       0.41626446
       0.51584476       0.38089983       0.40748505
       0.51057058       0.37204743       0.39815682
       0.50541379       0.36284946       0.38825513
       0.50042342       0.35331938       0.37775853
       0.49565580       0.34347880       0.36665065
       0.49117510       0.33335943       0.35492285
       0.48705371       0.32300516       0.34257738
       0.48337236       0.31247437       0.32963131
       0.48021981       0.30184237       0.31612130
       0.47769206       0.29120375       0.30210902
       0.47589077       0.28067452       0.28768735
       0.47492085       0.27039368       0.27298684
       0.47488697       0.26052395       0.25818216
       0.47588882       0.25125112       0.24349776
       0.47801518       0.24278148       0.22921167
       0.48133667       0.23533698       0.21565631
       0.48589758       0.22914745       0.20321471
       0.49170716       0.22443982       0.19231074
       0.49873114       0.22142440       0.18339205
       0.50688438       0.22027871       0.17690527
       0.51602594       0.22113018       0.17326403
       0.52595757       0.22403939       0.17281179
       0.53642678       0.22898598       0.17578334
       0.54713502       0.23585981       0.18226987
       0.55775086       0.24445916       0.19219344
       0.56792744       0.25449734       0.20529603
       0.57732239       0.26561774       0.22114659
       0.58561838       0.27741601       0.23916666
       0.59254172       0.28946682       0.25867191
       0.59787706       0.30135188       0.27892414
       0.60147672       0.31268582       0.29918635
       0.60326400       0.32313717       0.31877377
       0.60323074       0.33244240       0.33709470
       0.60143015       0.34041261       0.35367765
       0.59796628       0.34693324       0.36818375
       0.59298176       0.35195822       0.38040582
       0.58664520       0.35550024       0.39025705
       0.57913949       0.35761896       0.39775271
       0.57065165       0.35840879       0.40298853
       0.56136471       0.35798727       0.40611868
       0.55145177       0.35648502       0.40733528
       0.54107188       0.35403741       0.40685093
       0.53036774       0.35077828       0.40488470
       0.51946471       0.34683534       0.40165159
       0.50847086       0.34232723       0.39735518
       0.49747778       0.33736178       0.39218301
       0.48656175       0.33203529       0.38630405
       0.47578534       0.32643249       0.37986785
       0.46519893       0.32062704       0.37300476
       0.45484237       0.31468226       0.36582696
       0.44474648       0.30865211       0.35842989
       0.43493445       0.30258219       0.35089397
       0.42542313       0.29651072       0.34328637
       0.41622408       0.29046957       0.33566267
       0.40734460       0.28448510       0.32806857
       0.39878848       0.27857897       0.32054129
       0.39055674       0.27276890       0.31311093
       0.38264821       0.26706925       0.30580161
       0.37505995       0.26149159       0.29863248
       0.36778772       0.25604513       0.29161859
       0.36082625       0.25073717       0.28477159
       0.35416954       0.24557339       0.27810036
       0.34781100       0.24055814       0.27161155
       0.34174371       0.23569468       0.26530997
       0.33596046       0.23098538       0.25919897
       0.33045391       0.22643188       0.25328072
       0.32521663       0.22203520       0.24755646
       0.32024120       0.21779589       0.24202672
       0.31552020       0.21371408       0.23669142
       0.31104628       0.20978960       0.23155006
       0.30681214       0.20602197       0.22660179
       0.30281057       0.20241052       0.22184550
       0.29903447       0.19895436       0.21727990
       0.29547678       0.19565245       0.21290353
       0.29213056       0.19250361       0.20871483
       0.28898891       0.18950651       0.20471214
       0.28604500       0.18665970       0.20089375
       0.28329206       0.18396161       0.19725784
       0.28072335       0.18141055       0.19380256
       0.27833217       0.17900470       0.19052598
       0.27611181       0.17674211       0.18742606
       0.27405561       0.17462069       0.18450070
       0.27215689       0.17263819       0.18174765
       0.27040895       0.17079224       0.17916457
       0.26880512       0.16908026       0.17674892
       0.26733870       0.16749953       0.17449803
       0.26600298       0.16604713       0.17240901
       0.26479124       0.16471998       0.17047877
       0.26369679       0.16351479       0.16870399
       0.26271294       0.16242808       0.16708110
       0.26183301       0.16145618       0.16560628
       0.26105037       0.16059525       0.16427544
       0.26035845       0.15984124       0.16308423
       0.25975075       0.15918994       0.16202800
       0.25922087       0.15863699       0.16110186
       0.25876251       0.15817787       0.16030065
       0.25836954       0.15780794       0.15961895
       0.25803597       0.15752244       0.15905112
       0.25775602       0.15731653       0.15859133
       0.25752410       0.15718531       0.15823354
       0.25733487       0.15712386       0.15797158
       0.25718326       0.15712723       0.15779916
       0.25706445       0.15719050       0.15770993
       0.25697396       0.15730882       0.15769747
       0.25690759       0.15747738       0.15775540
       0.25686147       0.15769152       0.15787736
       0.25683209       0.15794669       0.15805710
       0.25681626       0.15823851       0.15828850
       0.25681117       0.15856277       0.15856559
       0.25681434       0.15891549       0.15888264
       0.25682364       0.15929288       0.15923414
       0.25683728       0.15969141       0.15961488
       0.25685381       0.16010780       0.16001992
       0.25687209       0.16053902       0.16044469
       0.25689130       0.16098232       0.16088495
       0.25691090       0.16143520       0.16133681
       0.25693060       0.16189543       0.16179676
       0.25695039       0.16236105       0.16226169
       0.25697044       0.16283035       0.16272883
       0.25699115       0.16330187       0.16319581
       0.25701308       0.16377439       0.16366062
       0.25703692       0.16424689       0.16412159
       0.25706349       0.16471858       0.16457743
       0.25709370       0.16518883       0.16502711
       0.25712852       0.16565721       0.16546994
       0.25716896       0.16612341       0.16590550
       0.25721604       0.16658727       0.16633360
       0.25727077       0.16704871       0.16675430
       0.25733413       0.16750776       0.16716783
       0.25740705       0.16796450       0.16757460
       0.25749038       0.16841907       0.16797516
       0.25758488       0.16887163       0.16837016
       0.25769120       0.16932234       0.16876035
       0.25780986       0.16977135       0.16914651
       0.25794127       0.17021878       0.16952946
       0.25808568       0.17066472       0.16991005
       0.25824319       0.17110918       0.17028906
       0.25841373       0.17155211       0.17066727
       0.25859707       0.17199337       0.17104539
       0.25879281       0.17243273       0.17142403
       0.25900038       0.17286986       0.17180372
       0.25921905       0.17330430       0.17218487
       0.25944788       0.17373549       0.17256778
       0.25968580       0.17416273       0.17295259
       0.25993155       0.17458522       0.17333930
       0.26018373       0.17500200       0.17372776
       0.26044077       0.17541200       0.17411766
       0.26070094       0.17581402       0.17450850
       0.26096240       0.17620671       0.17489965
       0.26122315       0.17658862       0.17529028
       0.26148107       0.17695815       0.17567939
       0.26173395       0.17731359       0.17606581
       0.26197945       0.17765312       0.17644821
       0.26221515       0.17797479       0.17682508
       0.26243854       0.17827657       0.17719475
       0.26264706       0.17855630       0.17755538
       0.26283807       0.17881174       0.17790499
       0.26300890       0.17904058       0.17824144
       0.26315684       0.17924040       0.17856245
       0.26327919       0.17940874       0.17886560
       0.26337320       0.17954305       0.17914833
       0.26343617       0.17964074       0.17940797
       0.26346540       0.17969918       0.17964172
       0.26345825       0.17971570       0.17984667
       0.26341213       0.17968761       0.18001980
       0.26332450       0.17961219       0.18015800
       0.26319295       0.17948672       0.18025806
       0.26301513       0.17930851       0.18031672
       0.26278886       0.17907485       0.18033059
       0.26251207       0.17878311       0.18029628
       0.26218286       0.17843066       0.18021028
       0.26179953       0.17801496       0.18006909
       0.26136058       0.17753354       0.17986913
       0.26086473       0.17698403       0.17960684
       0.26031096       0.17636416       0.17927860
       0.25969853       0.17567181       0.17888085
       0.25902701       0.17490501       0.17841000
       0.25829629       0.17406196       0.17786254
       0.25750664       0.17314108       0.17723499
       0.25665871       0.17214104       0.17652398
       0.25575357       0.17106074       0.17572623
       0.25479275       0.16989940       0.17483860
       0.25377828       0.16865659       0.17385815
       0.25271268       0.16733223       0.17278210
       0.25159905       0.16592668       0.17160798
       0.25044106       0.16444074       0.17033357
       0.24924301       0.16287575       0.16895703
       0.24800985       0.16123357       0.16747690
       0.24674720       0.15951671       0.16589222
       0.24546139       0.15772833       0.16420254
       0.24415950       0.15587232       0.16240804
       0.24284933       0.15395336       0.16050959
       0.24153949       0.15197698       0.15850884
       0.24023933       0.14994960       0.15640831
       0.23895900       0.14787861       0.15421152
       0.23770942       0.14577243       0.15192306
       0.23650225       0.14364055       0.14954868
       0.23534991       0.14149356       0.14709548
       0.23426547       0.13934324       0.14457194
       0.23326263       0.13720255       0.14198806
       0.23235564       0.13508564       0.13935548
       0.23155923       0.13300789       0.13668755
       0.23088844       0.13098585       0.13399943
       0.23035854       0.12903723       0.13130814
       0.22998485       0.12718083       0.12863264
       0.22978256       0.12543642       0.12599377
       0.22976655       0.12382467       0.12341429
       0.22995119       0.12236693       0.12091880
       0.23035005       0.12108508       0.11853358
       0.23097571       0.12000128       0.11628648
       0.23183948       0.11913772       0.11420664
       0.23295116       0.11851628       0.11232421
       0.23431877       0.11815826       0.11067000
       0.23594828       0.11808398       0.10927501
       0.23784345       0.11831240       0.10817000
       0.24000556       0.11886075       0.10738488
       0.24243329       0.11974414       0.10694820
       0.24512258       0.12097521       0.10688650
       0.24806654       0.12256372       0.10722371
       0.25125547       0.12451631       0.10798051
       0.25467690       0.12683619       0.10917385
       0.25831564       0.12952298       0.11081636
       0.26215403       0.13257255       0.11291599
       0.26617209       0.13597700       0.11547563
       0.27034783       0.13972470       0.11849297
       0.27465756       0.14380037       0.12196039
       0.27907626       0.14818533       0.12586502
       0.28357789       0.15285771       0.13018893
       0.28813588       0.15779284       0.13490942
       0.29272339       0.16296356       0.13999943
       0.29731378       0.16834069       0.14542806
       0.30188094       0.17389344       0.15116107
       0.30639956       0.17958985       0.15716151
       0.31084553       0.18539724       0.16339030
       0.31519609       0.19128263       0.16980685
       0.31943016       0.19721315       0.17636965
       0.32352843       0.20315644       0.18303679
       0.32747361       0.20908095       0.18976649
       0.33125050       0.21495632       0.19651758
       0.33484610       0.22075361       0.20324990
       0.33824971       0.22644562       0.20992472
       0.34145292       0.23200704       0.21650506
       0.34444970       0.23741472       0.22295600
       0.34723634       0.24264780       0.22924500
       0.34981147       0.24768785       0.23534209
       0.35217599       0.25251899       0.24122017
       0.35433302       0.25712793       0.24685511
       0.35628778       0.26150409       0.25222599
       0.35804752       0.26563950       0.25731515
       0.35962133       0.26952890       0.26210833
       0.36102004       0.27316958       0.26659466
       0.36225603       0.27656135       0.27076667
       0.36334303       0.27970641       0.27462026
       0.36429592       0.28260923       0.27815457
       0.36513056       0.28527632       0.28137187
       0.36586354       0.28771612       0.28427740
       0.36651200       0.28993876       0.28687913
       0.36709339       0.29195582       0.28918757
       0.36762529       0.29378018       0.29121550
       0.36812517       0.29542574       0.29297771
       0.36861027       0.29690723       0.29449073
       0.36909735       0.29823996       0.29577254
       0.36960258       0.29943964       0.29684232
       0.37014134       0.30052219       0.29772017
       0.37072813       0.30150351       0.29842685
       0.37137639       0.30239931       0.29898350
       0.37209845       0.30322496       0.29941147
       0.37290537       0.30399533       0.29973204
       0.37380691       0.30472464       0.29996623
       0.37481143       0.30542635       0.30013461
       0.37592583       0.30611300       0.30025710
       0.37715553       0.30679615       0.30035282
       0.37850442       0.30748624       0.30043991
       0.37997484       0.30819255       0.30053542
       0.38156756       0.30892310       0.30065511
       0.38328183       0.30968457       0.30081338
       0.38511536       0.31048229       0.30102314
       0.38706436       0.31132015       0.30129566
       0.38912358       0.31220059       0.30164054
       0.39128638       0.31312458       0.30206556
       0.39354478       0.31409160       0.30257665
       0.39588957       0.31509963       0.30317781
       0.39831038       0.31614519       0.30387107
       0.40079579       0.31722333       0.30465644
       0.40333343       0.31832770       0.30553194
       0.40591015       0.31945057       0.30649356
       0.40851210       0.32058288       0.30753529
       0.41112490       0.32171436       0.30864918
       0.41373378       0.32283352       0.30982538
       0.41632372       0.32392784       0.31105221
       0.41887958       0.32498377       0.31231626
       0.42138629       0.32598687       0.31360247
       0.42382898       0.32692191       0.31489426
       0.42619312       0.32777297       0.31617363
       0.42846465       0.32852353       0.31742130
       0.43063014       0.32915657       0.31861678
       0.43267694       0.32965469       0.31973856
       0.43459325       0.33000019       0.32076415
       0.43636832       0.33017517       0.32167021
       0.43799256       0.33016160       0.32243264
       0.43945764       0.32994144       0.32302663
       0.44075666       0.32949672       0.32342677
       0.44188428       0.32880965       0.32360703
       0.44283691       0.32786269       0.32354086
       0.44361282       0.32663871       0.32320118
       0.44421239       0.32512112       0.32256044
       0.44463830       0.32329406       0.32159066
       0.44489578       0.32114257       0.32026345
       0.44499291       0.31865290       0.31855017
       0.44494087       0.31581285       0.31642203
       0.44475439       0.31261211       0.31385034
       0.44445204       0.30904285       0.31080685
       0.44405670       0.30510029       0.30726418
       0.44359600       0.30078344       0.30319651
       0.44310276       0.29609600       0.29858045
       0.44261543       0.29104742       0.29339615
       0.44217854       0.28565406       0.28762886
       0.44184296       0.27994063       0.28127078
       0.44166616       0.27394165       0.27432337
       0.44171215       0.26770308       0.26680024
       0.44205126       0.26128405       0.25873044
       0.44275937       0.25475844       0.25016234
       0.44391683       0.24821639       0.24116779
       0.44560661       0.24176531       0.23184663
       0.44791184       0.23553041       0.22233101
       0.45091242       0.22965422       0.21278923
       0.45468087       0.22429495       0.20342840
       0.45927727       0.21962325       0.19449513
       0.46474356       0.21581715       0.18627343
       0.47109732       0.21305493       0.17907881
       0.47832566       0.21150602       0.17324777
       0.48637966       0.21132014       0.16912234
       0.49517005       0.21261528       0.16702959
       0.50456509       0.21546565       0.16725733
       0.51439110       0.21989070       0.17002759
       0.52443646       0.22584680       0.17547101
       0.53445895       0.23322304       0.18360528
       0.54419650       0.24184220       0.19432130
       0.55338031       0.25146739       0.20737998
       0.56174941       0.26181425       0.22242103
       0.56906509       0.27256740       0.23898384
       0.57512371       0.28339962       0.25653793
       0.57976672       0.29399140       0.27451953
       0.58288685       0.30404895       0.29236957
       0.58443029       0.31331862       0.30956859
       0.58439489       0.32159689       0.32566487
       0.58282518       0.32873533       0.34029363
       0.57980494       0.33464084       0.35318651
       0.57544854       0.33927209       0.36417210
       0.56989183       0.34263307       0.37316925
       0.56328349       0.34476509       0.38017530
       0.55577738       0.34573806       0.38525149
       0.54752612       0.34564214       0.38850753
       0.53867623       0.34458009       0.39008680
       0.52936453       0.34266085       0.39015320
       0.51971594       0.33999433       0.38888016
       0.50984222       0.33668752       0.38644196
       0.49984157       0.33284170       0.38300737
       0.48979895       0.32855072       0.37873518
       0.47978670       0.32389989       0.37377149
       0.46986551       0.31896571       0.36824825
       0.46008558       0.31381585       0.36228281
       0.45048774       0.30850950       0.35597819
       0.44110463       0.30309801       0.34942381
       0.43196183       0.29762547       0.34269652
       0.42307885       0.29212949       0.33586174
       0.41447008       0.28664187       0.32897477
       0.40614562       0.28118936       0.32208191
       0.39811200       0.27579423       0.31522168
       0.39037279       0.27047493       0.30842582
       0.38292918       0.26524662       0.30172032
       0.37578036       0.26012159       0.29512621
       0.36892401       0.25510975       0.28866036
       0.36235653       0.25021895       0.28233611
       0.35607337       0.24545530       0.27616384
       0.35006922       0.24082347       0.27015147
       0.34433821       0.23632691       0.26430487
       0.33887404       0.23196802       0.25862819
       0.33367015       0.22774836       0.25312422
       0.32871974       0.22366880       0.24779457
       0.32401594       0.21972959       0.24263993
       0.31955178       0.21593053       0.23766022
       0.31532031       0.21227100       0.23285479
       0.31131461       0.20875009       0.22822247
       0.30752779       0.20536659       0.22376174
       0.30395308       0.20211912       0.21947079
       0.30058376       0.19900613       0.21534759
       0.29741322       0.19602591       0.21138995
       0.29443496       0.19317668       0.20759557
       0.29164258       0.19045657       0.20396208
       0.28902977       0.18786365       0.20048706
       0.28659031       0.18539594       0.19716809
       0.28431808       0.18305143       0.19400273
       0.28220704       0.18082808       0.19098855
       0.28025121       0.17872379       0.18812315
       0.27844468       0.17673649       0.18540412
       0.27678160       0.17486402       0.18282911
       0.27525615       0.17310425       0.18039576
       0.27386255       0.17145496       0.17810170
       0.27259506       0.16991392       0.17594461
       0.27144793       0.16847886       0.17392211
       0.27041544       0.16714743       0.17203182
       0.26949189       0.16591723       0.17027132
       0.26867156       0.16478579       0.16863814
       0.26794874       0.16375057       0.16712972
       0.26731771       0.16280893       0.16574346
       0.26677277       0.16195814       0.16447662
       0.26630819       0.16119537       0.16332636
       0.26591827       0.16051771       0.16228973
       0.26559730       0.15992211       0.16136361
       0.26533962       0.15940542       0.16054476
       0.26513955       0.15896439       0.15982975
       0.26499148       0.15859564       0.15921501
       0.26488985       0.15829569       0.15869676
       0.26482914       0.15806098       0.15827108
       0.26480394       0.15788780       0.15793386
       0.26480890       0.15777241       0.15768082
       0.26483880       0.15771094       0.15750751
       0.26488855       0.15769948       0.15740933
       0.26495320       0.15773407       0.15738153
       0.26502797       0.15781069       0.15741926
       0.26510825       0.15792532       0.15751753
       0.26518963       0.15807392       0.15767127
       0.26526793       0.15825247       0.15787535
       0.26533918       0.15845697       0.15812459
       0.26539967       0.15868349       0.15841382
       0.26544592       0.15892815       0.15873785
       0.26547475       0.15918719       0.15909155
       0.26548322       0.15945692       0.15946986
       0.26546871       0.15973380       0.15986780
       0.26542886       0.16001442       0.16028053
       0.26536159       0.16029554       0.16070336
       0.26526514       0.16057406       0.16113176
       0.26513802       0.16084710       0.16156140
       0.26497901       0.16111195       0.16198817
       0.26478720       0.16136609       0.16240819
       0.26456193       0.16160723       0.16281785
       0.26430279       0.16183328       0.16321377
       0.26400964       0.16204237       0.16359287
       0.26368256       0.16223281       0.16395232
       0.26332187       0.16240318       0.16428962
       0.26292808       0.16255221       0.16460250
       0.26250191       0.16267889       0.16488902
       0.26204422       0.16278235       0.16514750
       0.26155608       0.16286196       0.16537654
       0.26103867       0.16291724       0.16557499
       0.26049329       0.16294790       0.16574200
       0.25992136       0.16295381       0.16587691
       0.25932440       0.16293498       0.16597935
       0.25870399       0.16289157       0.16604912
       0.25806176       0.16282385       0.16608625
       0.25739941       0.16273223       0.16609096
       0.25671866       0.16261720       0.16606364
       0.25602122       0.16247935       0.16600482
       0.25530885       0.16231935       0.16591520
       0.25458325       0.16213792       0.16579557
       0.25384615       0.16193587       0.16564686
       0.25309921       0.16171402       0.16547006
       0.25234406       0.16147324       0.16526627
       0.25158230       0.16121441       0.16503662
       0.25081547       0.16093843       0.16478231
       0.25004502       0.16064623       0.16450457
       0.24927237       0.16033869       0.16420464
       0.24849885       0.16001673       0.16388380
       0.24772573       0.15968121       0.16354329
       0.24695419       0.15933300       0.16318437
       0.24618532       0.15897293       0.16280827
       0.24542016       0.15860178       0.16241620
       0.24465964       0.15822034       0.16200933
       0.24390462       0.15782931       0.16158879
       0.24315588       0.15742936       0.16115566
       0.24241411       0.15702115       0.16071097
       0.24167993       0.15660524       0.16025570
       0.24095388       0.15618218       0.15979077
       0.24023643       0.15575245       0.15931702
       0.23952797       0.15531650       0.15883525
       0.23882883       0.15487472       0.15834619
       0.23813926       0.15442744       0.15785048
       0.23745947       0.15397497       0.15734872
       0.23678960       0.15351755       0.15684143
       0.23612975       0.15305540       0.15632907
       0.23547995       0.15258867       0.15581202
       0.23484021       0.15211751       0.15529062
       0.23421050       0.15164199       0.15476512
       0.23359075       0.15116219       0.15423573
       0.23298087       0.15067814       0.15370260
       0.23238074       0.15018983       0.15316583
       0.23179025       0.14969726       0.15262545
       0.23120925       0.14920040       0.15208146
       0.23063761       0.14869922       0.15153383
       0.23007519       0.14819365       0.15098246
       0.22952187       0.14768365       0.15042724
       0.22897755       0.14716918       0.14986802
       0.22844215       0.14665021       0.14930464
       0.22791560       0.14612670       0.14873692
       0.22739790       0.14559866       0.14816466
       0.22688906       0.14506612       0.14758766
       0.22638916       0.14452914       0.14700572
       0.22589832       0.14398782       0.14641865
       0.22541674       0.14344229       0.14582629
       0.22494466       0.14289277       0.14522848
       0.22448242       0.14233951       0.14462509
       0.22403043       0.14178284       0.14401605
       0.22358917       0.14122314       0.14340132
       0.22315922       0.14066091       0.14278093
       0.22274125       0.14009670       0.14215494
       0.22233605       0.13953117       0.14152352
       0.22194448       0.13896509       0.14088689
       0.22156753       0.13839931       0.14024539
       0.22120630       0.13783481       0.13959942
       0.22086198       0.13727271       0.13894953
       0.22053590       0.13671421       0.13829635
       0.22022949       0.13616067       0.13764066
       0.21994432       0.13561359       0.13698336
       0.21968204       0.13507460       0.13632550
       0.21944446       0.13454547       0.13566829
       0.21923346       0.13402813       0.13501307
       0.21905107       0.13352466       0.13436138
       0.21889940       0.13303727       0.13371492
       0.21878068       0.13256837       0.13307558
       0.21869723       0.13212046       0.13244541
       0.21865145       0.13169625       0.13182668
       0.21864584       0.13129857       0.13122184
       0.21868295       0.13093038       0.13063354
       0.21876541       0.13059481       0.13006463
       0.21889589       0.13029510       0.12951813
       0.21907709       0.13003461       0.12899728
       0.21931173       0.12981683       0.12850550
       0.21960254       0.12964533       0.12804638
       0.21995224       0.12952377       0.12762368
       0.22036350       0.12945589       0.12724134
       0.22083898       0.12944545       0.12690341
       0.22138124       0.12949628       0.12661410
       0.22199275       0.12961218       0.12637770
       0.22267591       0.12979698       0.12619860
       0.22343296       0.13005442       0.12608125
       0.22426600       0.13038822       0.12603013
       0.22517698       0.13080199       0.12604971
       0.22616765       0.13129922       0.12614447
       0.22723958       0.13188325       0.12631878
       0.22839409       0.13255727       0.12657696
       0.22963229       0.13332424       0.12692316
       0.23095504       0.13418690       0.12736139
       0.23236295       0.13514772       0.12789543
       0.23385635       0.13620891       0.12852884
       0.23543530       0.13737235       0.12926488
       0.23709960       0.13863961       0.13010651
       0.23884873       0.14001188       0.13105634
       0.24068193       0.14149000       0.13211659
       0.24259815       0.14307444       0.13328910
       0.24459605       0.14476525       0.13457525
       0.24667407       0.14656209       0.13597599
       0.24883036       0.14846420       0.13749179
       0.25106285       0.15047044       0.13912264
       0.25336925       0.15257922       0.14086805
       0.25574705       0.15478859       0.14272702
       0.25819356       0.15709618       0.14469807
       0.26070595       0.15949924       0.14677923
       0.26328120       0.16199466       0.14896804
       0.26591621       0.16457899       0.15126160
       0.26860777       0.16724846       0.15365654
       0.27135259       0.16999897       0.15614908
       0.27414735       0.17282618       0.15873504
       0.27698868       0.17572547       0.16140988
       0.27987324       0.17869204       0.16416871
       0.28279770       0.18172087       0.16700634
       0.28575877       0.18480681       0.16991732
       0.28875325       0.18794458       0.17289597
       0.29177801       0.19112881       0.17593644
       0.29483005       0.19435411       0.17903270
       0.29790648       0.19761503       0.18217866
       0.30100457       0.20090616       0.18536815
       0.30412172       0.20422214       0.18859499
       0.30725553       0.20755769       0.19185304
       0.31040375       0.21090764       0.19513623
       0.31356433       0.21426696       0.19843861
       0.31673540       0.21763080       0.20175441
       0.31991526       0.22099450       0.20507803
       0.32310242       0.22435359       0.20840414
       0.32629553       0.22770386       0.21172768
       0.32949344       0.23104135       0.21504388
       0.33269512       0.23436233       0.21834835
       0.33589967       0.23766337       0.22163702
       0.33910633       0.24094129       0.22490624
       0.34231439       0.24419317       0.22815274
       0.34552321       0.24741638       0.23137367
       0.34873218       0.25060852       0.23456658
       0.35194069       0.25376743       0.23772944
       0.35514806       0.25689118       0.24086062
       0.35835355       0.25997800       0.24395888
       0.36155630       0.26302632       0.24702335
       0.36475527       0.26603469       0.25005347
       0.36794923       0.26900175       0.25304900
       0.37113672       0.27192620       0.25600996
       0.37431597       0.27480675       0.25893658
       0.37748491       0.27764208       0.26182923
       0.38064110       0.28043078       0.26468840
       0.38378170       0.28317132       0.26751461
       0.38690346       0.28586198       0.27030833
       0.39000267       0.28850082       0.27306994
       0.39307515       0.29108558       0.27579964
       0.39611621       0.29361370       0.27849735
       0.39912066       0.29608220       0.28116268
       0.40208279       0.29848767       0.28379478
       0.40499640       0.30082622       0.28639235
       0.40785474       0.30309342       0.28895345
       0.41065060       0.30528427       0.29147552
       0.41337627       0.30739314       0.29395525
       0.41602362       0.30941377       0.29638849
       0.41858409       0.31133923       0.29877023
       0.42104877       0.31316186       0.30109449
       0.42340846       0.31487330       0.30335427
       0.42565371       0.31646446       0.30554148
       0.42777490       0.31792548       0.30764690
       0.42976233       0.31924581       0.30966013
       0.43160633       0.32041411       0.31156952
       0.43329733       0.32141835       0.31336217
       0.43482602       0.32224581       0.31502385
       0.43618342       0.32288308       0.31653903
       0.43736107       0.32331617       0.31789080
       0.43835118       0.32353047       0.31906087
       0.43914677       0.32351092       0.32002960
       0.43974187       0.32324202       0.32077594
       0.44013173       0.32270797       0.32127748
       0.44031304       0.32189275       0.32151043
       0.44028417       0.32078034       0.32144970
       0.44004543       0.31935483       0.32106889
       0.43959940       0.31760069       0.32034046
       0.43895121       0.31550301       0.31923574
       0.43810895       0.31304780       0.31772519
       0.43708400       0.31022244       0.31577854
       0.43589150       0.30701608       0.31336516
       0.43455077       0.30342023       0.31045447
       0.43308578       0.29942942       0.30701645
       0.43152567       0.29504198       0.30302241
       0.42990523       0.29026094       0.29844593
       0.42826539       0.28509514       0.29326405
       0.42665362       0.27956042       0.28745881
       0.42512433       0.27368099       0.28101921
       0.42373904       0.26749097       0.27394347
       0.42256643       0.26103603       0.26624195
       0.42168205       0.25437500       0.25794040
       0.42116768       0.24758158       0.24908381
       0.42111015       0.24074580       0.23974060
       0.42159965       0.23397510       0.23000713
       0.42272722       0.22739494       0.22001203
       0.42458149       0.22114845       0.20992025
       0.42724445       0.21539495       0.19993591
       0.43078654       0.21030694       0.19030338
       0.43526079       0.20606532       0.18130572
       0.44069665       0.20285257       0.17325940
       0.44709361       0.20084388       0.16650460
       0.45441537       0.20019649       0.16139046
       0.46258516       0.20103783       0.15825538
       0.47148309       0.20345324       0.15740305
       0.48094606       0.20747468       0.15907597
       0.49077109       0.21307187       0.16342928
       0.50072213       0.22014720       0.17050791
       0.51054022       0.22853577       0.18023107
       0.51995642       0.23801108       0.19238669
       0.52870631       0.24829636       0.20663808
       0.53654473       0.25908053       0.22254263
       0.54325919       0.27003711       0.23958097
       0.54868063       0.28084408       0.25719288
       0.55269049       0.29120238       0.27481568
       0.55522376       0.30085124       0.29192023
       0.55626799       0.30957910       0.30804089
       0.55585879       0.31722947       0.32279658
       0.55407284       0.32370200       0.33590229
       0.55101928       0.32894943       0.34717123
       0.54683060       0.33297154       0.35650932
       0.54165370       0.33580715       0.36390414
       0.53564194       0.33752538       0.36941059
       0.52894838       0.33821697       0.37313531
       0.52172050       0.33798632       0.37522148
       0.51409633       0.33694473       0.37583511
       0.50620188       0.33520481       0.37515337
       0.49814967       0.33287625       0.37335538
       0.49003819       0.33006280       0.37061517
       0.48195207       0.32686026       0.36709682
       0.47396260       0.32335531       0.36295131
       0.46612876       0.31962501       0.35831477
       0.45849828       0.31573683       0.35330782
       0.45110885       0.31174894       0.34803575
       0.44398935       0.30771080       0.34258912
       0.43716103       0.30366385       0.33704480
       0.43063855       0.29964230       0.33146719
       0.42443105       0.29567388       0.32590942
       0.41854299       0.29178058       0.32041469
       0.41297499       0.28797942       0.31501747
       0.40772451       0.28428305       0.30974463
       0.40278645       0.28070042       0.30461647
       0.39815367       0.27723724       0.29964770
       0.39381748       0.27389653       0.29484822
       0.38976796       0.27067898       0.29022386
       0.38599434       0.26758338       0.28577705
       0.38248524       0.26460690       0.28150731
       0.37922892       0.26174541       0.27741177
       0.37621349       0.25899369       0.27348559
       0.37342706       0.25634570       0.26972225
       0.37085791       0.25379472       0.26611395
       0.36849460       0.25133355       0.26265177
       0.36632606       0.24895466       0.25932600
       0.36434174       0.24665034       0.25612627
       0.36253162       0.24441279       0.25304177
       0.36088635       0.24223427       0.25006139
       0.35939727       0.24010721       0.24717389
       0.35805649       0.23802429       0.24436802
       0.35685691       0.23597857       0.24163265
       0.35579232       0.23396356       0.23895689
       0.35485739       0.23197335       0.23633026
       0.35404772       0.23000270       0.23374274
       0.35335990       0.22804712       0.23118499
       0.35279147       0.22610298       0.22864839
       0.35234100       0.22416765       0.22612528
       0.35200805       0.22223956       0.22360903
       0.35179321       0.22031832       0.22109426
       0.35169803       0.21840485       0.21857699
       0.35172505       0.21650144       0.21605484
       0.35187770       0.21461189       0.21352719
       0.35216026       0.21274159       0.21099545
       0.35257776       0.21089760       0.20846319
       0.35313585       0.20908871       0.20593641
       0.35384067       0.20732548       0.20342373
       0.35469865       0.20562027       0.20093655
       0.35571629       0.20398720       0.19848924
       0.35689990       0.20244208       0.19609924
       0.35825532       0.20100228       0.19378715
       0.35978756       0.19968658       0.19157670
       0.36150047       0.19851486       0.18949465
       0.36339631       0.19750780       0.18757059
       0.36547534       0.19668647       0.18583657
       0.36773543       0.19607182       0.18432664
       0.37017161       0.19568410       0.18307617
       0.37277572       0.19554227       0.18212108
       0.37553602       0.19566327       0.18149677
       0.37843698       0.19606129       0.18123709
       0.38145905       0.19674707       0.18137304
       0.38457862       0.19772718       0.18193145
       0.38776809       0.19900341       0.18293365
       0.39099609       0.20057220       0.18439417
       0.39422782       0.20242429       0.18631955
       0.39742566       0.20454452       0.18870733
       0.40054977       0.20691176       0.19154541
       0.40355895       0.20949922       0.19481164
       0.40641153       0.21227483       0.19847384
       0.40906638       0.21520194       0.20249029
       0.41148387       0.21824020       0.20681055
       0.41362685       0.22134651       0.21137674
       0.41546160       0.22447623       0.21612508
       0.41695860       0.22758434       0.22098776
       0.41809316       0.23062659       0.22589490
       0.41884596       0.23356065       0.23077655
       0.41920331       0.23634711       0.23556465
       0.41915727       0.23895033       0.24019486
       0.41870560       0.24133913       0.24460805
       0.41785147       0.24348723       0.24875159
       0.41660312       0.24537357       0.25258030
       0.41497337       0.24698236       0.25605697
       0.41297901       0.24830300       0.25915264
       0.41064016       0.24932983       0.26184652
       0.40797967       0.25006177       0.26412570
       0.40502241       0.25050187       0.26598460
       0.40179469       0.25065681       0.26742428
       0.39832364       0.25053633       0.26845165
       0.39463674       0.25015274       0.26907862
       0.39076129       0.24952030       0.26932124
       0.38672407       0.24865481       0.26919884
       0.38255100       0.24757308       0.26873325
       0.37826687       0.24629257       0.26794805
       0.37389517       0.24483097       0.26686793
       0.36945792       0.24320595       0.26551809
       0.36497559       0.24143490       0.26392382
       0.36046708       0.23953466       0.26211000
       0.35594964       0.23752144       0.26010089
       0.35143895       0.23541068       0.25791977
       0.34694914       0.23321690       0.25558884
       0.34249284       0.23095374       0.25312903
       0.33808123       0.22863388       0.25055995
       0.33372419       0.22626901       0.24789981
       0.32943030       0.22386989       0.24516545
       0.32520700       0.22144634       0.24237231
       0.32106062       0.21900727       0.23953448
       0.31699652       0.21656072       0.23666476
       0.31301915       0.21411394       0.23377471
       0.30913212       0.21167336       0.23087468
       0.30533832       0.20924473       0.22797395
       0.30163995       0.20683308       0.22508075
       0.29803861       0.20444285       0.22220234
       0.29453536       0.20207789       0.21934509
       0.29113082       0.19974151       0.21651457
       0.28782513       0.19743653       0.21371559
       0.28461809       0.19516535       0.21095225
       0.28150919       0.19292994       0.20822806
       0.27849762       0.19073192       0.20554594
       0.27558231       0.18857258       0.20290830
       0.27276201       0.18645289       0.20031708
       0.27003529       0.18437359       0.19777382
       0.26740056       0.18233515       0.19527968
       0.26485611       0.18033786       0.19283546
       0.26240015       0.17838181       0.19044168
       0.26003080       0.17646693       0.18809861
       0.25774612       0.17459302       0.18580627
       0.25554415       0.17275974       0.18356446
       0.25342291       0.17096667       0.18137283
       0.25138039       0.16921331       0.17923087
       0.24941461       0.16749907       0.17713792
       0.24752360       0.16582335       0.17509322
       0.24570545       0.16418547       0.17309593
       0.24395824       0.16258477       0.17114513
       0.24228016       0.16102054       0.16923984
       0.24066943       0.15949211       0.16737903
       0.23912434       0.15799881       0.16556167
       0.23764328       0.15653999       0.16378670
       0.23622470       0.15511505       0.16205307
       0.23486716       0.15372343       0.16035974
       0.23356931       0.15236462       0.15870571
       0.23232992       0.15103819       0.15709000
       0.23114783       0.14974378       0.15551169
       0.23002205       0.14848110       0.15396994
       0.22895165       0.14724998       0.15246394
       0.22793587       0.14605032       0.15099302
       0.22697404       0.14488213       0.14955654
       0.22606563       0.14374555       0.14815401
       0.22521023       0.14264083       0.14678504
       0.22440758       0.14156833       0.14544934
       0.22365752       0.14052856       0.14414677
       0.22296004       0.13952216       0.14287733
       0.22231526       0.13854988       0.14164115
       0.22172340       0.13761265       0.14043851
       0.22118483       0.13671153       0.13926985
       0.22070004       0.13584770       0.13813580
       0.22026962       0.13502252       0.13703711
       0.21989428       0.13423747       0.13597474
       0.21957483       0.13349418       0.13494981
       0.21931219       0.13279442       0.13396361
       0.21910737       0.13214010       0.13301762
       0.21896144       0.13153324       0.13211347
       0.21887556       0.13097601       0.13125300
       0.21885096       0.13047068       0.13043819
       0.21888891       0.13001962       0.12967119
       0.21899072       0.12962532       0.12895431
       0.21915772       0.12929034       0.12828998
       0.21939129       0.12901729       0.12768081
       0.21969276       0.12880889       0.12712950
       0.22006350       0.12866784       0.12663886
       0.22050482       0.12859691       0.12621180
       0.22101801       0.12859885       0.12585129
       0.22160431       0.12867642       0.12556037
       0.22226490       0.12883232       0.12534210
       0.22300087       0.12906924       0.12519955
       0.22381323       0.12938976       0.12513578
       0.22470290       0.12979640       0.12515382
       0.22567068       0.13029155       0.12525663
       0.22671726       0.13087749       0.12544709
       0.22784322       0.13155634       0.12572797
       0.22904897       0.13233006       0.12610191
       0.23033481       0.13320043       0.12657140
       0.23170089       0.13416903       0.12713873
       0.23314720       0.13523722       0.12780604
       0.23467361       0.13640615       0.12857520
       0.23627981       0.13767672       0.12944791
       0.23796533       0.13904959       0.13042556
       0.23972959       0.14052515       0.13150934
       0.24157180       0.14210355       0.13270012
       0.24349107       0.14378463       0.13399854
       0.24548633       0.14556801       0.13540490
       0.24755637       0.14745298       0.13691926
       0.24969985       0.14943858       0.13854135
       0.25191528       0.15152356       0.14027060
       0.25420103       0.15370639       0.14210616
       0.25655534       0.15598528       0.14404685
       0.25897635       0.15835812       0.14609121
       0.26146204       0.16082258       0.14823746
       0.26401032       0.16337603       0.15048352
       0.26661896       0.16601559       0.15282701
       0.26928565       0.16873812       0.15526524
       0.27200800       0.17154025       0.15779523
       0.27478354       0.17441836       0.16041373
       0.27760974       0.17736864       0.16311715
       0.28048403       0.18038704       0.16590167
       0.28340379       0.18346934       0.16876318
       0.28636641       0.18661115       0.17169731
       0.28936927       0.18980795       0.17469946
       0.29240977       0.19305507       0.17776481
       0.29548536       0.19634775       0.18088834
       0.29859357       0.19968119       0.18406486
       0.30173198       0.20305054       0.18728905
       0.30489829       0.20645092       0.19055549
       0.30809033       0.20987753       0.19385870
       0.31130606       0.21332559       0.19719317
       0.31454361       0.21679044       0.20055344
       0.31780124       0.22026757       0.20393410
       0.32107743       0.22375259       0.20732990
       0.32437083       0.22724135       0.21073574
       0.32768026       0.23072991       0.21414675
       0.33100475       0.23421457       0.21755833
       0.33434347       0.23769192       0.22096623
       0.33769580       0.24115885       0.22436650
       0.34106123       0.24461252       0.22775565
       0.34443941       0.24805044       0.23113057
       0.34783008       0.25147042       0.23448864
       0.35123305       0.25487059       0.23782769
       0.35464817       0.25824939       0.24114603
       0.35807531       0.26160553       0.24444249
       0.36151430       0.26493803       0.24771634
       0.36496486       0.26824613       0.25096736
       0.36842663       0.27152932       0.25419574
       0.37189906       0.27478724       0.25740212
       0.37538136       0.27801971       0.26058751
       0.37887252       0.28122664       0.26375325
       0.38237119       0.28440802       0.26690097
       0.38587568       0.28756383       0.27003255
       0.38938390       0.29069404       0.27315001
       0.39289333       0.29379851       0.27625548
       0.39640099       0.29687698       0.27935112
       0.39990338       0.29992901       0.28243904
       0.40339649       0.30295390       0.28552122
       0.40687577       0.30595068       0.28859945
       0.41033610       0.30891804       0.29167525
       0.41377180       0.31185432       0.29474978
       0.41717663       0.31475741       0.29782376
       0.42054377       0.31762478       0.30089744
       0.42386588       0.32045340       0.30397049
       0.42713506       0.32323976       0.30704197
       0.43034294       0.32597982       0.31011026
       0.43348066       0.32866898       0.31317300
       0.43653894       0.33130212       0.31622711
       0.43950813       0.33387357       0.31926867
       0.44237823       0.33637713       0.32229297
       0.44513901       0.33880606       0.32529448
       0.44777999       0.34115311       0.32826682
       0.45029058       0.34341055       0.33120279
       0.45266009       0.34557019       0.33409440
       0.45487786       0.34762342       0.33693285
       0.45693327       0.34956123       0.33970860
       0.45881587       0.35137428       0.34241138
       0.46051543       0.35305293       0.34503026
       0.46202199       0.35458727       0.34755369
       0.46332598       0.35596719       0.34996955
       0.46441826       0.35718242       0.35226521
       0.46529020       0.35822258       0.35442757
       0.46593373       0.35907723       0.35644318
       0.46634144       0.35973591       0.35829820
       0.46650660       0.36018818       0.35997854
       0.46642327       0.36042367       0.36146988
       0.46608631       0.36043213       0.36275768
       0.46549146       0.36020346       0.36382730
       0.46463542       0.35972774       0.36466397
       0.46351588       0.35899526       0.36525282
       0.46213159       0.35799657       0.36557895
       0.46048242       0.35672254       0.36562738
       0.45856947       0.35516431       0.36538311
       0.45639507       0.35331342       0.36483108
       0.45396295       0.35116180       0.36395619
       0.45127828       0.34870184       0.36274329
       0.44834780       0.34592647       0.36117716
       0.44517993       0.34282917       0.35924250
       0.44178494       0.33940413       0.35692396
       0.43817508       0.33564636       0.35420610
       0.43436481       0.33155178       0.35107347
       0.43037093       0.32711746       0.34751067
       0.42621289       0.32234182       0.34350238
       0.42191301       0.31722490       0.33903360
       0.41749675       0.31176869       0.33408979
       0.41299307       0.30597755       0.32865721
       0.40843466       0.29985868       0.32272333
       0.40385837       0.29342269       0.31627736
       0.39930547       0.28668426       0.30931097
       0.39482200       0.27966293       0.30181923
       0.39045899       0.27238396       0.29380173
       0.38627271       0.26487932       0.28526402
       0.38232475       0.25718874       0.27621936
       0.37868190       0.24936081       0.26669072
       0.37541589       0.24145418       0.25671326
       0.37260282       0.23353860       0.24633696
       0.37032220       0.22569587       0.23562961
       0.36865557       0.21802055       0.22467990
       0.36768459       0.21062020       0.21360044
       0.36748858       0.20361506       0.20253043
       0.36814142       0.19713689       0.19163767
       0.36970781       0.19132681       0.18111925
       0.37223906       0.18633190       0.17120051
       0.37576849       0.18230045       0.16213172
       0.38030661       0.17937586       0.15418165
       0.38583672       0.17768917       0.14762797
       0.39231101       0.17735073       0.14274417
       0.39964799       0.17844135       0.13978343
       0.40773155       0.18100388       0.13896029
       0.41641230       0.18503592       0.14043170
       0.42551125       0.19048485       0.14427939
       0.43482607       0.19724593       0.15049585
       0.44413957       0.20516422       0.15897615
       0.45322983       0.21404037       0.16951734
       0.46188123       0.22364026       0.18182619
       0.46989527       0.23370743       0.19553507
       0.47710025       0.24397729       0.21022430
       0.48335890       0.25419153       0.22544858
       0.48857336       0.26411144       0.24076459
       0.49268724       0.27352882       0.25575656
       0.49568479       0.28227370       0.27005756
       0.49758767       0.29021857       0.28336464
       0.49844982       0.29727926       0.29544742
       0.49835112       0.30341279       0.30615009
       0.49739056       0.30861303       0.31538809
       0.49567953       0.31290499       0.32314057
       0.49333562       0.31633822       0.32944033
       0.49047725       0.31898033       0.33436246
       0.48721934       0.32091076       0.33801308
       0.48367002       0.32221543       0.34051866
       0.47992828       0.32298213       0.34201688
       0.47608256       0.32329695       0.34264897
       0.47221003       0.32324161       0.34255371
       0.46837646       0.32289159       0.34186301
       0.46463657       0.32231493       0.34069889
       0.46103464       0.32157164       0.33917157
       0.45760534       0.32071357       0.33737856
       0.45437470       0.31978450       0.33540438
       0.45136110       0.31882062       0.33332093
       0.44857629       0.31785102       0.33118807
       0.44602631       0.31689834       0.32905456
       0.44371244       0.31597948       0.32695909
       0.44163198       0.31510625       0.32493138
       0.43977901       0.31428607       0.32299322
       0.43814505       0.31352256       0.32115957
       0.43671962       0.31281612       0.31943952
       0.43549074       0.31216449       0.31783722
       0.43444534       0.31156319       0.31635267
       0.43356962       0.31100592       0.31498247
       0.43284934       0.31048494       0.31372045
       0.43227005       0.30999132       0.31255822
       0.43181727       0.30951527       0.31148562
       0.43147670       0.30904624       0.31049110
       0.43123426       0.30857320       0.30956205
       0.43107625       0.30808467       0.30868501
       0.43098939       0.30756888       0.30784590
       0.43096090       0.30701384       0.30703010
       0.43097854       0.30640736       0.30622259
       0.43103068       0.30573713       0.30540794
       0.43110632       0.30499073       0.30457038
       0.43119516       0.30415567       0.30369375
       0.43128769       0.30321938       0.30276149
       0.43137522       0.30216929       0.30175660
       0.43144998       0.30099281       0.30066159
       0.43150527       0.29967746       0.29945842
       0.43153557       0.29821088       0.29812850
       0.43153665       0.29658096       0.29665267
       0.43150582       0.29477600       0.29501115
       0.43144211       0.29278484       0.29318370
       0.43134648       0.29059715       0.29114960
       0.43122208       0.28820364       0.28888791
       0.43107457       0.28559645       0.28637765
       0.43091236       0.28276955       0.28359817
       0.43074695       0.27971922       0.28052956
       0.43059322       0.27644464       0.27715331
       0.43046974       0.27294850       0.27345298
       0.43039904       0.26923779       0.26941520
       0.43040782       0.26532458       0.26503075
       0.43052709       0.26122693       0.26029597
       0.43079218       0.25696981       0.25521437
       0.43124264       0.25258607       0.24979844
       0.43192188       0.24811735       0.24407172
       0.43287658       0.24361491       0.23807106
       0.43415580       0.23914029       0.23184893
       0.43580973       0.23476563       0.22547574
       0.43788798       0.23057368       0.21904185
       0.44043754       0.22665714       0.21265926
       0.44350018       0.22311741       0.20646233
       0.44710954       0.22006239       0.20060750
       0.45128791       0.21760341       0.19527141
       0.45604280       0.21585116       0.19064709
       0.46136359       0.21491063       0.18693798
       0.46721858       0.21487523       0.18434958
       0.47355260       0.21582048       0.18307883
       0.48028575       0.21779752       0.18330176
       0.48731343       0.22082722       0.18516004
       0.49450797       0.22489535       0.18874779
       0.50172202       0.22994962       0.19409977
       0.50879359       0.23589897       0.20118283
       0.51555262       0.24261558       0.20989158
       0.52182839       0.24993964       0.22004953
       0.52745752       0.25768661       0.23141588
       0.53229161       0.26565629       0.24369764
       0.53620399       0.27364303       0.25656589
       0.53909500       0.28144608       0.26967463
       0.54089540       0.28887903       0.28268012
       0.54156780       0.29577772       0.29525895
       0.54110604       0.30200601       0.30712309
       0.53953296       0.30745917       0.31803103
       0.53689676       0.31206487       0.32779428
       0.53326653       0.31578227       0.33627969
       0.52872735       0.31859926       0.34340774
       0.52337532       0.32052880       0.34914808
       0.51731299       0.32160443       0.35351287
       0.51064523       0.32187570       0.35654913
       0.50347585       0.32140372       0.35833078
       0.49590482       0.32025708       0.35895102
       0.48802633       0.31850835       0.35851541
       0.47992737       0.31623119       0.35713603
       0.47168692       0.31349801       0.35492660
       0.46337558       0.31037834       0.35199882
       0.45505557       0.30693754       0.34845958
       0.44678094       0.30323611       0.34440907
       0.43859808       0.29932922       0.33993963
       0.43054621       0.29526657       0.33513513
       0.42265806       0.29109245       0.33007078
       0.41496048       0.28684593       0.32481332
       0.40747512       0.28256115       0.31942137
       0.40021905       0.27826770       0.31394596
       0.39320530       0.27399096       0.30843109
       0.38644348       0.26975254       0.30291444
       0.37994019       0.26557063       0.29742792
       0.37369951       0.26146039       0.29199838
       0.36772336       0.25743427       0.28664812
       0.36201187       0.25350237       0.28139552
       0.35656363       0.24967269       0.27625544
       0.35137599       0.24595140       0.27123974
       0.34644529       0.24234311       0.26635767
       0.34176699       0.23885102       0.26161618
       0.33733592       0.23547716       0.25702031
       0.33314635       0.23222249       0.25257339
       0.32919214       0.22908712       0.24827730
       0.32546683       0.22607036       0.24413271
       0.32196376       0.22317087       0.24013923
       0.31867608       0.22038677       0.23629556
       0.31559687       0.21771568       0.23259963
       0.31271918       0.21515483       0.22904874
       0.31003606       0.21270109       0.22563962
       0.30754061       0.21035109       0.22236856
       0.30522600       0.20810121       0.21923144
       0.30308553       0.20594766       0.21622384
       0.30111265       0.20388649       0.21334106
       0.29930094       0.20191369       0.21057820
       0.29764418       0.20002517       0.20793021
       0.29613637       0.19821682       0.20539191
       0.29477172       0.19648453       0.20295803
       0.29354467       0.19482422       0.20062328
       0.29244992       0.19323192       0.19838234
       0.29148245       0.19170371       0.19622994
       0.29063751       0.19023583       0.19416087
       0.28991065       0.18882468       0.19217001
       0.28929773       0.18746683       0.19025238
       0.28879492       0.18615910       0.18840319
       0.28839873       0.18489855       0.18661783
       0.28810598       0.18368251       0.18489196
       0.28791386       0.18250865       0.18322153
       0.28781989       0.18137498       0.18160283
       0.28782192       0.18027989       0.18003253
       0.28791817       0.17922217       0.17850774
       0.28810717       0.17820106       0.17702604
       0.28838778       0.17721629       0.17558555
       0.28875919       0.17626806       0.17418497
       0.28922086       0.17535710       0.17282365
       0.28977253       0.17448469       0.17150162
       0.29041414       0.17365268       0.17021967
       0.29114586       0.17286346       0.16897936
       0.29196797       0.17212004       0.16778309
       0.29288087       0.17142595       0.16663413
       0.29388495       0.17078531       0.16553667
       0.29498057       0.17020278       0.16449579
       0.29616796       0.16968347       0.16351750
       0.29744711       0.16923299       0.16260873
       0.29881771       0.16885727       0.16177726
       0.30027903       0.16856258       0.16103173
       0.30182980       0.16835537       0.16038147
       0.30346813       0.16824216       0.15983649
       0.30519136       0.16822942       0.15940726
       0.30699601       0.16832344       0.15910460
       0.30887760       0.16853013       0.15893943
       0.31083065       0.16885487       0.15892259
       0.31284851       0.16930233       0.15906453
       0.31492337       0.16987629       0.15937505
       0.31704621       0.17057945       0.15986302
       0.31920676       0.17141325       0.16053602
       0.32139354       0.17237775       0.16140006
       0.32359390       0.17347144       0.16245928
       0.32579412       0.17469115       0.16371562
       0.32797954       0.17603201       0.16516864
       0.33013466       0.17748733       0.16681525
       0.33224339       0.17904870       0.16864959
       0.33428921       0.18070597       0.17066297
       0.33625546       0.18244737       0.17284383
       0.33812557       0.18425969       0.17517781
       0.33988329       0.18612840       0.17764797
       0.34151305       0.18803796       0.18023494
       0.34300012       0.18997202       0.18291730
       0.34433094       0.19191371       0.18567191
       0.34549330       0.19384597       0.18847438
       0.34647655       0.19575185       0.19129948
       0.34727177       0.19761476       0.19412168
       0.34787189       0.19941882       0.19691559
       0.34827178       0.20114906       0.19965646
       0.34846827       0.20279171       0.20232062
       0.34846016       0.20433433       0.20488587
       0.34824818       0.20576602       0.20733183
       0.34783490       0.20707748       0.20964023
       0.34722465       0.20826110       0.21179511
       0.34642333       0.20931100       0.21378297
       0.34543830       0.21022299       0.21559285
       0.34427817       0.21099453       0.21721636
       0.34295263       0.21162466       0.21864762
       0.34147227       0.21211389       0.21988314
       0.33984838       0.21246409       0.22092175
       0.33809276       0.21267831       0.22176436
       0.33621756       0.21276072       0.22241380
       0.33423513       0.21271636       0.22287461
       0.33215782       0.21255108       0.22315281
       0.32999791       0.21227132       0.22325567
       0.32776744       0.21188403       0.22319149
       0.32547814       0.21139649       0.22296942
       0.32314132       0.21081624       0.22259923
       0.32076782       0.21015092       0.22209111
