-0.121978
-0.17909784
-0.24200027
-0.31018124
-0.38289642
-0.45912448
-0.5375315299999999
-0.61644105
-0.69381529
-0.76725521
-0.83402715
-0.89112449
-0.9353711499999999
-0.96357122
-0.9727039299999999
-0.96015654
-0.9239794200000001
-0.86313958
-0.77774184
-0.66918381
-0.5402131
-0.39486368
-0.23826325
-0.07632192399999999
0.08466860099999999
0.23848064
0.37938863
0.50254851
0.60427781
0.68221204
0.73533281
0.76388029
0.7691761600000001
0.75338974
0.7192805199999999
0.66994622
0.6085977599999999
0.53837431
0.4622038
0.38270781
0.30214591
0.2223919
0.1449339
0.070890798
0.0010386888
-0.064157458
-0.12451015
-0.18007548
-0.23111964
-0.27808557
-0.32155892
-0.36223222
-0.40086616
-0.438247
-0.47513957
-0.51223573
-0.55009869
-0.5891044699999999
-0.62938237
-0.6707572100000001
-0.7126971
-0.7542714400000001
-0.79412487
-0.8304738199999999
-0.86113251
-0.8835752599999999
-0.89504059
-0.8926796599999999
-0.8737472800000001
-0.83582778
-0.77708043
-0.69648239
-0.59404102
-0.47094471
-0.32962401
-0.17370196
-0.007826288199999999
0.16260798
0.3318197
0.49404709
0.64395057
0.77696653
0.88957427
0.97945241
1.0455186
1.087862399999999
1.1075926
1.10663
1.0874732
1.0529671
1.0060933
0.94979594
0.8868493600000001
0.8197678299999999
0.7507529100000001
0.68167247
0.61406371
0.5491528399999999
0.48788503
0.43095897
0.37886232
0.33190478
0.2902474
0.25392692
0.22287528
0.19693432
0.17586664
0.15936328
0.14704928
0.13848811
0.13318569
0.13059485
0.13012065
0.13112704
0.13294475
0.1348805
0.13622734
0.13627552
0.13432384
0.12969084
0.12172562
0.1098182
0.093409327
0.07199999
0.04516117199999999
0.012544356
-0.026106313
-0.07093937399999999