   0.2146601096744916   0.1300492665823827   0.1321923083124855
   0.2142186373758030   0.1290479447012523   0.1309642867879800
   0.2138295145342168   0.1280686569606736   0.1297295268514359
   0.2134991629196220   0.1271175216643574   0.1284925603674862
   0.2132343468848359   0.1262011793371482   0.1272584949015688
   0.2130421489702356   0.1253268084923886   0.1260331192882118
   0.2129299349620226   0.1245021207143287   0.1248229324513319
   0.2129053120740036   0.1237353482352241   0.1236351619548055
   0.2129760803412193   0.1230352243978545   0.1224777760705268
   0.2131501770742546   0.1224109563761632   0.1213594887160639
   0.2134356142885623   0.1218721894338105   0.1202897560741030
   0.2138404091428489   0.1214289620276982   0.1192787635782606
   0.2143725075691039   0.1210916511347126   0.1183374019009622
   0.2150397014501198   0.1208709072890529   0.1174772305802283
   0.2158495398957199   0.1207775789653300   0.1167104279749668
   0.2168092353831510   0.1208226261303216   0.1160497263483459
   0.2179255657558193   0.1210170230141492   0.1155083310521205
   0.2192047733120439   0.1213716504186854   0.1150998230267587
   0.2206524624546343   0.1218971781842884   0.1148380441465035
   0.2222734976043787   0.1226039387704552   0.1147369653261281
   0.2240719032961984   0.1235017932641745   0.1148105377647327
   0.2260507685651299   0.1245999915016791   0.1150725282249693
   0.2282121578791947   0.1259070283624661   0.1155363398225459
   0.2305570309763866   0.1274304986542663   0.1162148204147868
   0.2330851740027957   0.1291769533377254   0.1171200613077868
   0.2357951443189600   0.1311517601225025   0.1182631896243482
   0.2386842312344987   0.1333589716847042   0.1196541582610728
   0.2417484347422523   0.1358012048922596   0.1213015378823221
   0.2449824640510196   0.1384795344651185   0.1232123158203151
   0.2483797573627533   0.1413934044291536   0.1253917070450369
   0.2519325239117906   0.1445405605384256   0.1278429825088644
   0.2556318087903239   0.1479170065370146   0.1305673201383421
   0.2594675805394319   0.1515169867111435   0.1335636835258801
   0.2634288409053081   0.1553329966528014   0.1368287329622704
   0.2675037555650003   0.1593558235308576   0.1403567728508878
   0.2716798040357077   0.1635746164631920   0.1441397387697012
   0.2759439464177995   0.1679769868263153   0.1481672265199327
   0.2802828041051282   0.1725491375531966   0.1524265644503711
   0.2846828511464518   0.1772760196834287   0.1569029292102251
   0.2891306125761893   0.1821415136710712   0.1615795039017253
   0.2936128657656054   0.1871286322525370   0.1664376764197803
   0.2981168406876225   0.1922197410559870   0.1714572746237731
   0.3026304149464251   0.1973967926181798   0.1766168339287326
   0.3071422994993119   0.2026415690840511   0.1818938919693581
   0.3116422111906974   0.2079359286131511   0.1872653042159136
   0.3161210285203856   0.2132620504148305   0.1927075738351270
   0.3205709274694876   0.2186026733841777   0.1981971887140068
   0.3249854946931926   0.2239413235106351   0.2037109584137748
   0.3293598159422245   0.2292625255721888   0.2092263438995896
   0.3336905381740177   0.2345519950955081   0.2147217731944401
   0.3379759044385007   0.2397968071366100   0.2201769366177809
   0.3422157612495103   0.2449855390933535   0.2255730559669824
   0.3464115387593837   0.2501083854730125   0.2308931228500008
   0.3505662046210326   0.2551572432762778   0.2361221023414690
   0.3546841929313167   0.2601257673940769   0.2412470991677594
   0.3587713100880275   0.2650093961178460   0.2462574846834044
   0.3628346197505906   0.2698053475125764   0.2511449839362086
   0.3668823093668151   0.2745125879746633   0.2559037230894899
   0.3709235409142614   0.2791317747781338   0.2605302383410204
   0.3749682886090883   0.2836651747939750   0.2650234482211566
   0.3790271663654566   0.2881165618448551   0.2693845917483911
   0.3831112477554699   0.2924910953341387   0.2736171353599491
   0.3872318811361587   0.2967951828716053   0.2777266518188710
   0.3914005024900741   0.3010363296208631   0.2817206744370510
   0.3956284483835472   0.3052229770303205   0.2856085299635792
   0.3999267712945331   0.3093643334980200   0.2894011533931766
   0.4043060594113236   0.3134701993783806   0.2931108877784006
   0.4087762628629000   0.3175507885831760   0.2967512719115164
   0.4133465282169689   0.3216165488753454   0.3003368185073717
   0.4180250429752337   0.3256779828152933   0.3038827852952079
   0.4228188917063576   0.3297454712046076   0.3074049412392580
   0.4277339253814647   0.3338291007871054   0.3109193299742493
   0.4327746454082910   0.3379384979131384   0.3144420324751545
   0.4379441037894269   0.3420826698473699   0.3179889309861573
   0.4432438207474269   0.3462698553959559   0.3215754763096325
   0.4486737210540511   0.3505073865361285   0.3252164606921223
   0.4542320901624311   0.3548015627366971   0.3289257987238213
   0.4599155510604884   0.3591575396474458   0.3327163188676859
   0.4657190625350660   0.3635792337937010   0.3365995684258581
   0.4716359392556471   0.3680692448251482   0.3405856349037452
   0.4776578937548376   0.3726287967230170   0.3446829868142203
   0.4837751000050148   0.3772576991581311   0.3488983369466577
   0.4899762778761198   0.3819543299097011   0.3532365309831330
   0.4962487973221572   0.3867156389020777   0.3577004640599071
   0.5025788007008718   0.3915371740009143   0.3622910274386463
   0.5089513412020966   0.3964131282439975   0.3670070868723112
   0.5153505349665882   0.4013364076835121   0.3718454935408934
   0.5217597241396473   0.4062987185081088   0.3768011276194040
   0.5281616478414901   0.4112906716199736   0.3818669736621079
   0.5345386178648440   0.4163019023903262   0.3870342260880682
   0.5408726958404165   0.4213212029313035   0.3922924221829640
   0.5471458686479441   0.4263366639248509   0.3976295992405238
   0.5533402189933496   0.4313358228568004   0.4030324717997033
   0.5594380883138875   0.4363058154271616   0.4084866244289777
   0.5654222295000023   0.4412335269489229   0.4139767151941702
   0.5712759473174140   0.4461057407029806   0.4194866848351626
   0.5769832248547256   0.4509092804749751   0.4249999667698995
   0.5825288347880766   0.4556311448435266   0.4304996933278196
   0.5878984347225091   0.4602586311971610   0.4359688940639430
   0.5930786463187758   0.4647794479050089   0.4413906825846525
   0.5980571183262380   0.4691818135294815   0.4467484289861744
   0.6028225740031289   0.4734545424243057   0.4520259157239582
   0.6073648437050797   0.4775871164878597   0.4572074754538766
   0.6116748836562570   0.4815697432232124   0.4622781100768033
   0.6157447820841335   0.4853934005807330   0.4672235908457766
   0.6195677540018162   0.4890498693196249   0.4720305399366038
   0.6231381259671999   0.4925317538190395   0.4766864943241542
   0.6264513121443577   0.4958324923994650   0.4811799531417679
   0.6295037829490255   0.4989463582861687   0.4855004099318824
   0.6322930274868492   0.5018684523663264   0.4896383713298390
   0.6348175108997484   0.5045946888693157   0.4935853637722030
   0.6370766276310794   0.5071217750452803   0.4973339298008504
   0.6390706515116007   0.5094471858400142   0.5008776154607689
   0.6408006834614096   0.5115691344733539   0.5042109501789982
   0.6422685975023538   0.5134865397310091   0.5073294203790885
   0.6434769856836793   0.5151989906823983   0.5102294379425341
   0.6444291024423899   0.5167067094440081   0.5129083044860099
   0.6451288088492676   0.5180105125222975   0.5153641722884142
   0.6455805171314345   0.5191117711939827   0.5175960025798003
   0.6457891358115116   0.5200123713153845   0.5196035217979887
   0.6457600157607452   0.5207146728963067   0.5213871763289789
   0.6454988974271525   0.5212214697268110   0.5229480861736926
   0.6450118594685817   0.5215359493062576   0.5242879979245910
   0.6443052689930459   0.5216616532916327   0.5254092373891525
   0.6433857335837364   0.5216024386552787   0.5263146621607302
   0.6422600552628585   0.5213624397192631   0.5270076144084421
   0.6409351865261431   0.5209460312137753   0.5274918741342930
   0.6394181885582761   0.5203577924890931   0.5277716131257064
   0.6377161917182015   0.5196024729942011   0.5278513498135382
   0.6358363583624000   0.5186849591194571   0.5277359052282334
   0.6337858480537539   0.5176102424855628   0.5274303602292945
   0.6315717851837819   0.5163833897462620   0.5269400141652146
   0.6292012290169551   0.5150095139576375   0.5262703451022417
   0.6266811461477951   0.5134937475526591   0.5254269717408564
   0.6240183853446656   0.5118412169458161   0.5244156171188477
   0.6212196547388565   0.5100570187794067   0.5232420741795767
   0.6182915013037895   0.5081461978104639   0.5219121732638480
   0.6152402925571379   0.5061137264255441   0.5204317515640200
   0.6120722004083742   0.5039644857597377   0.5188066245599534
   0.6087931870657517   0.5017032483864678   0.5170425594383767
   0.6054089929100034   0.4993346625358794   0.5151452504804923
   0.6019251262370012   0.4968632377920023   0.5131202963873130
   0.5983468547682331   0.4942933322123610   0.5109731794984368
   0.5946791988260900   0.4916291408083035   0.5087092468477962
   0.5909269260704725   0.4888746853199648   0.5063336929893757
   0.5870945476940853   0.4860338052164745   0.5038515445169214
   0.5831863159757392   0.4831101498496153   0.5012676461942590
   0.5792062230940188   0.4801071716876432   0.4985866486068360
   0.5751580011076048   0.4770281205552709   0.4958129972404483
   0.5710451230132727   0.4738760388058366   0.4929509228896575
   0.5668708047980462   0.4706537573523439   0.4900044332960143
   0.5626380084080450   0.4673638924853156   0.4869773059147764
   0.5583494455631991   0.4640088434071765   0.4838730817081554
   0.5540075823541152   0.4605907904151201   0.4806950598632077
   0.5496146445649620   0.4571116936670734   0.4774462933330838
   0.5451726236742565   0.4535732924684440   0.4741295851014450
   0.5406832834938681   0.4499771050207347   0.4707474850712930
   0.5361481674154513   0.4463244285769117   0.4673022874811862
   0.5315686062428322   0.4426163399525469   0.4637960287537322
   0.5269457265987633   0.4388536963462868   0.4602304856833274
   0.5222804599048343   0.4350371364281526   0.4566071738722862
   0.5175735519444188   0.4311670816595896   0.4529273463267475
   0.5128255730303207   0.4272437378151551   0.4491919921260743
   0.5080369288114363   0.4232670966823585   0.4454018350818424
   0.5032078717664052   0.4192369379235372   0.4415573323050209
   0.4983385134469791   0.4151528310919766   0.4376586726026289
   0.4934288375499629   0.4110141378039032   0.4337057746280769
   0.4884787139141686   0.4068200140787592   0.4296982847127511
   0.4834879135581731   0.4025694128725698   0.4256355743102998
   0.4784561248959759   0.3982610868435816   0.4215167369898233
   0.4733829712911772   0.3938935914060935   0.4173405849200202
   0.4682680301363393   0.3894652881479631   0.4131056447937341
   0.4631108536730245   0.3849743487102737   0.4088101531517835
   0.4579109917999283   0.3804187592547063   0.4044520510770773
   0.4526680171518464   0.3757963256760850   0.4000289782456669
   0.4473815527712114   0.3711046797552749   0.3955382663415615
   0.4420513027368445   0.3663412864921822   0.3909769318681722
   0.4366770861616109   0.3615034529112588   0.3863416684226922
   0.4312588750218650   0.3565883386940999   0.3816288385426395
   0.4257968363369276   0.3515929690670556   0.3768344652885839
   0.4202913792760204   0.3465142504580966   0.3719542237968436
   0.4147432078324939   0.3413489895385336   0.3669834331243345
   0.4091533797698348   0.3360939163838056   0.3619170488193977
   0.4035233726091693   0.3307457126258593   0.3567496567927375
   0.3978551574914498   0.3253010456300567   0.3514754692382057
   0.3921512818057582   0.3197566099145862   0.3460883235719355
   0.3864149615234649   0.3141091772421534   0.3405816856294661
   0.3806501842097928   0.3083556570540409   0.3349486586947590
   0.3748618236910016   0.3024931691862370   0.3291820003446008
   0.3690557673253507   0.2965191311054621   0.3232741495903510
   0.3632390567443417   0.2904313622265902   0.3172172674009559
   0.3574200427782371   0.2842282082156183   0.3110032944113866
   0.3516085550322733   0.2779086885326311   0.3046240304731346
   0.3458160862071800   0.2714726708088556   0.2980712416990069
   0.3400559907226590   0.2649210759533711   0.2913368017981841
   0.3343436964611794   0.2582561181082776   0.2844128757837249
   0.3286969274501994   0.2514815836601036   0.2772921555409224
   0.3231359339851715   0.2446031533932785   0.2699681582226875
   0.3176837250002011   0.2376287714370395   0.2624355999013626
   0.3123662953534433   0.2305690637786899   0.2546908582156840
   0.3072128380515042   0.2234378076288804   0.2467325386957032
   0.3022559282484817   0.2162524506286946   0.2385621597217595
   0.2975316621098717   0.2090346755517916   0.2301849702528606
   0.2930797293720181   0.2018110015235676   0.2216109119826152
   0.2889433937796316   0.1946134065982353   0.2128557327323214
   0.2851693507919075   0.1874799485854817   0.2039422498090094
   0.2818074274186635   0.1804553511783216   0.1949017497709216
   0.2789100853943014   0.1735915107617335   0.1857754935681245
   0.2765316869760235   0.1669478661328049   0.1766162725303883
   0.2747274835822675   0.1605915595293950   0.1674899307543961
   0.2735522926268019   0.1545973042271716   0.1584767335128395
   0.2730588387652412   0.1490468636304691   0.1496724211065482
   0.2732957538367871   0.1440280421494333   0.1411887467341978
   0.2743052562075529   0.1396330928432900   0.1331532614918430
   0.2761205653971661   0.1359564648549725   0.1257080882269546
   0.2787631509038110   0.1330918489054093   0.1190074297229441
   0.2822399623023039   0.1311285342191619   0.1132135978512976
   0.2865408359803797   0.1301471654072966   0.1084914400539556
   0.2916363149567460   0.1302150793423022   0.1050011843252655
   0.2974761428888898   0.1313815011920750   0.1028899213177682
   0.3039886918230624   0.1336729714335365   0.1022821768420896
   0.3110815470919920   0.1370894434331128   0.1032702691804478
   0.3186433976566092   0.1416015141967027   0.1059053489073328
   0.3265472682436775   0.1471492123607945   0.1101901329097091
   0.3346549910539932   0.1536426590574549   0.1160743223231472
   0.3428226676701450   0.1609647436662906   0.1234535086518720
   0.3509067394892068   0.1689757375577756   0.1321720279976317
   0.3587701916767864   0.1775195378156877   0.1420297626943502
   0.3662883804488959   0.1864310295710566   0.1527923884602705
   0.3733540055358621   0.1955439175720733   0.1642041161195427
   0.3798808452008930   0.2046983306465670   0.1760016663981634
   0.3858060140915566   0.2137475539639211   0.1879281015404052
   0.3910906699171676   0.2225633806419471   0.1997452321716899
   0.3957192562778831   0.2310397674643387   0.2112435905708905
   0.3996975022057487   0.2390946924712852   0.2222493473391458
   0.4030494884052032   0.2466703092890024   0.2326279681987012
   0.4058141300416906   0.2537316472018672   0.2422847882386437
   0.4080414197030008   0.2602642026670426   0.2511629703095269
   0.4097887319491106   0.2662708055231831   0.2592394879726743
   0.4111174259779461   0.2717681298686715   0.2665198328111079
   0.4120899087042574   0.2767831696245551   0.2730321110632847
   0.4127672480813517   0.2813499279396512   0.2788210949924749
   0.4132073635226182   0.2855064920690156   0.2839426609040053
   0.4134637710116400   0.2892925919959570   0.2884589044889407
   0.4135848261360234   0.2927476787418556   0.2924340940722621
   0.4136133878912767   0.2959095102614412   0.2959315144815182
   0.4135868174474755   0.2988131994977642   0.2990111731072433
   0.4135372263865995   0.3014906591734321   0.3017282849716679
   0.4134918954340973   0.3039703688489362   0.3041324219942912
   0.4134737949788972   0.3062773889954668   0.3062671985022845
   0.4135021507315171   0.3084335517385696   0.3081703654774943
   0.4135930102465327   0.3104577663206742   0.3098741955741914
   0.4137597777349595   0.3123663874509419   0.3114060558493944
   0.4140136950037422   0.3141736052637090   0.3127890825373088
   0.4143642551743246   0.3158918257032760   0.3140428899926610
   0.4148195429600652   0.3175320192394891   0.3151842627350899
   0.4153865007816911   0.3191040236015620   0.3162277945092536
   0.4160711240224935   0.3206167925930249   0.3171864510099064
   0.4168785914721945   0.3220785880461035   0.3180720432832588
   0.4178133387013830   0.3234971157011755   0.3188956068836687
   0.4188790829663225   0.3248796084165220   0.3196676878439107
   0.4200788084701469   0.3262328618071946   0.3203985406848109
   0.4214147205805095   0.3275632283639624   0.3210982463523893
   0.4228881770772041   0.3288765764880460   0.3217767594346222
   0.4244996037988227   0.3301782208505262   0.3224438945628653
   0.4262484012701420   0.3314728301800348   0.3231092618007390
   0.4281328480913492   0.3327643181074156   0.3237821602834674
   0.4301500061043554   0.3340557221364889   0.3244714385705204
   0.4322956316499680   0.3353490752287503   0.3251853292515738
   0.4345640966080798   0.3366452739302079   0.3259312644010907
   0.4369483223758876   0.3379439464577497   0.3267156775786229
   0.4394397294839280   0.3392433237144754   0.3275437972609719
   0.4420282051692938   0.3405401158226449   0.3284194358871357
   0.4447020909108701   0.3418293964469346   0.3293447780987412
   0.4474481916739959   0.3431044969234185   0.3303201712567200
   0.4502518084045405   0.3443569120037550   0.3313439208910531
   0.4530967951507714   0.3455762188631714   0.3324120933731596
   0.4559656420748932   0.3467500109016530   0.3335183277693073
   0.4588395855479306   0.3478638477914895   0.3346536585219433
   0.4616987465085225   0.3489012231981781   0.3358063503050173
   0.4645222983182644   0.3498435516395504   0.3369617461102449
   0.4672886654758103   0.3506701760714715   0.3381021293574000
   0.4699757547724194   0.3513583980271376   0.3392066006113644
   0.4725612207957864   0.3518835325286602   0.3402509693769696
   0.4750227681268804   0.3522189905803396   0.3412076614938640
   0.4773384931307902   0.3523363928967603   0.3420456429537152
   0.4794872689131021   0.3522057196768528   0.3427303616219349
   0.4814491777808239   0.3517955027748388   0.3432237095058529
   0.4832059963751126   0.3510730686117915   0.3434840100450113
   0.4847417394693568   0.3500048426889870   0.3434660376216830
   0.4860432691512018   0.3485567296713737   0.3431210803619249
   0.4871009765818075   0.3466945867540231   0.3423970626328226
   0.4879095435339084   0.3443848124189340   0.3412387508066156
   0.4884687901476438   0.3415950776834586   0.3395880752696814
   0.4887846133910806   0.3382952323788950   0.3373846137377881
   0.4888700170094429   0.3344584245545569   0.3345662960992707
   0.4887462275609125   0.3300624761987392   0.3310704095085202
   0.4884438815437295   0.3250915621472111   0.3268350042397041
   0.4880042545045196   0.3195382398254459   0.3218008252206784
   0.4874804831192144   0.3134058731423809   0.3159139194761523
   0.4869387042664074   0.3067114813150243   0.3091290924883646
   0.4864589999981437   0.2994890184921438   0.3014144007341391
   0.4861359936381897   0.2917930475277454   0.2927568637673816
   0.4860788909320535   0.2837027051104429   0.2831695429067876
   0.4864107045176919   0.2753257597071196   0.2727000452500677
   0.4872663469249404   0.2668024342033091   0.2614403469199096
   0.4887892389214734   0.2583085021788968   0.2495375617561030
   0.4911260747350992   0.2500569799716436   0.2372048897390583
   0.4944194384750127   0.2422975502352025   0.2247314597761493
   0.4987981063987297   0.2353127110588286   0.2124891679997809
   0.5043651255637848   0.2294096156100873   0.2009340007182645
   0.5111841464984465   0.2249067375314009   0.1905988980961875
   0.5192649930724910   0.2221149560701349   0.1820752220242367
   0.5285500178021115   0.2213134598014859   0.1759806458368570
   0.5389032982515399   0.2227219964814872   0.1729130357660554
   0.5501050102165266   0.2264722973084154   0.1733926808336151
   0.5618531781846913   0.2325826733409313   0.1777986978207041
   0.5737743138590589   0.2409404049388527   0.1863087635058200
   0.5854432012138123   0.2512962174378290   0.1988533228106762
   0.5964104565461592   0.2632736475886648   0.2150949344906866
   0.6062348573690776   0.2763936074575064   0.2344398839546191
   0.6145162586188041   0.2901115056674188   0.2560831113896794
   0.6209245855976728   0.3038617128754680   0.2790804659821681
   0.6252210557860542   0.3171027396348345   0.3024364654759755
   0.6272692653477059   0.3293566453472647   0.3251929491550158
   0.6270356553732500   0.3402377979816277   0.3465049810532397
   0.6245806360867163   0.3494685780699635   0.3656944504286929
   0.6200428852002376   0.3568821974498734   0.3822774335308435
   0.6136198623067539   0.3624148265917524   0.3959667354241907
   0.6055474413114396   0.3660903472230859   0.4066548261438429
   0.5960809624481250   0.3680012612232565   0.4143841295816986
   0.5854792006496891   0.3682888216441705   0.4193115411337415
   0.5739919574262231   0.3671246259934132   0.4216727672713917
   0.5618513473584219   0.3646950125238566   0.4217502903579280
   0.5492664221039649   0.3611888196612068   0.4198470068234353
   0.5364205461361291   0.3567884965222913   0.4162661779891400
   0.5234708669341263   0.3516641993136476   0.4112973763498899
   0.5105492556011539   0.3459703390626821   0.4052075752874680
   0.4977641844800432   0.3398440082852395   0.3982363206426834
   0.4852031205523390   0.3334047569219216   0.3905939280823806
   0.4729351241739998   0.3267552706604934   0.3824617753924213
   0.4610134395323704   0.3199825997117109   0.3739939339140985
   0.4494779411619911   0.3131596765336317   0.3653195639005958
   0.4383573596674729   0.3063469386134510   0.3565456604416415
   0.4276712516709676   0.2995939344568610   0.3477598696459488
   0.4174317071032461   0.2929408378523439   0.3390331973947046
   0.4076448045515494   0.2864198292883235   0.3304225081075426
   0.3983118353612895   0.2800563266533516   0.3219727633749223
   0.3894303219233380   0.2738700625432516   0.3137189850924907
   0.3809948568747325   0.2678760148086862   0.3056879494836776
   0.3729977891209807   0.2620852021586091   0.2978996309168864
   0.3654297805791222   0.2565053590361501   0.2903684206679865
   0.3582802549639880   0.2511415045940168   0.2831041479410176
   0.3515377571942980   0.2459964201192764   0.2761129301073605
   0.3451902393211685   0.2410710481743756   0.2693978773368736
   0.3392252864127029   0.2363648253515095   0.2629596742928017
   0.3336302936275858   0.2318759590835040   0.2567970588052094
   0.3283926037966297   0.2276016575380795   0.2509072147042888
   0.3234996131963168   0.2235383203111388   0.2452860934423136
   0.3189388518205488   0.2196816964605559   0.2399286768387116
   0.3146980433073739   0.2160270153945712   0.2348291912741778
   0.3107651487259379   0.2125690952448436   0.2299812819342185
   0.3071283976457092   0.2093024326026822   0.2253781542408229
   0.3037763092680744   0.2062212768638194   0.2210126883856590
   0.3006977058755652   0.2033196918970293   0.2168775318591815
   0.2978817204255680   0.2005916073100925   0.2129651740275935
   0.2953177997656304   0.1980308612192879   0.2092680061160599
   0.2929957046617108   0.1956312361234717   0.2057783693872307
   0.2909055075965823   0.1933864892301989   0.2024885938374606
   0.2890375891030796   0.1912903783700633   0.1993910293506791
   0.2873826332376874   0.1893366844587272   0.1964780709361082
   0.2859316226674452   0.1875192313174950   0.1937421794179949
   0.2846758337319055   0.1858319035373391   0.1911758987324121
   0.2836068317475491   0.1842686629635327   0.1887718708091254
   0.2827164667411777   0.1828235642848064   0.1865228488682353
   0.2819968697286338   0.1814907701291631   0.1844217098357852
   0.2814404495934700   0.1802645659956579   0.1824614664748962
   0.2810398905652853   0.1791393752855152   0.1806352797352002
   0.2807881502479474   0.1781097746351870   0.1789364717400950
   0.2806784581028757   0.1771705096969430   0.1773585397558507
   0.2807043142511694   0.1763165114581283   0.1758951714165479
   0.2808594884201674   0.1755429131373258   0.1745402614122329
   0.2811380188246661   0.1748450676434964   0.1732879297827892
   0.2815342107403943   0.1742185655320258   0.1721325418953450
   0.2820426344974989   0.1736592533389461   0.1710687301171396
   0.2826581225949810   0.1731632521209838   0.1700914171274397
   0.2833757656136328   0.1727269759742592   0.1691958407401590
   0.2841909065857048   0.1723471502483220   0.1683775800322954
   0.2850991334650932   0.1720208291148899   0.1676325824913051
   0.2860962693333000   0.1717454120925375   0.1669571918064715
   0.2871783599750584   0.1715186590703469   0.1663481758348643
   0.2883416584648079   0.1713387033162853   0.1658027541717384
   0.2895826064227900   0.1712040619012835   0.1653186246488233
   0.2908978116293021   0.1711136429196838   0.1648939879732541
   0.2922840217295134   0.1710667488434570   0.1645275696070943
   0.2937380938212004   0.1710630753144486   0.1642186378757482
   0.2952569597956954   0.1711027046596333   0.1639670171874735
   0.2968375873999086   0.1711860934131406   0.1637730951514418
   0.2984769371056768   0.1713140531503125   0.1636378223054754
   0.3001719150125088   0.1714877239882201   0.1635627031152487
   0.3019193221706491   0.1717085401888340   0.1635497768940896
   0.3037158008917696   0.1719781874200556   0.1636015873273020
   0.3055577788115462   0.1722985513900255   0.1637211393783100
   0.3074414116771750   0.1726716577741932   0.1639118425169166
   0.3093625260470399   0.1730996036035214   0.1641774394524904
   0.3113165633006404   0.1735844805743831   0.1645219198846418
   0.3132985265540892   0.1741282910718384   0.1649494192052093
   0.3153029322476876   0.1747328580600779   0.1654641025975326
   0.3173237683037353   0.1753997303752647   0.1660700355753003
   0.3193544608304588   0.1761300853411148   0.1667710426695740
   0.3213878513576024   0.1769246309970078   0.1675705566865837
   0.3234161865178712   0.1777835105597058   0.1684714616897497
   0.3254311219254721   0.1787062120083074   0.1694759335682902
   0.3274237417417764   0.1796914858626109   0.1705852826962662
   0.3293845950567755   0.1807372742935859   0.1717998037102243
   0.3313037497579061   0.1818406546404857   0.1731186377900247
   0.3331708640160881   0.1829978001972004   0.1745396529684402
   0.3349752749107244   0.1842039607635028   0.1760593478810233
   0.3367061030659421   0.1854534649371729   0.1776727839715151
   0.3383523715103163   0.1867397454636840   0.1793735504796311
   0.3399031363365203   0.1880553881853485   0.1811537655675324
   0.3413476261625498   0.1893922042760992   0.1830041157207645
   0.3426753869181171   0.1907413245545545   0.1849139341426089
   0.3438764281306535   0.1920933137856548   0.1868713173203709
   0.3449413666906529   0.1934383020611359   0.1888632773652133
   0.3458615640524997   0.1947661296408025   0.1908759262084741
   0.3466292529805786   0.1960665010833924   0.1928946863717607
   0.3472376502761017   0.1973291441315869   0.1949045219019364
   0.3476810524012000   0.1985439686616528   0.1968901822460630
   0.3479549115270629   0.1997012210712629   0.1988364513840561
   0.3480558902379571   0.2007916297515070   0.2007283944607529
   0.3479818938833984   0.2018065377494850   0.2025515944593916
   0.3477320803452361   0.2027380193431622   0.2042923721039646
   0.3473068477346342   0.2035789779789355   0.2059379831149371
   0.3467078012196855   0.2043232238184331   0.2074767881009452
   0.3459377007777609   0.2049655299574552   0.2088983916678651
   0.3450003921456646   0.2055016671723292   0.2101937486827862
   0.3439007235920343   0.2059284177787291   0.2113552369646401
   0.3426444513556013   0.2062435698244723   0.2123766969157556
   0.3412381366834569   0.2064458933594383   0.2132534397034736
   0.3396890373755862   0.2065351009204734   0.2139822265082989
   0.3380049966111778   0.2065117946338606   0.2145612220518347
   0.3361943316174574   0.2063774024774942   0.2149899260969081
   0.3342657244637692   0.2061341062703439   0.2152690868807485
   0.3322281169431200   0.2057847638838459   0.2154006005179355
   0.3300906111601316   0.2053328280168530   0.2153874003192080
   0.3278623770959113   0.2047822636622585   0.2152333397460639
   0.3255525680815788   0.2041374661385072   0.2149430723922319
   0.3231702447948170   0.2034031812807217   0.2145219319838852
   0.3207243081064698   0.2025844290996685   0.2139758149507048
   0.3182234408524747   0.2016864319352080   0.2133110676657144
   0.3156760583932403   0.2007145478643861   0.2125343800047454
   0.3130902676486221   0.1996742098802762   0.2116526864532512
   0.3104738341607653   0.1985708711409253   0.2106730756011277
   0.3078341566367427   0.1974099564008820   0.2096027085230092
   0.3051782483547017   0.1961968195815289   0.2084487462463792
   0.3025127247771148   0.1949367073100990   0.2072182862638125
   0.2998437966984763   0.1936347281590301   0.2059183078474537
   0.2971772682581517   0.1922958272446594   0.2045556257703878
   0.2945185391680354   0.1909247657942339   0.2031368519266766
   0.2918726105354696   0.1895261052596364   0.2016683642646209
   0.2892440937012350   0.1881041955419292   0.2001562824011300
   0.2866372215574496   0.1866631668897825   0.1986064492638052
   0.2840558618585045   0.1852069250442682   0.1970244181065996
   0.2815035320877529   0.1837391492198414   0.1954154442602457
   0.2789834154919665   0.1822632925344367   0.1937844810060636
   0.2764983779433961   0.1807825845285721   0.1921361789978232
   0.2740509853347160   0.1793000354426544   0.1904748886981295
   0.2716435212546172   0.1778184419520356   0.1888046653409094
   0.2692780047309077   0.1763403940897966   0.1871292759780936
   0.2669562078635236   0.1748682831169661   0.1854522082149628
   0.2646796732017695   0.1734043101283527   0.1837766802837526
   0.2624497307484395   0.1719504952089884   0.1821056521481297
   0.2602675144983659   0.1705086869810815   0.1804418373715078
   0.2581339784405839   0.1690805724042372   0.1787877155194972
   0.2560499119719145   0.1676676867124280   0.1771455449008963
   0.2540159546855967   0.1662714233898300   0.1755173754824715
   0.2520326105119151   0.1648930441042161   0.1739050618403777
   0.2501002611987971   0.1635336885312191   0.1723102760355588
   0.2482191791293844   0.1621943840155591   0.1707345203220007
   0.2463895394808056   0.1608760550264010   0.1691791396154754
   0.2446114317340498   0.1595795323735078   0.1676453336666371
   0.2428848705491469   0.1583055621589252   0.1661341688962280
   0.2412098060229875   0.1570548144457034   0.1646465898619328
   0.2395861333492409   0.1558278916307714   0.1631834303363185
   0.2380137019010888   0.1546253365136469   0.1617454239834918
   0.2364923237580366   0.1534476400563091   0.1603332146288068
   0.2350217816979843   0.1522952488323892   0.1589473661213267
   0.2336018366751824   0.1511685721659345   0.1575883717929404
   0.2322322348037011   0.1500679889614807   0.1562566635212133
   0.2309127138647335   0.1489938542280800   0.1549526204053280
   0.2296430093544761   0.1479465053003760   0.1536765770659624
   0.2284228600875527   0.1469262677598303   0.1524288315807685
   0.2272520133690232   0.1459334610588676   0.1512096530673181
   0.2261302297460037   0.1449684038500535   0.1500192889250941
   0.2250572873478443   0.1440314190215029   0.1488579717473373
   0.2240329858217229   0.1431228384385800   0.1477259259124191
   0.2230571498684397   0.1422430073906342   0.1466233738629221
   0.2221296323811792   0.1413922887400431   0.1455505420788271
   0.2212503171880709   0.1405710667692558   0.1445076667491648
   0.2204191213975569   0.1397797507198670   0.1434949991442427
   0.2196359973438992   0.1390187780160398   0.1425128106881085
   0.2189009341286527   0.1382886171628616   0.1415613977283316
   0.2182139587526252   0.1375897703085093   0.1406410859974711
   0.2175751368317692   0.1369227754574271   0.1397522347578057
   0.2169845728896398   0.1362882083201344   0.1388952406180615
   0.2164424102185206   0.1356866837838210   0.1380705410080048
   0.2159488303011119   0.1351188569865714   0.1372786172939481
   0.2155040517848086   0.1345854239769521   0.1365199975154382
   0.2151083290011044   0.1340871219398239   0.1357952587207560
   0.2147619500235658   0.1336247289686545   0.1351050288763768
   0.2144652342591418   0.1331990633643478   0.1344499883232875
   0.2142185295693584   0.1328109824407335   0.1338308707511017
   0.2140222089201652   0.1324613808174007   0.1332484636593095
   0.2138766665619143   0.1321511881815875   0.1327036082738372
   0.2137823137441249   0.1318813665023709   0.1321971988864384
   0.2137395739733398   0.1316529066825126   0.1317301815843739
   0.2137488778265016   0.1314668246360153   0.1313035523384603
   0.2138106573368237   0.1313241567827911   0.1309183544189384
   0.2139253399741077   0.1312259549558465   0.1305756751108318
   0.2140933422467795   0.1311732807210709   0.1302766417035989
   0.2143150629585580   0.1311671991150817   0.1300224167340093
   0.2145908761585279   0.1312087718126191   0.1298141924663340
   0.2149211238294033   0.1312990497416658   0.1296531846001953
   0.2153061083648100   0.1314390651717577   0.1295406252037881
   0.2157460848923904   0.1316298233087728   0.1294777548786552
   0.2162412535052927   0.1318722934377621   0.1294658141717593
   0.2167917514700144   0.1321673996640024   0.1295060342611781
   0.2173976454834760   0.1325160113112714   0.1295996269532673
   0.2180589240564322   0.1329189330452242   0.1297477740414501
   0.2187754901037421   0.1333768947984943   0.1299516160897410
   0.2195471538244234   0.1338905415825690   0.1302122407174735
   0.2203736259556892   0.1344604232793702   0.1305306704752335
   0.2212545114851211   0.1350869845125848   0.1309078504153916
   0.2221893039036772   0.1357705547049033   0.1313446354735891
   0.2231773800792315   0.1365113384321890   0.1318417777896592
   0.2242179958257342   0.1373094061889997   0.1323999141074322
   0.2253102822368061   0.1381646856815881   0.1330195534022567
   0.2264532428446512   0.1390769537643234   0.1337010648925027
   0.2276457516555997   0.1400458291332446   0.1344446665964168
   0.2288865521024927   0.1410707658860417   0.1352504145981304
   0.2301742569415897   0.1421510480510882   0.1361181931860782
   0.2315073491079342   0.1432857851791878   0.1370477060233111
   0.2328841835283400   0.1444739090804936   0.1380384685020342
   0.2343029898756686   0.1457141717756832   0.1390898014240331
   0.2357618762321373   0.1470051447151116   0.1402008261345198
   0.2372588336133697   0.1483452193025273   0.1413704612193946
   0.2387917412891542   0.1497326087413088   0.1425974208552135
   0.2403583728217566   0.1511653512014083   0.1438802148775657
   0.2419564027285354   0.1526413142846577   0.1452171506075198
   0.2435834136628830   0.1541582007452223   0.1466063364477904
   0.2452369039965144   0.1557135554012322   0.1480456872308676
   0.2469142956771393   0.1573047731534473   0.1495329312712037
   0.2486129422288762   0.1589291080076569   0.1510656190433140
   0.2503301367585745   0.1605836829798442   0.1526411333780330
   0.2520631198297053   0.1622655007473525   0.1542567010408605
   0.2538090870667057   0.1639714548957514   0.1559094055299941
   0.2555651963566895   0.1656983416001158   0.1575962009078987
   0.2573285745221908   0.1674428715712634   0.1593139264596453
   0.2590963233480239   0.1692016820923167   0.1610593219542299
   0.2608655248572183   0.1709713489688702   0.1628290432720172
   0.2626332457451649   0.1727483982170903   0.1646196781526045
   0.2643965408972711   0.1745293173182188   0.1664277618129022
   0.2661524559333378   0.1763105658750745   0.1682497921851395
   0.2678980287411745   0.1780885855161151   0.1700822445287318
   0.2696302899823517   0.1798598089051806   0.1719215851783556
   0.2713462625741218   0.1816206677299885   0.1737642842029007
   0.2730429601730415   0.1833675995594511   0.1756068267659196
   0.2747173847074373   0.1850970534786749   0.1774457229973777
   0.2763665230271871   0.1868054944307537   0.1792775162085478
   0.2779873427601246   0.1884894062158505   0.1810987893063567
   0.2795767874843917   0.1901452931203046   0.1829061692899450
   0.2811317713450551   0.1917696801712754   0.1846963297402343
   0.2826491732610637   0.1933591120354782   0.1864659912424855
   0.2841258308849475   0.1949101506036429   0.1882119197118141
   0.2855585344924240   0.1964193713251618   0.1899309226220234
   0.2869440209921325   0.1978833583798292   0.1916198431686206
   0.2882789682569777   0.1992986987953849   0.1932755524271922
   0.2895599899879408   0.2006619756406250   0.1948949395981566
   0.2907836313286519   0.2019697604439633   0.1964749004580715
   0.2919463654544844   0.2032186050064107   0.1980123241658959
   0.2930445913633994   0.2044050327958666   0.1995040785997312
   0.2940746330972432   0.2055255301262792   0.2009469944253680
   0.2950327406217053   0.2065765373405665   0.2023378481223009
   0.2959150925907182   0.2075544402301132   0.2036733442155603
   0.2967178012167779   0.2084555619361283   0.2049500969826031
   0.2974369194625907   0.2092761555891216   0.2061646119234672
   0.2980684507616876   0.2100123979522511   0.2073132672993190
   0.2986083614663423   0.2106603843422961   0.2083922960593065
   0.2990525962104398   0.2112161251086111   0.2093977684882746
   0.2993970963630079   0.2116755439556942   0.2103255759183688
   0.2996378217351823   0.2120344783990920   0.2111714158559821
   0.2997707756895653   0.2122886826474872   0.2119307788820413
   0.2997920337864978   0.2124338332061745   0.2125989376885790
   0.2996977760868281   0.2124655374990535   0.2131709386182884
   0.2994843232155055   0.2123793458080750   0.2136415960768755
   0.2991481762748081   0.2121707668311749   0.2140054901911842
   0.2986860606802540   0.2118352871625014   0.2142569680901297
   0.2980949739761286   0.2113683950026350   0.2143901491914599
   0.2973722376708409   0.2107656084118952   0.2143989348864274
   0.2965155531145363   0.2100225084270980   0.2142770230279218
   0.2955230614218907   0.2091347773714940   0.2140179276469146
   0.2943934074208203   0.2080982426992131   0.2136150043487117
   0.2931258075816621   0.2069089267292092   0.2130614818760424
   0.2917201218495654   0.2055631026390384   0.2123505003719261
   0.2901769292632034   0.2040573571049408   0.2114751569328704
   0.2884976071929036   0.2023886599903176   0.2104285591133508
   0.2866844139676814   0.2005544414977287   0.2092038871262611
   0.2847405745797216   0.1985526772071882   0.2077944655810662
   0.2826703690521965   0.1963819814219461   0.2061938457106526
   0.2804792229270087   0.1940417092271080   0.2043958991570546
   0.2781737991675563   0.1915320676299622   0.2023949245112406
   0.2757620905720188   0.1888542360857138   0.2001857679266259
   0.2732535115487306   0.1860104966086873   0.1977639592407492
   0.2706589878107754   0.1830043735151723   0.1951258651317551
   0.2679910421963221   0.1798407826261190   0.1922688608887387
   0.2652638744097870   0.1765261894600549   0.1891915223650991
   0.2624934320039866   0.1730687755512446   0.1858938395831253
   0.2596974693852870   0.1694786115164049   0.1823774532305249
   0.2568955910270528   0.1657678348459632   0.1786459148924910
   0.2541092744321657   0.1619508295947216   0.1747049712458277
   0.2513618677117350   0.1580444041768588   0.1705628715476937
   0.2486785559733697   0.1540679623225260   0.1662306965192651
   0.2460862900800753   0.1500436609289315   0.1617227050920946
   0.2436136708062300   0.1459965470536476   0.1570566933956458
   0.2412907810529852   0.1419546646885396   0.1522543577766857
   0.2391489586817039   0.1379491202830748   0.1473416505403459
   0.2372205027868654   0.1340140943537560   0.1423491135175637
   0.2355383069781755   0.1301867850599620   0.1373121705859809
   0.2341354146004220   0.1265072685275522   0.1322713560772224
   0.2330444929088689   0.1230182601860946   0.1272724518742997
   0.2322972261368985   0.1197647617171604   0.1223665023423135
   0.2319236311987299   0.1167935796761529   0.1176096735758856
   0.2319513044546363   0.1141527047316580   0.1130629224376271
   0.2324046134272280   0.1118905450057446   0.1087914422340825
   0.2333038533750924   0.1100550133454761   0.1048638563710182
   0.2346643948484433   0.1086924765089068   0.1013511395957533
   0.2364958542745748   0.1078465839959216   0.0983252588822696
   0.2388013246299116   0.1075570051220874   0.0958575426594448
   0.2415767066522702   0.1078581141619587   0.0940168073818831
   0.2448101821276547   0.1087776739447611   0.0928672931788663
   0.2484818689406753   0.1103355769354230   0.0924664835622997
   0.2525636924064379   0.1125427082708261   0.0928629053850895
   0.2570194988277161   0.1153999962514087   0.0940940215062730
   0.2618054255770981   0.1188977115491674   0.0961843370641538
   0.2668705280649428   0.1230150665644203   0.0991438385577591
   0.2721576488973357   0.1277201513241348   0.1029668718422326
   0.2776044998087330   0.1329702231944487   0.1076315409095082
   0.2831449141088880   0.1387123462754518   0.1130996758987271
   0.2887102177955680   0.1448843548906462   0.1193173796649055
   0.2942306621492095   0.1514160964059679   0.1262161220044549
   0.2996368599770793   0.1582308937512476   0.1337143141771560
   0.3048611715101693   0.1652471588673935   0.1417192679894631
   0.3098389934841438   0.1723800853946952   0.1501294263623031
   0.3145099149360748   0.1795433518633487   0.1588367470734572
   0.3188187143107102   0.1866507742788464   0.1677291273456552
   0.3227161832517396   0.1936178576522637   0.1766927716120862
   0.3261597719024809   0.2003632079176241   0.1856144246139713
   0.3291140580311309   0.2068097772283170   0.1943834132735906
   0.3315510476607765   0.2128859257194441   0.2028934604061605
   0.3334503183475393   0.2185262909255972   0.2110442492232396
   0.3347990182903107   0.2236724621578571   0.2187427289392982
   0.3355917356439265   0.2282734616695995   0.2259041589606048
   0.3358302532607140   0.2322860379719603   0.2324528932368191
   0.3355232049622950   0.2356747797853394   0.2383229088493176
   0.3346856505029056   0.2384120622669002   0.2434580851635915
   0.3333385875974012   0.2404778405380453   0.2478122428587873
   0.3315084205853672   0.2418593091202634   0.2513489563058120
   0.3292264062556804   0.2425504494661894   0.2540411580243322
   0.3265280978353341   0.2425514910495437   0.2558705598594226
   0.3234528079799038   0.2418683141582158   0.2568269214460701
   0.3200431107015394   0.2405118243974705   0.2569072018451120
   0.3163444005305811   0.2384973298483794   0.2561146344630619
   0.3124045248938140   0.2358439518576136   0.2544577682775722
   0.3082735028086541   0.2325740996812694   0.2519495200104007
   0.3040033396427414   0.2287130378567108   0.2486062824834723
   0.2996479439445471   0.2242885734389633   0.2444471343886770
   0.2952631482235975   0.2193308882834734   0.2394931966048809
   0.2909068309783309   0.2138725394709491   0.2337671804983256
   0.2866391320732675   0.2079486487061697   0.2272931747290862
   0.2825227475015547   0.2015972988595290   0.2200967191364624
   0.2786232823020028   0.1948601523213956   0.2122052171616196
   0.2750096315504915   0.1877833008185049   0.2036487414272607
   0.2717543485354789   0.1804183488342163   0.1944612893924039
   0.2689339461635600   0.1728237215300114   0.1846825455378952
   0.2666290622424849   0.1650661715771950   0.1743602004634967
   0.2649244018674771   0.1572224359128591   0.1635528616090646
   0.2639083516399065   0.1493809615316915   0.1523335598638058
   0.2636721427622953   0.1416435778672158   0.1407938048674120
   0.2643084263390946   0.1341269420343289   0.1290480626656577
   0.2659091191938460   0.1269635241123572   0.1172384167824560
   0.2685623886054824   0.1203018377909084   0.1055390251702387
   0.2723486774247547   0.1143055665123823   0.0941598051590509
   0.2773357354550804   0.1091512015353113   0.0833485821357046
   0.2835727258898454   0.1050238163935029   0.0733907572865860
   0.2910836199091916   0.1021106760886074   0.0646054370550208
   0.2998602731078957   0.1005925423748475   0.0573369921232195
   0.3098557769713349   0.1006328034733114   0.0519412555139637
   0.3209788649579168   0.1023649230560788   0.0487660938964551
   0.3330902795421570   0.1058791346460818   0.0481269140091649
   0.3460020198310119   0.1112097320401285   0.0502787352629095
   0.3594802408114258   0.1183246194459087   0.0553875990250441
   0.3732522409153389   0.1271188690998203   0.0635050201865951
   0.3870174729898637   0.1374137938839414   0.0745495935473257
   0.4004619158122388   0.1489624471298734   0.0882994759162579
   0.4132745651138144   0.1614615772060664   0.1043981792804952
   0.4251643793621911   0.1745690557865136   0.1223740973606511
   0.4358758593423976   0.1879248936380612   0.1416718724354601
   0.4452016041358336   0.2011733781996408   0.1616916612949800
   0.4529906397712515   0.2139837547268117   0.1818311034266905
   0.4591519564045960   0.2260672405704700   0.2015246264561561
   0.4636533701055913   0.2371888948196020   0.2202756143496568
   0.4665164053292778   0.2471737648912415   0.2376785932860901
   0.4678082764048893   0.2559075862501575   0.2534304856506148
   0.4676321956458231   0.2633329592699540   0.2673316884321079
   0.4661171750980974   0.2694422896191092   0.2792789389862579
   0.4634082798856763   0.2742688599594000   0.2892525254960494
   0.4596580079355644   0.2778772641614333   0.2973004390598757
   0.4550191799239727   0.2803541686969444   0.3035217089974734
   0.4496394710539796   0.2818000536868020   0.3080506009474203
   0.4436575266431577   0.2823222916716229   0.3110427511832022
   0.4372004813712037   0.2820296826247469   0.3126637709423857
   0.4303826397329260   0.2810283927970579   0.3130804375855314
   0.4233050589148461   0.2794191399912949   0.3124543080030696
   0.4160557898731135   0.2772954170861717   0.3109374295167658
   0.4087105645039567   0.2747425342106612   0.3086697574501133
   0.4013337562291427   0.2718372737347667   0.3057778870422250
   0.3939794811156514   0.2686479796345436   0.3023747444886654
   0.3866927426964994   0.2652349354225466   0.2985599376822723
   0.3795105539904093   0.2616509172730603   0.2944205280383726
   0.3724629943152262   0.2579418381330839   0.2900320423073357
   0.3655741767081327   0.2541474231033765   0.2854595932074331
   0.3588631149011899   0.2503018759032697   0.2807590184831527
   0.3523444878049803   0.2464345111368126   0.2759779797045792
   0.3460293052606002   0.2425703380025465   0.2711569857559896
   0.3399254822582152   0.2387305887790130   0.2663303228675625
   0.3340383305736058   0.2349331905924073   0.2615268846249814
   0.3283709773811406   0.2311931822643250   0.2567709029290495
   0.3229247202691251   0.2275230799691540   0.2520825854562287
   0.3176993275070036   0.2239331964148945   0.2474786676622147
   0.3126932916007188   0.2204319186114262   0.2429728884446987
   0.3079040432621751   0.2170259492368532   0.2385763987365671
   0.3033281320009285   0.2137205163194768   0.2342981118952488
   0.2989613786748765   0.2105195555331390   0.2301450040371616
   0.2947990045412280   0.2074258689321498   0.2261223716058823
   0.2908357406422780   0.2044412634762678   0.2222340525666876
   0.2870659207449152   0.2015666722445544   0.2184826167542304
   0.2834835605244772   0.1988022608244832   0.2148695301009635
   0.2800824252352335   0.1961475209959540   0.2113952967588719
   0.2768560877325292   0.1936013535099469   0.2080595825011459
   0.2737979783962803   0.1911621414862400   0.2048613222511616
   0.2709014282431680   0.1888278157201181   0.2017988141269818
   0.2681597062974295   0.1865959129896374   0.1988698020019577
   0.2655660521103668   0.1844636282880968   0.1960715482568162
   0.2631137041703366   0.1824278617663499   0.1934008981269223
   0.2607959248227217   0.1804852610523675   0.1908543368220757
   0.2586060222186962   0.1786322595174272   0.1884280404079290
   0.2565373697287778   0.1768651109763210   0.1861179212816219
   0.2545834231890454   0.1751799212404336   0.1839196689441701
   0.2527377362919658   0.1735726768852061   0.1818287866640390
   0.2509939743878691   0.1720392715455655   0.1798406245364569
   0.2493459269255035   0.1705755300128310   0.1779504093683300
   0.2477875187293367   0.1691772303731728   0.1761532717566026
   0.2463128202861511   0.1678401243998551   0.1744442706764998
   0.2449160571930215   0.1665599563884013   0.1728184158536492
   0.2435916189020907   0.1653324806047405   0.1712706881591867
   0.2423340668840102   0.1641534775007687   0.1697960582385235
   0.2411381423208456   0.1630187688390216   0.1683895035614826
   0.2399987734301494   0.1619242318579122   0.1670460240632742
   0.2389110825143488   0.1608658126008189   0.1657606565315313
   0.2378703928231501   0.1598395385258775   0.1645284878838374
   0.2368722353110162   0.1588415305083290   0.1633446674722984
   0.2359123553665867   0.1578680143434117   0.1622044185463201
   0.2349867195859450   0.1569153318547914   0.1611030490014151
   0.2340915226566053   0.1559799517111619   0.1600359615402371
   0.2332231944138095   0.1550584800516802   0.1589986633717684
   0.2323784071249679   0.1541476710190848   0.1579867755753674
   0.2315540830516785   0.1532444372975115   0.1569960422579124
   0.2307474023315281   0.1523458607498978   0.1560223396342949
   0.2299558112137038   0.1514492032473132   0.1550616851637368
   0.2291770306731306   0.1505519177792985   0.1541102468765829
   0.2284090654173223   0.1496516599302058   0.1531643530281118
   0.2276502132882242   0.1487462998013337   0.1522205022172265
   0.2268990750479682   0.1478339344521745   0.1512753741084163
   0.2261545645225174   0.1469129009261061   0.1503258408948082
   0.2254159190605904   0.1459817899161321   0.1493689796381966
   0.2246827102469429   0.1450394601145790   0.1484020856183199
   0.2239548547889900   0.1440850532767549   0.1474226868180171
   0.2232326254738523   0.1431180100121957   0.1464285596628641
   0.2225166620692058   0.1421380862980418   0.1454177461230580
   0.2218079820158413   0.1411453706870201   0.1443885722712140
   0.2211079907326931   0.1401403021572261   0.1433396683718992
   0.2204184913264169   0.1391236885221614   0.1422699905565612
   0.2197416934676123   0.1380967252870873   0.1411788441104887
   0.2190802211648130   0.1370610148015345   0.1400659083659052
   0.2184371191358193   0.1360185855176763   0.1389312631566409
   0.2178158574443709   0.1349719111202028   0.1377754167444228
   0.2172203340392498   0.1339239292454446   0.1365993350740473
   0.2166548748034992   0.1328780594560314   0.1354044721540537
   0.2161242306945954   0.1318382200827758   0.1341928012905672
   0.2156335715333051   0.1308088434884205   0.1329668468244956
