0 2 6 10 6  0.47407905282762 2.12675928690833 3.65512659092031 5.40977194649142 2.29242068502085 
0 2 6 11 6  0.33885242232567 2.27441321156135 3.51028495781855 -0.36414681441833 2.79635650391151 
0 2 7 1 7  0.49948940775129 2.09448197036146 -2.59388002084830 0.51829007117492 3.67066415386372 
0 2 8 3 8  0.67856653514636 1.91413522355309 -2.43321980311618 1.39236455396045 -1.73031258477270 
0 2 8 4 8  0.53367333294583 2.06270819914716 -2.56845154938981 1.89661519944648 5.06224005437039 
0 4 0 6 8  0.51351375308172 2.26824890224240 5.43382253852136 3.61576808969900 -1.01548313025968 
0 4 0 8 6  0.47413029262960 2.29217656407630 5.40977491387178 3.65512255108172 2.12622433367007 
0 4 6 0 6  0.04240805387591 2.98940309644395 3.81648740321873 -0.15151330484899 3.18359982433155 
0 4 6 0 7  0.36420505946068 2.77283350900368 4.00839002662999 -0.33877007872790 3.48675734934221 
0 4 6 0 8  0.87341732824830 2.62808922143411 4.15694009237810 -0.47412201943209 3.99111548225422 
0 4 8 0 6  0.24560142499205 2.75236567448326 4.71236199362427 0.38912900256028 2.89603534703400 
0 4 8 1 7  0.38384075582659 2.70012647366656 4.63038820243039 0.66329324175924 3.66520967341515 
0 4 8 2 6  -0.07154731515215 3.03716592565931 4.29316294910820 1.11878849833824 3.66547051817530 
0 4 8 2 8  0.65800948452602 2.61796808874167 4.57817135418713 0.80150079970400 -1.84875668661740 
0 4 8 4 10  1.07911667164902 2.60785940067458 4.36263134985930 1.24508876037691 -0.57308479190957 
0 4 8 10 4  -0.19783223513757 2.96778785742966 4.72242541803022 -0.03223025312662 1.62030827220419 
0 4 9 2 6  0.00000381420464 2.88085086118769 -1.52160911539082 1.52161146597632 3.40223631692298 
0 4 9 3 8  0.60561105101443 2.53596562078224 -1.43109080227217 1.57080765671959 -1.71047479748112 
0 4 9 4 10  1.22735332927080 2.46313985911999 -1.41136529359168 1.74913641591076 -0.70834535696374 
0 4 10 2 6  0.07152985474135 2.61830266038957 -1.11868940139296 1.98999136277982 3.24607066477642 
0 4 10 2 7  0.47443381813926 2.35502647930831 -1.04719734009434 1.83370467837821 -2.56885414237424 
0 4 10 2 8  0.94287146011911 2.19878304480108 -0.97572126995199 1.57161018452991 -2.16617084372721 
0 4 10 4 8  0.52351491397783 2.48363939654813 -1.29279326779380 2.33997126238939 4.84674648931233 
0 4 10 4 10  1.41851132337063 2.24665641742707 -1.08963403984984 2.05247339690741 -0.89574826052119 
0 4 10 8 4  6.10947503409986 2.94381283700618 -1.52141587304899 3.10979385522913 1.58086315736827 
0 5 0 6 8  0.36865533667132 2.77751428391950 -0.34526616400194 3.48043699717247 -0.86689008442246 
0 5 0 8 6  0.33884178974801 2.79636668476409 -0.36413812497126 3.51039223002277 2.27462458161024 
0 5 10 2 8  0.78641428626853 2.66716283666569 -0.57260689696072 1.30766001291918 -2.09435871715104 
0 5 11 4 8  0.44156930767906 2.75768884522065 -0.52362041432751 2.47832394980067 4.79443577849715 
0 5 11 5 10  1.04728830540672 2.64201636459185 -0.52903674140260 2.62344138462975 -0.54768433622855 
0 6 0 6 4  -0.15225618607176 3.18401033008860 0.04195926644510 2.99008014371305 0.67448769675412 
0 6 0 6 8  0.15231752943538 3.09916454943958 -0.04190863072809 3.29305540805740 -0.67536203283349 
0 6 0 8 4  -0.38919968088358 3.38717691323841 -0.24562581899354 3.53087296378943 1.57074952039242 
0 6 1 6 10  0.86702917535861 2.80270841390333 0.34523174978864 3.50568516415787 -0.36871240335031 
0 6 2 6 10  1.01520087595549 2.66735605927087 0.84949708159554 -2.26844852066424 -0.51358989659275 
0 6 2 8 4  -0.10441486588357 3.07008122503861 0.52354700501394 -2.02294194126072 1.15168380054683 
0 6 2 9 4  -0.26064463475709 3.14156225041831 0.26074774872329 -1.61991441931797 1.61994599152254 
0 6 2 10 4  -0.52305804285227 3.21314635936598 0.10440302582389 -1.15159193495600 2.02284808834174 
0 6 2 10 6  0.24564123871762 2.89603328793966 0.38915992075143 4.71239167870237 2.75229325634812 
0 6 4 0 7  0.34530385733751 2.80271019924688 0.86704272188598 -0.36879341625247 3.50576745574072 
0 6 4 0 8  0.84938227866760 2.66748307092358 1.01529503618090 -0.51358607908949 -2.26825041194845 
0 6 10 2 6  -0.24563128715323 3.38723291415895 -0.38917391627413 1.57081468600787 3.53085459937774 
0 6 10 2 8  0.52332208956630 3.07009946944944 -0.10446185979928 1.15163180803390 -2.02283670799179 
0 6 10 3 8  0.26065613268717 3.14153984084987 -0.26052279844782 1.61993818399961 -1.61992404015001 
0 6 10 4 8  0.10439145166389 3.21306369078957 -0.52323222349126 2.02279415977985 -1.15162804276801 
0 6 10 6 2  -1.01475508729799 3.61574173104418 5.43393911030271 2.26824393639728 0.51351165447335 
0 6 11 6 2  -0.86673550049005 3.48046392250769 -0.34524376149364 2.77741546358199 0.36874652007863 
0 7 1 7 2  -1.04692250657279 3.64105410213787 0.52901199302812 3.65969724886861 0.54769283234525 
0 7 1 8 4  -0.44157573103312 3.52549848911229 0.52351161421594 -2.47827702234441 1.48870800994342 
0 7 2 10 4  -0.78656203353011 3.61606377041737 0.57266743796674 -1.30786230339694 2.09441074256186 
0 8 2 4 8  0.17370688098585 3.33946989443009 1.52131575195683 3.17369703761721 -1.58089674981965 
0 8 2 8 2  4.86333614990949 4.03656095608238 1.08960084270494 -2.05245439104217 0.89568293733040 
0 8 2 8 4  -0.52359241441079 -2.48365353885652 1.29282463355507 -2.34003855208650 1.43648195911445 
0 8 2 10 4  -0.94275165886245 -2.19879151401349 0.97565011240177 -1.57046308949774 2.16585551079768 
0 8 2 10 5  -0.47441103551722 3.92814275172524 1.04713712819687 4.44960938728115 2.56879498927243 
0 8 2 10 6  -0.07152737349475 3.66529890702220 1.11868622246389 4.29326474974711 3.03723692590240 
0 8 3 8 2  -1.22723427242946 3.82008580738664 1.41129391835089 -1.74912330306927 0.70832255682857 
0 8 3 9 4  -0.60570849284711 3.74721732265575 1.43112828099724 -1.57078087942709 1.71056060289355 
0 8 3 10 6  0.00008762450978 3.40208696516245 1.52170676671085 -1.52164807650252 2.88109234686517 
0 8 4 2 8  0.19794972229472 3.31528576971410 1.56076098707194 0.03190831933054 -1.62027618696747 
0 8 4 8 2  -1.07923160855447 3.67526376531077 1.92033763287958 -1.24500487403236 0.57302387895283 
0 8 4 10 4  -0.65796197825814 -2.61793639405211 1.70509777549109 -0.80154574157990 1.84875611263710 
0 8 4 10 6  0.07157871133875 3.24595458428511 1.98994868491790 -1.11869292146659 2.61760317376605 
0 8 4 11 5  -0.38398289989791 3.58320979384749 1.65288060917211 -0.66329168073866 2.61802785599211 
0 10 4 8 4  -0.53363116020149 -2.06258827985009 2.56857768361560 -1.89655974494514 1.22102477532002 
0 10 4 9 4  5.60465115411582 -1.91383040832422 2.43323538364276 -1.39245241662924 1.73024682274719 
0 10 5 11 5  -0.49948056452801 4.18875979762356 2.59386796039405 -0.51814463538191 2.61250499774819 
0 10 6 1 6  -0.33877007872794 4.00839002662969 2.77283350900366 0.36420505946067 3.48675734934219 
0 10 6 2 6  -0.47412201943208 4.15694009237803 2.62808922143407 0.87341732824830 3.99111548225430 
1 6 8 1 7  0.52894647295115 3.64116388110450 -1.04728915733307 0.54767000001082 3.65979920900284 
1 6 10 2 7  0.52358517154048 3.52549173490765 -0.44158060655894 1.48878814850895 -2.47825159695431 
1 6 10 4 8  0.57275769346659 3.61606546343356 -0.78663682985039 2.09448775605534 -1.30791406092982 
1 7 1 8 6  0.49941465657934 3.67067392035197 0.51823265351925 -2.59389617470146 2.09457322202822 
1 7 2 10 6  0.38390673829216 3.66515564761991 0.66327631151473 4.63027009365081 2.70014256799217 
1 8 2 4 8  0.68309099697968 -2.43962821137439 1.38609333384026 -2.96132913721338 4.55750927572761 
1 8 4 2 8  0.70199401101323 -2.45860806675684 1.41594942033439 0.17954970282467 -1.75558846504337 
1 8 4 10 6  0.47447365534977 -2.56885788899751 1.83387548457507 -1.04716090767484 2.35495925447494 
2 4 9 3 9  1.54669652300718 -3.14193027893346 -1.54674236513979 1.56538104615656 4.71773784136569 
2 4 10 5 10  1.72556551636839 2.96118213470095 -1.38605204751324 2.43965103284380 -0.68305173952960 
2 4 10 6 10  1.58082851285886 3.10976845499020 -1.52133089944237 2.94374281634653 6.10925335484329 
2 6 2 8 10  1.56072648675842 3.31537874888578 0.19784127139526 -1.62026196961431 0.03162718760459 
2 6 2 10 8  1.52139295563947 3.33942895889514 0.17384809288566 -1.58088077392702 3.17395899733060 
2 6 8 2 8  1.08962486606347 4.03655473382136 4.86384516792662 0.89567689553593 -2.05239617260946 
2 6 8 2 9  1.41127855359300 3.82010779947690 -1.22729890208411 0.70834065139612 -1.74916970139601 
2 6 8 2 10  1.92052248051883 3.67530076611332 -1.07904976208447 0.57301135778063 -1.24498881963583 
2 6 10 2 8  1.29289130505929 -2.48369128047995 -0.52364894590210 1.43645089847958 -2.34009201294459 
2 6 10 3 9  1.43108370474537 3.74732432180615 -0.60571515401313 1.71053259910632 -1.57082256027669 
2 6 10 4 8  0.97564541002202 -2.19874991974120 -0.94274803175408 2.16596886380450 -1.57087251406475 
2 6 10 4 10  1.70511984301784 -2.61793359374391 -0.65801412872608 1.84875723290380 -0.80156261566480 
2 6 11 4 8  1.04723516607379 3.92822702491056 -0.47452816391564 2.56892104751723 4.44955306973542 
2 6 11 5 10  1.65287070390985 3.58312492771376 -0.38389346182223 2.61798974420440 -0.66334250836943 
2 7 2 8 10  1.41588141390344 -2.45846712503503 0.70200002703435 -1.75552599579912 0.18025111257369 
2 7 2 10 8  1.38602896539691 -2.43959519639103 0.68303968463906 4.55751916300426 -2.96209108707753 
2 8 2 10 6  0.65789284744660 -1.84872986755537 0.80152650963618 4.57801215207239 2.61803561907056 
2 8 4 10 6  0.94281985220696 -2.16591039271661 1.57086519976775 -0.97562706420345 2.19879747359110 
2 8 4 11 6  0.78660128302858 -2.09441196168143 1.30789056873092 -0.57276349896123 2.66714769986265 
2 8 6 2 9  1.39236455396046 -2.43321980311619 1.91413522355310 0.67856653514637 -1.73031258477271 
2 8 6 2 10  1.89661519944654 -2.56845154938977 2.06270819914712 0.53367333294583 5.06224005437065 
2 9 3 9 4  -0.00028711468839 -1.59493011230515 1.57625959187923 4.70688536378254 1.59495308378830 
2 9 3 10 6  0.60566863589887 -1.71051298988096 1.57084319765837 -1.43114219025559 2.53589140622082 
2 10 4 6 10  1.22111585807807 -1.89644677177156 2.56853713853077 -2.06266196610704 -0.53367356728648 
2 10 4 10 4  -0.37098726934229 11.36687737562274 2.13686940018320 -1.00529234305807 1.94297166631110 
2 10 4 10 6  0.52361845936648 4.84680360556030 2.33994871235847 -1.29272960344214 2.48354840144894 
2 10 5 10 4  -0.18012271536224 4.86725310703250 2.45856232641018 -0.70191780271875 1.75549066271841 
2 10 5 11 6  0.44160960498319 4.79448679436758 2.47828401808634 -0.52358362955989 2.75766269339259 
2 10 6 4 10  1.24508876037693 4.36263134985936 2.60785940067460 1.07911667164901 -0.57308479190956 
2 10 6 10 4  -0.03223025312664 4.72242541803048 2.96778785742916 -0.19783223513757 1.62030827220416 
3 8 10 3 9  1.57626940702438 -1.59491215338913 0.00044202452665 1.59483322269487 4.70697215238874 
3 9 3 10 8  1.54679170916666 4.71779711096270 1.56536604405584 -1.54664439718313 -3.14176912508084 
3 10 4 6 10  1.73026826966238 -1.39231030827455 2.43315768834476 -1.91391103853390 5.60467836366591 
3 10 6 4 10  1.74913641591082 -1.41136529359164 2.46313985911977 1.22735332927083 -0.70834535696380 
4 6 10 4 10  2.24587765508854 -1.72375445676638 5.38816899701409 2.05197898052859 -1.08916388957762 
4 6 11 5 11  2.59399362406299 4.18871371260733 -0.49959749194599 2.61258400078931 -0.51813924627728 
4 8 10 4 11  2.45859317806601 4.86721894693239 -0.17975269325303 1.75558286029554 -0.70199134896892 
4 10 4 10 8  1.94210129167656 -1.00470278504489 2.13630739708599 -1.19865114533475 2.76866325414964 
4 10 8 4 11  2.43965103284378 -1.38605204751322 2.96118213470095 1.72556551636837 -0.68305173952959 
4 11 5 11 6  1.04710765360895 -0.54766967123535 2.62336649746761 -0.52907648247454 2.64206294495956 
