0 2 6 0 4 8  0.64662687053560 2.18515335218174 3.25020365727207 0.03487437600661 2.92074974821877 4.59758420368408 
0 2 6 0 8 6  0.47596336238584 2.21961925343141 3.43405351071673 -0.23719673713220 3.43403511499005 2.21989901725081 
0 2 6 0 10 6  0.34543496105035 2.27431257176880 3.50000963293783 -0.34541825311926 4.00896629059969 2.78317536842555 
0 2 6 2 0 8  0.96071814826343 2.09437634495107 3.22806693926815 0.08634885472716 -1.04730563179215 -2.18084554066918 
0 2 6 8 1 7  0.50007702787875 2.10672267120246 3.66515099898473 -1.06004075650411 0.54707567157394 3.66512804511148 
0 2 6 10 0 6  0.33208472971119 2.27657566588414 -2.76763025054075 -0.37397821775328 0.86451252948926 2.80955738326960 
0 2 6 10 2 8  0.93854311494903 2.00366684085098 -2.74097705015461 -0.40882600369917 1.26795408458893 -2.12923952817877 
0 2 6 10 4 8  0.54099617651912 2.09440063319215 -2.63528901676842 -0.80027785709583 2.09447626275666 -1.29435128205562 
0 2 7 0 2 7  0.49604903709316 2.09379766546899 -2.59047330900581 0.49609084492375 2.09468199605360 -2.59048036320354 
0 2 7 1 6 8  0.52355181019743 2.08180548709697 -2.59448274382011 0.52356001663701 3.64174039981540 -1.03484163990110 
0 2 7 1 8 6  0.48314500043644 2.10348179583294 -2.59351860880206 0.51456829462985 -2.59348654473830 2.10273025472167 
0 2 7 2 0 7  0.50341368048746 2.09436434647291 -2.59791193860636 0.54369387628606 -1.04734915033698 3.64507506179511 
0 2 7 2 10 6  0.38322059625154 2.17478761265463 -2.61718058141456 0.66329916132754 4.63018456419149 2.70040430908124 
0 2 8 2 4 8  0.67331814243321 1.91211079389727 -2.42648758571668 1.37922943387041 -2.95915991416674 4.56272203487415 
0 2 8 4 0 7  0.52279604806460 -4.27041860798207 -2.47772406339132 1.48846317635886 -0.44153513211288 3.52557338156951 
0 2 8 4 2 8  0.68875576894323 1.91434685178271 -2.43984241091171 1.40561719339562 0.18008184267215 -1.74897467718052 
0 2 8 4 10 6  0.46791056858316 2.09477433450055 -2.56224182133628 1.83057116980319 -1.04715265055588 -10.20835066880383 
0 2 8 6 1 7  0.49914023373164 2.08589901074970 -2.57756450647991 2.08533989913322 0.49910070501348 9.95744293837969 
0 2 8 6 2 8  0.75480904436855 1.96859821355764 -2.57035625411968 1.96895441479146 0.75477182910492 -1.85718411722352 
0 4 0 6 0 6  0.15152640067822 2.46674061076951 -0.67524585022874 3.29315740260094 -0.04209973606415 3.09952421403115 
0 4 0 6 0 8  1.03651651636214 2.10510821412084 -0.71295111358582 3.46493032837345 -0.32337739594127 3.85479018646923 
0 4 0 6 10 6  0.46711951836585 2.29087708612210 -0.85061400819937 3.60872214849736 -0.85060816279822 2.29087866942931 
0 4 0 6 11 6  0.33763106683443 2.35483567591068 -0.78665794357023 3.47925613353790 -0.34606533957983 2.79551771482087 
0 4 0 7 1 7  0.48912425748011 2.28192698226496 -0.85959790116213 3.63079963353196 0.52887029663654 3.67050484604676 
0 4 0 8 0 6  0.32335792561127 2.42825638817042 -1.03653087478296 4.17791223137329 0.71305061917133 2.81824713187625 
0 4 0 8 2 8  0.87288433557293 2.19450439070512 5.33617989703650 4.01442091678947 1.09437653576982 -2.04722615471296 
0 4 0 8 3 8  0.66209001472968 2.22861165367659 5.37008719316465 3.80361182176558 1.41810034653719 -1.72356805201458 
0 4 0 8 4 8  0.52359636094213 2.26890950874424 -0.87282073235097 3.66518699683900 1.92001977768615 -1.22152069003203 
0 4 0 10 6 10  1.04714523156348 2.18075600958160 -0.96066426629637 4.18866851751661 3.05515484186048 -0.08640288412979 
0 4 6 0 6 8  0.37394998125681 2.76766704197836 4.00646351835735 -0.33202162328457 3.47365257141527 -0.86438125065997 
0 4 6 0 8 6  0.34545322424427 2.78321280875098 4.00837304857382 -0.34543067531818 3.49998626201451 2.27408787442115 
0 4 6 0 10 6  0.23733238859491 2.84905969313047 4.06327622143599 -0.47601094807630 -2.21964727601253 2.84902331289555 
0 4 6 10 2 6  -0.03493343489522 3.03298404249472 4.09801399560250 -0.64650089975210 1.68556615473179 3.36274324507544 
0 4 6 10 2 8  0.80012849864713 2.63547036714752 4.18894695613490 5.74219797172438 1.29424163617079 -2.09441984095739 
0 4 6 10 4 8  0.40874904701618 2.74102080250206 -2.00342441973108 -0.93853600530721 2.12930903280821 5.01520312830725 
0 4 6 10 6 4  -0.08657997625808 3.05525513332516 -2.09438352159216 5.32240190991234 2.18089646923055 1.04728801495649 
0 4 6 11 5 10  1.05945462404451 2.61803063931846 4.17638735155041 -0.50011091027021 2.61800663140626 -0.54713630715511 
0 4 8 0 4 8  0.52364147845512 2.61796359279946 4.71241966537870 0.52361668315740 2.61799582666991 -1.57078424767521 
0 4 8 0 6 10  0.95341603179501 2.49506318099523 4.82762162393563 0.21838807249045 3.10701866977565 -0.10817829129438 
0 4 8 0 8 4  -0.17431528925204 2.96705296866380 -1.57084378368479 0.17441158086719 3.31612701720782 1.57079784823719 
0 4 8 1 8 4  -0.13419155931936 3.00746674482273 4.57390146676688 0.67637583648293 -2.46524163455571 1.43238566729008 
0 4 8 1 8 6  0.38325315662578 2.70042718254883 4.63027823866882 0.66319951014881 -2.61727956502278 2.17505657225597 
0 4 8 2 0 7  0.38399583442499 2.70003964478074 4.63000298004711 0.66390160090827 -1.12883527515557 3.66437159471601 
0 4 8 2 6 8  0.40065718158397 2.73287160270676 16.97585398036978 1.01243584476817 4.08010987890869 -1.13809027265051 
0 4 8 2 6 10  1.04733069978951 2.60062518980126 -1.84716764613762 1.04711864190656 3.94175749611695 -0.50627543286120 
0 4 8 2 8 4  -0.10025378462841 3.04140624590864 4.36304064639551 1.00005064456125 -2.14158727849824 1.22153573297345 
0 4 8 2 10 6  0.29305013250112 2.76458047981558 4.56590477842327 0.75408875806953 -1.71732435570794 2.76451426082465 
0 4 8 4 0 6  0.04729320929617 2.96726880964202 -1.99413755636575 1.14729948679461 -0.17415219109902 3.18866949930456 
0 4 8 4 0 7  0.37089621197349 2.75637743159287 4.32290190603737 1.18148362285503 -0.38514695458136 3.51240842289540 
0 4 8 4 0 8  0.87262518879597 2.61799636082900 -1.91994129197422 1.22169135907096 -0.52359002794523 4.01437743181193 
0 4 8 4 10 4  -0.33399182710195 3.13085594531076 4.19946437636761 1.38122727497496 -0.72379330501460 1.77100474167404 
0 4 8 10 2 6  -0.00006067765307 2.89448671326730 4.72979677884177 -0.00008588623296 1.55336551273248 3.38862293107002 
0 4 8 10 2 8  0.82632752502465 2.50319271974896 4.83534946576202 0.09084911564609 1.15581601848312 -2.05950364452574 
0 4 8 10 4 10  1.22914819158525 2.46837873552408 4.86200449538311 -0.18262618062097 1.76233115727943 -0.71519299476558 
0 4 9 3 9 4  -0.18737989532424 2.95404180647443 -1.53639422411970 1.56549865905090 4.70709412782311 1.60518075860425 
0 4 9 3 10 6  0.35580291124291 2.65102808989570 -1.47197375062612 1.53458253436428 -1.47192832124426 2.65095357516054 
0 4 9 4 0 6  0.06727133957300 2.84760960319740 -1.52902039294088 1.61263307618385 5.98920205192974 3.20896521150761 
0 4 9 4 0 7  0.42807252858639 2.61797852668291 -1.47529127242278 1.66625022613366 -0.52359883777031 3.56973609742180 
0 4 9 4 0 8  0.91295564094247 2.47961719119485 -1.41803475702315 1.72352083562652 11.90435722281946 4.05465450586060 
0 4 9 4 2 8  0.60608623150286 2.53586744046139 -1.43120185854385 1.57160496267394 0.08080038280475 -1.71119402782973 
0 4 10 2 4 8  0.63843416828668 2.31515411656114 -1.08192609705257 1.98560167949046 -3.23243067950902 10.87258790174825 
0 4 10 2 6 8  0.50622205358667 2.34140518240968 -1.04717647330208 1.84736167750023 3.68252157295311 -1.04720719935370 
0 4 10 2 6 10  1.13794996419160 2.20305782237667 -1.01240104985042 1.87358202178116 3.55041890384004 -0.40064808319154 
0 4 10 2 8 6  0.46781957046712 -10.20822312024924 -1.04723125295778 1.83079961257029 -2.56229433278420 2.09469744044524 
0 4 10 4 0 6  0.08166725121863 2.61832384055808 -1.12877496955645 2.01265593034801 5.75941395077318 3.22336988202033 
0 4 10 4 0 7  0.48174696508515 2.38838007005770 -1.11451228961616 2.02706929185866 -0.75315546023470 3.62335321740737 
0 4 10 4 0 8  0.94707053876882 -4.01457725278120 -1.09442381855077 2.04715107495378 -0.87278507216956 4.08853829999631 
0 4 10 4 8 4  -0.01071312100274 2.80751256689995 -1.37065215234989 2.41778750952033 4.52295596915156 1.05788692950057 
0 4 10 4 10 4  12.19344648107388 -3.51621064928635 -1.19871162832570 2.13644058599217 -1.00500199098254 1.94280690802614 
0 4 10 4 10 6  0.41340225245709 -3.77074708524478 -1.26740934895353 2.27835119812952 -1.26739138476935 2.51242167627034 
0 4 10 5 10 4  12.30568557508980 2.88093884563185 -1.38484247726471 2.44050124964414 -0.70118207917105 1.75679402088108 
0 4 10 6 0 6  0.22021566835641 2.72345859222125 -1.46053594150682 2.72334509901410 0.22031128085733 2.95760873616858 
0 4 10 6 1 7  0.42478767379274 2.58490295126740 -1.40299237477926 2.58501210586465 0.42475576718872 3.70131890304958 
0 4 10 6 2 8  0.67011273798131 2.47139077013435 -1.34024630554595 2.47143985820207 0.67016947674310 -1.80138268820188 
0 4 10 6 4 10  1.17263335451206 2.38679657920618 -1.28441814208913 2.38686994575076 1.17250676734229 -0.57121953156525 
0 4 10 6 10 4  -0.19656281270744 2.94495533236343 -1.51434400612926 2.94508391556653 -0.19675428664777 1.62733981880999 
0 4 10 8 2 6  -0.00004279870263 2.87803334728864 -1.51506205076815 3.14169818942806 1.51503846566835 3.40531722756954 
0 4 10 8 3 8  0.60563767729653 2.53558180765790 -1.43041014816401 3.06286377664570 1.57004941427469 -1.71038551539831 
0 4 10 8 4 10  1.22755063698099 2.45275220751225 -1.39261116476630 2.96157426010655 1.73595535563536 -0.70175168161963 
0 5 0 6 0 6  0.08126993115017 2.96294288617277 -0.17855539277710 3.22274724701929 -0.02395082799878 3.11759702644710 
0 5 0 6 10 6  0.33770621497353 2.79550751095802 -0.34603626521045 3.47924799858618 -0.78689177030180 2.35495637260679 
0 5 0 6 11 6  0.22823593289525 2.86177095402773 -0.27988095539851 3.36986966665786 -0.27988511040445 2.86179085768549 
0 5 0 8 2 8  0.75324833991576 2.65980164459144 -0.48177068227186 3.89467834238521 1.11455600456045 -2.02707234572406 
0 5 0 8 3 8  0.52368703109875 2.71342075753190 -0.42812719658668 3.66525319408769 1.47530835273098 -1.66633164721539 
0 5 0 8 4 8  0.38511753024914 2.77077186241194 -0.37092845359139 3.52680288018797 1.96010438005560 5.10175488310379 
0 5 0 8 4 10  1.12590269523948 2.61880077860121 -0.38402947107387 3.58304028399143 1.65324098223484 -0.66387393749048 
0 5 0 10 4 8  0.44141351573951 2.75765733172537 -0.52282363109784 4.26833909465781 2.47768539876545 -1.48842655670840 
0 5 0 10 5 10  1.04678339051619 2.63814941064862 -0.50357065742022 4.18876093930473 2.59780055974799 -0.54368257191976 
0 5 10 0 5 10  1.04736216045546 2.64549410413854 -0.55110089916386 1.04709128260713 2.64543839272997 -0.55113303331790 
0 5 11 4 6 10  1.03491495684842 2.64139312669320 -0.52364358357999 2.59445556380551 4.20121905033840 5.75961070546771 
0 5 11 5 0 8  0.85968334223287 2.65246097239523 -0.52892471177427 2.61257368482125 -0.48918394374895 4.00132775924004 
0 5 11 6 2 8  0.55659724832210 2.71682953105105 -0.55977255542170 2.71695171030749 0.55660061480320 -1.73861802526261 
0 5 11 6 4 10  1.05593180332984 2.64252891489406 -0.53268937900392 2.64246241204327 1.05554691229230 -0.56405881061343 
0 6 0 6 0 6  0.00000036403616 3.14158362109603 -0.00002115177719 3.14160739755107 -0.00001583662795 3.14158338307733 
0 6 0 6 0 7  0.17850224433587 3.06045749460799 0.02388211578404 3.16552090510053 -0.08105871517366 3.32006725606491 
0 6 0 6 1 6  -0.08111542059937 3.16551818188003 0.02397685733425 3.06037177492344 0.17867976441655 3.32012139590546 
0 6 0 6 2 8  0.41803737216651 2.92143037911049 0.18390935108078 2.92141350666452 0.41800726963955 -1.68101981681996 
0 6 0 6 10 4  -0.41813663907087 3.36179501137422 -0.18393336147376 3.36184588313189 -0.41818168844038 1.68101557709025 
0 6 0 6 10 6  0.15155012242700 3.09953375697852 -0.04211584470134 3.29318161870511 -0.67360521989014 2.46712763397258 
0 6 0 6 11 6  0.08116388152040 3.11766236095017 -0.02398976938779 3.22274490336231 -0.17859330069373 2.96299048794235 
0 6 0 8 2 6  -0.22021141486382 3.32557978940770 -0.22023261234032 3.55971777382315 1.46063288970837 3.55955152976860 
0 6 0 8 2 8  0.52382360768264 3.06010177519750 -0.08171143167713 3.66486417408794 1.12900762471942 -2.01276101734757 
0 6 0 8 3 8  0.29401391830793 3.07424227343006 -0.06731327591206 3.43559432468080 1.52893594272141 -1.61272818964729 
0 6 0 8 4 8  0.17427801506864 3.09432845456068 -0.04719308851210 -2.96726887012272 1.99427210803711 -1.14745018654356 
0 6 0 10 6 2  -0.86512460710207 3.47367284350284 -0.33209933923171 4.00657540355844 2.76762829784394 0.37393312057999 
0 6 1 6 0 7  0.27981591543217 2.91334209481809 0.27986519016637 3.42148997815190 -0.22832697200270 3.42145971754712 
0 6 1 6 0 8  0.78646176359295 2.80394570240795 0.34608299996368 3.48772876685529 -0.33767099194443 -2.35523793830367 
0 6 2 0 6 8  0.29252526798938 2.90435470444622 0.29250857046303 -0.92195063899159 3.61755570208009 -0.92184626903492 
0 6 2 0 6 10  0.86688795996726 2.79629730453062 0.35827481254107 -0.86748298194816 3.48695585814888 -0.35838174504069 
0 6 2 0 8 4  -0.22085040589201 3.17650255502605 0.10870720953543 -0.95642393099982 -2.49503566453360 1.45595321820772 
0 6 2 6 0 7  0.34603913282098 2.80397900452143 0.78690785984478 -2.35507686444835 -0.33767232322613 3.48772312735491 
0 6 2 6 0 8  0.85061338747884 2.67453804246130 0.85070597010656 -2.29116679889253 -0.46711526869247 -2.29086684422759 
0 6 2 6 10 6  0.32342675809567 2.81813796211927 0.71313592318381 4.17799687535079 -1.03647734939868 2.42858282270835 
0 6 2 8 2 6  -0.08165437315066 3.05991110066675 0.52389580568284 -2.01271272163369 1.12885483653048 3.66542053868269 
0 6 2 8 2 8  0.62912240858901 2.72821919194712 0.62907150468176 -1.87420063334274 0.86330395713535 -1.87418345483217 
0 6 2 8 4 10  1.04751774135439 2.67372731447906 0.78361977258160 -2.09443029005648 1.31067103964671 -0.57930214559969 
0 6 2 8 10 4  -0.26364695916317 3.14164050732228 0.26368752173792 -1.62656240072773 0.00099025205899 1.62645961477067 
0 6 2 9 2 6  -0.06727247579301 3.07428567385912 0.29381956139249 -1.61263404571063 1.52899314336968 3.43547760452151 
0 6 2 9 3 8  0.49049714398947 2.78582562536465 0.49058262130422 -1.66973489056238 1.60699492326813 -1.66962896250224 
0 6 2 10 2 6  -0.04725036778156 3.09446111356090 0.17426522631003 -1.14741462205421 1.99420409387501 -2.96731490866429 
0 6 2 10 4 8  0.37706931006702 2.84851565999776 0.37711934189511 4.85893681412607 2.38746422073438 -1.42428027712365 
0 6 2 10 5 10  0.96788182816693 2.75843064399993 0.44120440275046 4.79447483430944 2.47834043829078 -0.52439848911805 
0 6 2 10 6 4  -0.10861278168136 3.10672603322967 0.22071707800988 4.82716600662054 2.49497054381578 0.95630410904552 
0 6 2 10 8 4  -0.24696109980238 3.14154064319009 0.24719399584921 -1.58822032074471 -3.14180743463742 1.58826436686108 
0 6 4 0 6 8  0.35838166129897 2.79626378803788 0.86673498038904 -0.35841736261536 3.48701975162623 -0.86659513030825 
0 6 4 0 6 10  0.92185246207839 2.66567659397913 0.92169565739346 -0.29248073906753 3.37878163248965 -0.29242041168256 
0 6 4 0 8 6  0.33199630239040 2.80958899152598 0.86514375059817 -0.37395965105766 -2.76762651314204 2.27694275437776 
0 6 4 10 2 8  0.78356987441247 2.67366398657853 1.04761160903264 -0.57931465416089 1.31087251292927 -2.09436438961817 
0 6 4 11 4 8  0.44113852434503 2.75834747975751 0.96531649659064 -0.52428727010107 2.47833735017237 4.79446629652940 
0 6 4 11 5 10  1.03837111484025 2.65851861804268 1.03817723965261 -0.54808410778914 2.62699945651079 -0.54805896125626 
0 6 8 1 7 2  -1.03863225717548 3.62477284429976 -1.03833495365981 0.54795929289569 3.65624952368710 0.54814618314336 
0 6 8 1 8 4  -0.44117964893306 3.52479422259862 -0.96665944486854 0.52440703413048 -2.47836895475342 1.48873642971782 
0 6 8 2 10 4  -0.78356966095413 3.60948584250245 -1.04769768362150 0.57931920718368 -1.31086772792491 2.09444525090723 
0 6 10 2 4 8  0.24676369718237 3.14163730129138 -0.24701704277774 1.58820740544623 -3.14180653945062 -1.58810611527147 
0 6 10 2 6 8  0.10866362779351 3.17641580050178 -0.22068413254931 1.45595551689027 -2.49504029424252 -0.95635965458668 
0 6 10 2 7 2  -0.96840429215096 3.52487152585724 -0.44111325692329 1.48864065012493 -2.47832359866756 0.52437994703492 
0 6 10 2 8 4  -0.37702763282393 3.43466452969604 -0.37702926170513 1.42423733224538 -2.38739603668253 1.42422816260648 
0 6 10 2 10 6  0.04724972516103 3.18875927532871 -0.17422902641134 1.14744338805804 -1.99433109359852 2.96729417287153 
0 6 10 3 9 4  -0.49060492620177 3.49739380170720 -0.49058885674191 1.66963523244111 -1.60687109817008 1.66963767632330 
0 6 10 3 10 6  0.06726496379746 3.20892552141671 5.98920969615619 1.61260957707255 -1.52895880436282 2.84757892836114 
0 6 10 4 2 8  0.26359514740331 3.14161567702813 -0.26367813924517 1.62659267341792 0.00062334797516 -1.62650485766985 
0 6 10 4 8 2  -1.04681495353292 3.60949148195577 -0.78361559734002 2.09434543614302 -1.31080671427975 0.57937742499560 
0 6 10 4 10 4  -0.62908590919654 3.55492756091039 -0.62903180889266 1.87421636598859 -0.86327258826861 1.87417294610828 
0 6 10 4 10 6  0.08183961080146 3.22314741195634 5.75977234636606 2.01274146226098 -1.12899705710810 2.61833912082463 
0 6 10 6 2 6  -0.32337739594197 3.46493032837749 -0.71295111358594 2.10510821410953 1.03651651636243 3.85479018647581 
0 7 1 6 8 2  -1.05672735938006 3.64068522886622 0.53253271894427 3.64074765885617 -1.05647811043667 0.56399874604582 
0 7 1 6 10 4  -0.55651768662759 3.56629552891702 0.55973971560958 3.56627248785285 -0.55654117830425 1.73859021119794 
0 7 1 8 6 2  -1.03518718954393 3.64171199407589 0.52359605051230 -2.59451662008430 2.08208689775607 0.52355892086003 
0 7 2 0 7 2  -1.04737233482054 3.63763006760604 0.55112237343629 -1.04756877007774 3.63764954010484 0.55103476567628 
0 8 2 4 8 2  -1.22704923869445 3.83048684566263 1.39256915064726 -2.96141082234076 -1.73601233327251 0.70181193347403 
0 8 2 4 9 4  5.67750018597267 3.74749854916488 1.43051906884645 -3.05995942064051 -1.57009822143411 1.71040479214002 
0 8 2 4 10 6  0.00012611219800 3.40505677845420 1.51508400565366 3.14120400914790 -1.51498984256398 2.87790039057779 
0 8 2 6 2 8  0.19654436922970 3.33819161998353 1.51423878914908 3.33820534014792 0.19681582666854 -1.62729310580611 
0 8 2 6 8 2  -1.17253484319391 3.89631059374618 1.28441166636622 3.89632584708312 -1.17275176446244 0.57121413921418 
0 8 2 6 10 4  -0.67008552714517 -2.47151213790715 1.34023301361274 -2.47141939941863 -0.67008111436765 1.80131490155133 
0 8 2 6 11 5  -0.42474143948781 3.69823633923018 1.40299005683204 3.69828943579497 -0.42478688934630 2.58194952460826 
0 8 2 7 2 8  0.26065563679008 3.40237322605415 1.38478517854957 -2.44043632044102 0.70109789194156 -1.75669695497918 
0 8 2 8 2 6  -0.41340030715777 3.77068024441609 1.26741763618920 -2.27836504935320 1.26738511826732 3.77069984058062 
0 8 2 8 4 8  0.01077319515325 3.47566300489960 1.37054320330576 -2.41769711246842 1.76045560408123 17.79163688572240 
0 8 2 10 4 6  -0.46787985029798 -2.35807975635692 1.04715076895057 -1.83073126971265 2.56224036054196 -2.09419368484773 
0 8 2 10 6 2  -1.13796871526365 4.08011761758411 1.01233189606885 16.97599003061532 2.73272992892283 0.40067781939714 
0 8 2 10 6 4  -0.50625585035695 3.94182098276503 1.04720131402624 -1.84741141149280 2.60059779897273 1.04695661327593 
0 8 2 10 8 4  -0.63838381289894 3.96798252777192 1.08202804827715 -1.98570333494587 -3.05077651000399 1.69372673535387 
0 8 3 9 2 6  -0.35575604358325 3.63208724723982 1.47199583570448 -1.53463987617643 1.47190294482889 -2.65091858122804 
0 8 3 9 3 8  0.18737212190700 3.32920568615674 1.53634880816164 4.71769345038561 1.57622322615713 -1.60519002068111 
0 8 4 0 8 4  -0.52359561385835 3.66519865702938 1.57077310926587 -0.52359116685767 -2.61803131591696 1.57076008391251 
0 8 4 0 10 6  -0.03492920779173 3.36265078655120 1.68556285314708 -0.64673907930324 4.09814883293413 3.03298211074169 
0 8 4 2 8 2  -1.22940739464317 3.81470639360709 1.42130874440169 0.18227322411920 -1.76233188365436 0.71505666592310 
0 8 4 2 10 4  -0.82646514151562 -2.50323376156200 1.44791017575054 -0.09078676590705 -1.15594408992999 2.05962870943019 
0 8 4 2 10 6  -0.00013382967706 3.38888299171527 1.55315989895171 0.00015957854357 4.72992367308987 2.89458061254848 
0 8 4 8 2 8  0.33404360199267 3.15237360243202 2.08367428095836 11.18506471208270 0.72380900532336 -1.77097875418003 
0 8 4 10 2 6  -0.29298952402977 3.51857802138200 1.71737164234625 -0.75417430315294 1.71732425240856 3.51865192209876 
0 8 4 10 4 8  0.10018778318993 3.24182578948373 1.91982852403657 -0.99996396871572 2.14166936575773 11.34478559403104 
0 8 4 10 6 2  -1.04735988835699 3.68263177571863 1.84737704530801 -1.04710035440700 2.34136525867406 0.50624662745477 
0 8 4 10 6 4  -0.40054968873804 3.55033494780421 1.87361974721713 -1.01233989968077 2.20306120435516 1.13805188815578 
0 8 4 11 4 6  -0.38329929688633 3.58279104658874 1.65287151746140 -0.66313158604205 2.61724529795916 10.39263821056797 
0 8 4 11 4 8  0.13421517317382 3.27583237153327 1.70924452282714 -0.67636881908851 2.46516823208205 11.13407388013179 
0 8 6 1 7 2  -1.05964729954638 3.66518876561655 2.10712443395650 0.49995001487817 3.66511527013977 0.54703226593355 
0 8 6 2 6 8  0.08642120131371 3.22795638561228 2.09437247449366 0.96078422950128 -2.18076873831644 -1.04712550547932 
0 8 6 2 8 4  -0.40882935619306 -2.74102830402883 2.00364345435610 0.93854221674180 -2.12929045548599 1.26801442547495 
0 8 6 2 10 4  -0.80009915368535 -2.63535272632485 2.09441411382991 0.54105093320056 -1.29423027483417 2.09435027177179 
0 8 6 2 10 6  0.03487438256672 3.25020407837794 2.18515351258332 0.64662725117229 4.59758442927577 2.92074963979075 
0 10 4 6 10 4  -0.75474139315411 -1.96893225859202 2.57033427145896 -1.96898427045903 -0.75478322574542 1.85715047976452 
0 10 4 6 11 5  -0.49909092915661 4.19738429456434 2.57750505837209 -2.08600330446241 -0.49906199498076 2.60904251606236 
0 10 4 8 2 6  -0.46789240094182 -2.09397272488839 2.56228773751866 -1.83071152583353 1.04720217710574 -2.35793280243358 
0 10 4 8 10 4  -0.68890584118444 -1.91416703916398 2.43986902586802 -1.40554365184618 -0.18052989061551 1.74905854190922 
0 10 4 10 8 4  -0.67321706452590 -1.91211644055115 2.42639631813255 -1.37922176381886 -3.32415092313789 1.72040158373780 
0 10 5 0 10 5  -0.49613475993029 4.18869237096758 2.59052504888808 -0.49606374833109 -2.09459095474847 2.59048582949596 
0 10 5 10 2 6  -0.38325362718517 10.39068174911218 2.61726465564843 -0.66326794467663 1.65293375214353 3.58277658682870 
0 10 5 11 6 4  5.75967186241566 4.20127374049814 2.59452429341065 -0.52351815727226 2.64156337026325 1.03460829730298 
0 10 6 2 8 4  5.74216409956389 4.18892143770418 2.63538806787408 0.80018265430736 -2.09440053547106 1.29425108662436 
0 10 6 2 10 4  -0.93854627585177 -2.00363765275210 2.74098164565735 0.40880869071171 5.01515108360924 2.12923709256860 
0 10 6 4 11 5  -0.50009299703726 4.17640528670817 2.61798999144376 1.05954135079276 -0.54714775792048 2.61802129636214 
1 6 8 1 6 8  0.55110907684975 3.63776537682523 -1.04689142569361 0.55101903163127 3.63761572526813 -1.04689715421364 
1 6 8 1 8 6  0.50342405408992 3.64503904662106 -1.04734232350490 0.54364553484046 -2.59786676909845 2.09423802414024 
1 6 8 2 10 6  0.38404898923425 3.66451656555816 -1.12758356257953 0.66386072910427 4.63018477932831 2.69999436121468 
1 6 10 2 8 6  0.52279099779939 3.52553260514977 -0.44149260295372 1.48830568506759 -2.47770256085911 2.01530727934220 
1 6 10 2 10 6  0.37082334436454 3.51239409864292 -0.38515272234238 1.18140311546383 4.32302600780267 2.75649977705026 
1 6 10 3 10 6  0.42809484859709 3.56972971646788 -0.52361509791518 1.66629272573634 -1.47537208823383 2.61804936895920 
1 6 10 4 10 6  0.48185348167857 3.62340759988607 -0.75323972650340 2.02707506924329 -1.11444690626805 2.38823585861187 
1 6 10 6 1 7  0.52887029663648 3.63079963353212 -0.85959790116211 2.28192698226583 0.48912425748010 3.67050484604594 
1 7 1 7 1 7  0.52363550371045 3.66519591688279 0.52358252351767 3.66524155482628 0.52365787987653 3.66522877093369 
1 7 1 8 4 8  0.55806873624112 3.65990414796030 0.51832188762473 -2.58354891327656 1.90685103136002 11.33163894450950 
1 7 2 10 2 7  0.51823822327293 3.65999802200858 0.55811134009702 11.33164803114020 1.90695693864763 -2.58351487922756 
1 7 2 10 4 8  0.62238769152583 3.62904684830611 0.62246599687262 -1.53777103998448 2.45012276803522 4.74551715944757 
1 8 2 6 2 8  0.70109789194150 -2.44043632044109 1.38478517854966 3.40237322605425 0.26065563679009 -1.75669695497917 
1 8 2 7 2 8  0.76737912327008 -2.37424032978669 1.27547426269923 -2.37416607120904 0.76737511583993 -1.86618631555032 
1 8 2 8 2 8  0.86861431325143 -2.27296088567407 1.12840098226519 -2.11838308414175 1.02321468764169 -2.01319532946741 
1 8 4 10 2 7  0.48747058937033 -2.51918557825111 1.60376266622949 -0.69142265826098 1.60395448936560 -2.51916290108097 
1 8 4 10 4 8  0.56541374842453 -2.57621649940209 1.80052102484703 -0.97990420720399 2.16169371849992 11.22509393808225 
1 8 4 11 4 8  0.61903147294188 -2.52245137063142 1.57077545701793 -0.61908424330810 2.52244305023740 10.99559138909227 
1 8 6 1 8 6  0.49602065897082 -2.59045193003050 2.09394151043363 0.49606079449916 -2.59054213539841 2.09434726100577 
2 4 8 2 6 10  1.69386157328958 3.23245291551462 -1.98571519236268 1.08211476356505 3.96800906113725 -0.63847458792529 
2 4 8 2 10 8  1.52314443415852 3.26694053970444 4.48127663563334 0.80995805744788 -1.80186119342052 3.26694743179741 
2 4 8 4 2 10  2.00795524008779 -3.14154577337251 4.27522160285347 1.13358860272726 0.00014581700953 -1.13363140636419 
2 4 8 10 3 9  1.54731340224356 -3.12917017566753 4.71242035422726 -0.01208023178638 1.59431184776393 -1.57079204269528 
2 4 9 2 4 9  1.54323654044483 3.14162931647961 -1.54324610177894 1.54333521903207 3.14135213026674 -1.54325740117958 
2 4 9 3 8 10  1.57084657724229 3.12904563529528 -1.54731728056817 1.57082896496218 -1.59425737821177 0.01228410914508 
2 4 9 3 10 8  1.53033213828263 3.14980120518432 -1.54629218892281 1.56179296895463 -1.54633373729272 3.15033823861359 
2 4 9 4 2 9  1.55070495140744 3.14205230543274 -1.55071609875849 1.59091398471120 -0.00009303192541 -1.59083583348027 
2 4 10 4 6 10  1.72040276728402 -3.32405977274933 -1.37924568644858 2.42647708807170 -1.91160631728204 -0.67325558039966 
2 4 10 6 2 9  1.57004941427469 3.06286377664571 -1.43041014816400 2.53558180765785 0.60563767729653 -1.71038551539832 
2 4 10 6 4 10  1.73595535563536 2.96157426010657 -1.39261116476629 2.45275220751223 1.22755063698098 -0.70175168161962 
2 4 10 8 3 9  1.54629831813670 -3.15029211268176 -1.53041003201936 3.13264802649659 1.54633065123085 4.72128323880932 
2 4 10 8 4 10  1.80193656049468 3.01605317959686 -1.52314322658849 3.01631842586534 1.80190337037144 -0.81001405488276 
2 6 2 8 2 8  1.19871159670483 3.51474967461260 0.37315838156951 -1.94273131500385 1.00501840012430 -2.13650002011466 
2 6 2 8 2 10  2.08369067024467 3.15232095262582 0.33417479412682 -1.77096402548808 0.72375315341411 11.18527196471707 
2 6 2 9 3 9  1.53641013119358 3.32903127200399 0.18755320971711 -1.60530219928871 1.57613721680110 4.71775711710171 
2 6 2 10 2 8  1.37058180861225 3.47564901670403 0.01069529670537 11.50837999350245 1.76017566947618 -2.41780039988135 
2 6 2 10 4 10  1.92007505056119 3.24173912081628 0.10025998345067 11.34489843172558 2.14154232694403 -0.99998813827006 
2 6 2 10 5 10  1.70914740091689 3.27572362642100 0.13422083988526 11.13398832864830 2.46522220082227 -0.67638116524377 
2 6 2 10 6 10  1.57083301776373 3.31595110367843 0.17457782765250 -1.57077911142977 2.96734398366696 -0.17450638360687 
2 6 8 2 8 10  1.42121942993025 3.81478060035226 -1.22952463960567 0.71523382082538 -1.76239641508393 0.18274223784754 
2 6 8 2 10 8  1.39266292834160 3.83038460795839 -1.22731156266473 0.70178806766356 -1.73599257685335 -2.96131961645340 
2 6 10 2 6 10  1.57074327297746 3.66526286296389 -0.52366290234972 1.57088324834952 -2.61800247879005 -0.52355236951949 
2 6 10 2 10 6  0.87279805622633 4.01430998718581 -0.52362988863586 1.22144871284502 -1.91992961679724 2.61798280646947 
2 6 10 3 10 6  0.91302305322505 4.05454353641559 5.62117726059319 1.72345122502651 -1.41803352037478 2.47950964649010 
2 6 10 3 10 8  1.43047036525032 3.74762834362470 5.67739241152061 1.71044588642950 -1.57002358822072 -3.06190412532051 
2 6 10 4 2 9  1.43116567715180 -2.53591250366268 -0.60598169695109 1.71109779799085 -0.08048152108982 -1.57150792247042 
2 6 10 4 8 10  1.44775874320658 -2.50319135408558 -0.82635851615330 2.05944766610871 -1.15584103864200 -0.09069104548057 
2 6 10 4 10 6  0.94706116180358 4.08850134433580 -0.87293904604664 2.04721671261761 -1.09437266159978 -4.01455929092321 
2 6 10 6 2 8  1.09437653576991 4.01442091679029 5.33617989703431 2.19450439070554 0.87288433557263 -2.04722615471431 
2 6 10 6 2 9  1.41810034653713 3.80361182176571 5.37008719316488 2.22861165367660 0.66209001472966 -1.72356805201457 
2 6 10 6 2 10  1.92001977768616 3.66518699683903 -0.87282073235097 2.26890950874420 0.52359636094213 -1.22152069003201 
2 6 11 5 11 6  0.85963838892054 4.00133077413674 -0.48915264145169 2.61256781115522 -0.52893803162594 2.65244196483144 
2 6 11 6 2 8  1.11455600456044 3.89467834238516 -0.48177068227184 2.65980164459149 0.75324833991576 -2.02707234572406 
2 6 11 6 2 9  1.47530835273096 3.66525319408771 -0.42812719658668 2.71342075753190 0.52368703109875 -1.66633164721538 
2 6 11 6 2 10  1.96010438005545 3.52680288018826 -0.37092845359134 2.77077186241234 0.38511753024913 5.10175488310431 
2 6 11 6 4 10  1.65324098223485 3.58304028399139 -0.38402947107387 2.61880077860119 1.12590269523950 -0.66387393749048 
2 7 2 8 2 8  1.12840371439010 -2.27293841656698 0.86865862625318 -2.01321398004180 1.02321971467705 -2.11835874033913 
2 7 2 10 4 10  1.80035161642632 -2.57620949958458 0.56543427359035 4.94201263936800 2.16163164462837 -0.97986958847392 
2 7 2 10 5 10  1.57082442743477 -2.52254990759039 0.61908182730580 4.71236767230810 2.52251066517794 -0.61910686629816 
2 7 2 10 6 10  1.43232579318831 -2.46519182258619 0.67629726929562 4.57399303479792 3.00745562087854 -0.13414508003302 
2 8 2 8 2 8  1.04719327383650 -2.09437559535644 1.04721044582989 -2.09446989715533 1.04723460249663 -2.09445187925063 
2 8 2 8 2 9  1.22587395864936 -2.17561205024529 1.07128898155679 -2.07053534555119 0.96605829247154 -1.91577237094068 
2 8 2 8 3 8  0.96608752089585 -2.07055905318732 1.07118335148194 -2.17562323368183 1.22583172507503 -1.91585672288914 
2 8 2 8 4 10  1.46531757828518 -2.31464381165942 1.23118814708862 -2.31465672866817 1.46539670669240 -0.63384603651208 
2 8 2 10 4 8  0.82700985660373 -1.91044944713687 0.82695526748605 4.60687264588422 2.50779458054750 -1.67643136879538 
2 8 2 10 4 10  1.57063040232103 -2.17607248557502 0.96551735523832 17.27876524390644 2.17606047564031 -0.96549416293140 
2 8 2 10 5 10  1.34105272508427 -2.16169675014182 0.97992914048145 10.76589990209416 2.57625505479529 -0.56545405595691 
2 8 2 10 6 10  1.22138734821088 -2.14153046081483 0.99990658899901 4.36315020459611 3.04135670020875 -0.10019225059986 
2 8 3 8 2 9  1.32707387453279 -2.32268937582247 1.32712764869246 -1.81457923660828 0.81897372392962 -1.81456352286415 
2 8 3 8 2 10  1.83364111842985 -2.43201779496020 1.39325001676445 -1.74829858562445 0.70950682726754 17.54189461514042 
2 8 4 2 8 10  1.33962505526677 -2.33159185884353 1.33958627014474 0.12564605366185 -1.61852020220165 0.12568543381658 
2 8 4 2 10 6  0.82640954814264 -2.05952876102372 1.15579499749966 0.09079582658582 4.83542425576448 2.50310351250181 
2 8 4 8 2 9  1.39333687977824 -2.43209396242586 1.83394864042941 17.54178248321898 0.70956915133496 -1.74825294547450 
2 8 4 8 2 10  1.89779547559958 -2.56144429716973 1.89775090276195 5.03946533261163 0.58007960302541 -1.24363003799471 
2 8 4 10 4 8  0.96557965438947 -2.17609993425001 1.57065985398441 -0.96560395846342 2.17608095915337 17.27859511722861 
2 8 4 10 4 10  1.67636563291963 -2.50774972787626 1.67637293058803 -0.82696408074271 1.91044082564249 -0.82698842777180 
2 8 4 11 4 8  0.97994367392694 -2.16170532684159 1.34119129860001 -0.56537249070967 2.57607988255566 10.76597688566375 
2 8 4 11 5 10  1.53779463517472 -2.45020551989428 1.53779472936788 -0.62236924896252 2.65412375098361 -0.62244879100504 
2 8 6 2 8 10  1.40559639104421 -2.43978974738915 1.91473944065122 0.68881748568232 -1.74896495980829 0.17988187557577 
2 8 6 2 10 8  1.37922529192505 -2.42646515509131 1.91163230272842 0.67322238154217 4.56276640163107 -2.95895138194353 
2 8 10 3 9 4  0.00919107122140 -1.61132787901516 0.00900756917751 1.59531645263886 4.70343373339029 1.59525851309979 
2 8 10 3 10 6  0.60592480186486 -1.71106653638226 0.07979512943017 1.57154674477158 -1.43116898005101 2.53587831917693 
2 9 3 8 10 4  -0.00865286526897 -1.59532487226009 1.57975084754188 -1.59532029405279 -0.00875887996767 1.61123579821919 
2 9 3 10 8 4  0.01264552893542 -1.59422436972854 1.57083755236113 -1.54725258488832 3.12880856622527 1.57077674279949 
2 9 4 2 9 4  -0.00015680691322 -1.59830055315700 1.59827623305927 0.00002407418699 -1.59833592518421 1.59836633580245 
2 10 4 6 10 4  -0.18052989061550 -1.40554365184617 2.43986902586797 -1.91416703916399 -0.68890584118445 1.74905854190925 
2 10 4 6 11 6  0.44147083752624 -1.48840498715448 2.47767606270713 4.26852501919394 -0.52283575398978 2.75764151451083 
2 10 4 8 4 10  1.24368767295030 4.38530481541614 2.56156672039175 -1.89776055256918 1.24376889784131 -0.58008102148689 
2 10 4 8 10 4  -0.12548137512385 4.94353463357173 2.33161872901148 -1.33965796341967 -0.12537609128496 1.61847356408308 
2 10 4 9 4 10  1.30783262132970 17.01571470205598 2.43210899455813 -1.39330661716924 1.74845603025165 -0.70965427559574 
2 10 4 10 4 8  0.63377920969357 4.81787976315235 2.31463022968984 -1.23115996893523 2.31472241466094 -1.46530403787619 
2 10 4 10 6 10  1.05799491383942 4.52291404608376 2.41781158555657 -1.37060530493368 2.80739782553624 -0.01074022509680 
2 10 5 11 4 8  0.69135375158525 -1.60381649286425 2.51909108397167 -0.48750863350986 2.51908530128111 4.67935657537153 
2 10 5 11 5 10  1.23508746200302 10.65948741038882 2.58359628064658 -0.51820980826320 2.62322844210580 -0.55788035568715 
2 10 6 2 10 6  0.52364316936955 4.71230129190055 2.61804465343370 0.52348343879330 -1.57074573702891 2.61796358363930 
2 10 6 4 10 4  -0.18199348362331 4.86190845873670 2.46843146034981 1.22939563764464 -0.71520917643548 1.76239882115189 
2 10 6 10 4 10  1.38118898317104 4.19963978102106 3.13107381564354 -0.33407502063564 1.77095729464335 -0.72369969638290 
2 10 8 3 9 4  -0.01249754588726 4.71242138221828 -3.12856886992992 1.54729810891239 -1.57079353775561 1.59431748218578 
2 10 8 4 8 10  1.13345885172934 4.27522630877792 -3.14141114892612 2.00791456095046 -1.13347890243307 0.00000380840984 
2 10 8 4 10 6  0.63852594384944 10.87252574996043 -3.23232785619725 1.98573345054880 -1.08204242780276 2.31512584094220 
3 8 10 3 8 10  1.59838879830728 -1.59833229324741 0.00026346830943 1.59822713521523 -1.59826990983672 -0.00011436427789 
3 8 10 3 10 8  1.55062623870875 -1.59092945536997 -0.00012242348162 1.59081069647416 -1.55066061467566 3.14162774756085 
3 9 3 9 3 9  1.57076020864312 4.71246993016464 1.57081507070486 -1.57084353781127 1.57076784828049 -1.57077516749018 
3 9 3 10 6 10  1.60524874282081 4.70711619545001 1.56546127101985 -1.53636153237748 2.95413137456721 -0.18749107140871 
3 10 4 8 4 10  1.74845603025163 -1.39330661716921 2.43210899455820 17.01571470205630 1.30783262132969 -0.70965427559574 
3 10 4 9 4 10  1.81456522420126 -1.32706398167385 2.32268453309277 -1.32703027398306 1.81459251104718 -0.81897583361181 
3 10 4 10 4 10  1.91581778086383 -1.22579028859904 2.17557215958323 -1.07117424664665 2.07044995915462 -0.96601976500942 
3 10 8 3 10 8  1.54333780778152 -1.54330165845122 3.14164386416240 1.54336332237369 -1.54336621785219 3.14188818302985 
4 6 11 4 6 11  2.59049263898459 4.18864715339870 -0.49613290191574 2.59045363674922 -2.09412760923427 -0.49614180919029 
4 6 11 6 4 11  2.59780055974795 4.18876093930480 -0.50357065742023 2.63814941064873 1.04678339051617 -0.54368257191983 
4 8 4 10 4 10  2.24598986997796 17.12800648233586 1.41929061310188 -0.89565714779776 2.05227096004946 -1.08930247240594 
4 8 4 11 5 11  2.58351854426250 10.65947498744337 1.23456589077751 -0.55799239912621 2.62334860251979 -0.51821388838090 
4 9 4 10 4 10  2.17561019619978 -1.22586427299660 1.91582972518758 -0.96607170883681 2.07045376022012 -1.07121857644478 
4 10 4 10 4 10  2.09442782693542 -1.04721009648284 2.09446450527224 -1.04725445217736 2.09445662849030 -1.04724160088252 
4 10 4 10 4 11  2.27301348836963 -1.12839477318532 2.11835061507896 -1.02323778497770 2.01323280447237 -0.86865256178118 
4 10 4 10 5 10  2.01320188830333 -1.02322139804574 2.11834522563235 -1.12839979465203 2.27296886581587 -0.86857139292458 
4 10 4 10 6 10  1.94294847122940 -1.00513012837704 2.13647507525909 -1.19880081255979 -9.79773539549164 12.19296032822416 
4 10 5 10 4 11  2.37426686521594 -1.27549514021044 2.37425804956361 -0.76739199065649 1.86617460760857 -0.76741767758328 
4 10 6 10 4 11  2.44051785943211 -1.38491748688707 -3.40224350643964 6.02253381912806 1.75673082429705 -0.70107341315118 
4 11 6 4 11 6  1.04691465564476 -0.55107732295084 2.64540645802320 1.04714297749931 -0.55112882091358 2.64547225912749 
5 11 5 11 5 11  2.61795481705562 -0.52369838092674 2.61811118236743 -0.52370015887775 2.61824588239957 -0.52363357790729 
