-0.2707217299999999
-0.33830249
-0.41174919
-0.49016924
-0.5722785499999999
-0.6563605400000001
-0.74023623
-0.82125378
-0.89630776
-0.9618990800000001
-1.0142461
-1.0494546
-1.063748399999999
-1.0537542
-1.016824699999999
-0.95136834
-0.85714983
-0.73551284
-0.5894827599999999
-0.42371425
-0.24426881
-0.058232594
0.12678839
0.30323663
0.46416386
0.60371441
0.71747575
0.80266448
0.85814293
0.88428647
0.88273908
0.85610304
0.80760814
0.74079843
0.65926367
0.5664307299999999
0.46541974
0.35896187
0.24937034
0.13855365
0.02805969499999999
-0.08086038099999999
-0.18717792
-0.2900102299999999
-0.38854817
-0.4819931699999999
-0.56950772
-0.65018285
-0.72302503
-0.7869642
-0.8408837500000001
-0.88367166
-0.9142903799999999
-0.93186125
-0.9357566200000001
-0.9256914200000001
-0.9018037899999999
-0.8647144000000001
-0.81555423
-0.75595319
-0.6879851600000001
-0.61407009
-0.5368385199999999
-0.45896933
-0.38301466
-0.31122858
-0.2454154
-0.18681192
-0.13601363
-0.09295065499999999
-0.05691398999999999
-0.026628649
-0.00036663681
0.023909402
0.048382443
0.075208415
0.10634595
0.14339973
0.18748827
0.23914581
0.2982665999999999
0.36409708
0.43527778
0.5099325999999999
0.5857982899999999
0.66038289
0.73113841
0.79563222
0.85170147
0.89757812
0.9319756399999999
0.9541334900000001
0.96382034
0.96130088
0.94727432
0.9227938
0.88917637
0.84791193
0.80057794
0.74876452
0.6940125400000001
0.63776542
0.5813339899999999
0.52587291
0.47236652
0.42162209
0.37426833
0.33075768
0.2913709999999999
0.25622388
0.22527421
0.19833081
0.17506318
0.15501267
0.13760527
0.12216608
0.10793574
0.094088502
0.079752048
0.064028549
0.04601683
0.024835342
-0.0003541882499999999
-0.030322359
-0.06574668
-0.10718464
-0.15504457
-0.20955356