       0.56608185       0.29000984       0.27453867
       0.56849270       0.29903013       0.29044526
       0.56950875       0.30737227       0.30580650
       0.56912474       0.31485735       0.32023355
       0.56737515       0.32135165       0.33340672
       0.56432862       0.32676749       0.34508438
       0.56008098       0.33106109       0.35510490
       0.55474797       0.33422783       0.36338258
       0.54845804       0.33629616       0.36989931
       0.54134584       0.33732070       0.37469351
       0.53354667       0.33737535       0.37784795
       0.52519200       0.33654687       0.37947768
       0.51640618       0.33492925       0.37971895
       0.50730411       0.33261911       0.37871970
       0.49798987       0.32971202       0.37663172
       0.48855608       0.32629979       0.37360468
       0.47908384       0.32246860       0.36978174
       0.46964310       0.31829785       0.36529660
       0.46029328       0.31385950       0.36027175
       0.45108415       0.30921792       0.35481761
       0.44205675       0.30443000       0.34903230
       0.43324432       0.29954548       0.34300205
       0.42467330       0.29460742       0.33680177
       0.41636417       0.28965277       0.33049593
       0.40833231       0.28471294       0.32413952
       0.40058875       0.27981439       0.31777899
       0.39314085       0.27497918       0.31145323
       0.38599287       0.27022552       0.30519452
       0.37914650       0.26556824       0.29902933
       0.37260135       0.26101925       0.29297914
       0.36635524       0.25658791       0.28706110
       0.36040464       0.25228141       0.28128868
       0.35474485       0.24810504       0.27567218
       0.34937032       0.24406253       0.27021922
       0.34427479       0.24015619       0.26493517
       0.33945147       0.23638722       0.25982346
       0.33489319       0.23275579       0.25488590
       0.33059251       0.22926127       0.25012296
       0.32654180       0.22590232       0.24553398
       0.32273334       0.22267701       0.24111735
       0.31915939       0.21958293       0.23687068
       0.31581222       0.21661727       0.23279094
       0.31268415       0.21377690       0.22887455
       0.30976762       0.21105840       0.22511754
       0.30705521       0.20845819       0.22151558
       0.30453964       0.20597250       0.21806405
       0.30221381       0.20359746       0.21475816
       0.30007082       0.20132913       0.21159294
       0.29810399       0.19916353       0.20856335
       0.29630685       0.19709669       0.20566426
       0.29467316       0.19512464       0.20289053
       0.29319692       0.19324350       0.20023705
       0.29187240       0.19144944       0.19769874
       0.29069409       0.18973876       0.19527061
       0.28965677       0.18810789       0.19294777
       0.28875547       0.18655340       0.19072549
       0.28798549       0.18507206       0.18859918
       0.28734239       0.18366082       0.18656447
       0.28682201       0.18231687       0.18461721
       0.28642043       0.18103765       0.18275350
       0.28613404       0.17982084       0.18096973
       0.28595944       0.17866444       0.17926263
       0.28589352       0.17756672       0.17762924
       0.28593337       0.17652631       0.17606701
       0.28607634       0.17554216       0.17457378
       0.28631999       0.17461357       0.17314785
       0.28666206       0.17374021       0.17178798
       0.28710045       0.17292214       0.17049343
       0.28763324       0.17215977       0.16926398
       0.28825859       0.17145390       0.16809996
       0.28897474       0.17080572       0.16700228
       0.28977998       0.17021676       0.16597239
       0.29067258       0.16968892       0.16501236
       0.29165075       0.16922442       0.16412483
       0.29271259       0.16882575       0.16331299
       0.29385604       0.16849569       0.16258059
       0.29507880       0.16823719       0.16193190
       0.29637830       0.16805339       0.16137164
       0.29775158       0.16794747       0.16090495
       0.29919531       0.16792265       0.16053726
       0.30070564       0.16798206       0.16027427
       0.30227819       0.16812866       0.16012176
       0.30390802       0.16836517       0.16008554
       0.30558950       0.16869392       0.16017124
       0.30731635       0.16911679       0.16038421
       0.30908160       0.16963508       0.16072932
       0.31087752       0.17024942       0.16121081
       0.31269569       0.17095968       0.16183211
       0.31452699       0.17176484       0.16259565
       0.31636160       0.17266299       0.16350273
       0.31818913       0.17365117       0.16455331
       0.31999862       0.17472544       0.16574593
       0.32177865       0.17588076       0.16707757
       0.32351748       0.17711103       0.16854357
       0.32520313       0.17840913       0.17013757
       0.32682355       0.17976695       0.17185153
       0.32836673       0.18117546       0.17367574
       0.32982089       0.18262483       0.17559888
       0.33117463       0.18410451       0.17760817
       0.33241705       0.18560343       0.17968950
       0.33353797       0.18711010       0.18182763
       0.33452800       0.18861279       0.18400639
       0.33537870       0.19009974       0.18620897
       0.33608272       0.19155926       0.18841815
       0.33663383       0.19297998       0.19061657
       0.33702704       0.19435096       0.19278704
       0.33725863       0.19566184       0.19491275
       0.33732620       0.19690302       0.19697757
       0.33722862       0.19806572       0.19896627
       0.33696606       0.19914212       0.20086471
       0.33653992       0.20012539       0.20266000
       0.33595278       0.20100978       0.20434066
       0.33520833       0.20179062       0.20589674
       0.33431128       0.20246433       0.20731983
       0.33326723       0.20302842       0.20860312
       0.33208261       0.20348142       0.20974142
       0.33076452       0.20382289       0.21073108
       0.32932067       0.20405329       0.21156997
       0.32775922       0.20417398       0.21225739
       0.32608867       0.20418706       0.21279394
       0.32431780       0.20409538       0.21318148
       0.32245550       0.20390236       0.21342293
       0.32051076       0.20361196       0.21352220
       0.31849250       0.20322858       0.21348404
       0.31640955       0.20275698       0.21331389
       0.31427058       0.20220218       0.21301781
       0.31208401       0.20156939       0.21260230
       0.30985799       0.20086398       0.21207424
       0.30760033       0.20009136       0.21144075
       0.30531851       0.19925696       0.21070910
       0.30301959       0.19836616       0.20988665
       0.30071028       0.19742426       0.20898074
       0.29839682       0.19643644       0.20799864
       0.29608507       0.19540771       0.20694748
       0.29378045       0.19434290       0.20583424
       0.29148794       0.19324665       0.20466564
       0.28921213       0.19212337       0.20344817
       0.28695718       0.19097721       0.20218803
       0.28472685       0.18981211       0.20089113
       0.28252451       0.18863174       0.19956305
       0.28035317       0.18743953       0.19820905
       0.27821546       0.18623864       0.19683405
       0.27611369       0.18503198       0.19544264
       0.27404981       0.18382222       0.19403907
       0.27202549       0.18261178       0.19262728
       0.27004210       0.18140285       0.19121085
       0.26810073       0.18019737       0.18979308
       0.26620222       0.17899708       0.18837693
       0.26434715       0.17780348       0.18696507
       0.26253591       0.17661790       0.18555991
       0.26076865       0.17544144       0.18416354
       0.25904535       0.17427503       0.18277781
       0.25736581       0.17311944       0.18140432
       0.25572965       0.17197525       0.18004442
       0.25413639       0.17084289       0.17869924
       0.25258536       0.16972266       0.17736970
       0.25107583       0.16861472       0.17605649
       0.24960691       0.16751909       0.17476014
       0.24817767       0.16643569       0.17348100
       0.24678707       0.16536434       0.17221923
       0.24543402       0.16430476       0.17097485
       0.24411735       0.16325657       0.16974775
       0.24283588       0.16221934       0.16853765
       0.24158839       0.16119257       0.16734419
       0.24037362       0.16017568       0.16616686
       0.23919033       0.15916806       0.16500508
       0.23803726       0.15816908       0.16385816
       0.23691318       0.15717806       0.16272533
       0.23581686       0.15619430       0.16160577
       0.23474714       0.15521710       0.16049858
       0.23370287       0.15424576       0.15940281
       0.23268296       0.15327959       0.15831747
       0.23168639       0.15231792       0.15724155
       0.23071223       0.15136010       0.15617402
       0.22975960       0.15040554       0.15511382
       0.22882775       0.14945366       0.15405991
       0.22791599       0.14850399       0.15301126
       0.22702378       0.14755610       0.15196684
       0.22615069       0.14660963       0.15092568
       0.22529642       0.14566433       0.14988685
       0.22446080       0.14472003       0.14884945
       0.22364384       0.14377670       0.14781267
       0.22284568       0.14283440       0.14677577
       0.22206663       0.14189335       0.14573810
       0.22130719       0.14095388       0.14469912
       0.22056803       0.14001650       0.14365840
       0.21985001       0.13908188       0.14261565
       0.21915418       0.13815086       0.14157071
       0.21848181       0.13722446       0.14052359
       0.21783437       0.13630391       0.13947446
       0.21721353       0.13539064       0.13842368
       0.21662118       0.13448630       0.13737183
       0.21605944       0.13359276       0.13631968
       0.21553064       0.13271212       0.13526824
       0.21503733       0.13184675       0.13421878
       0.21458227       0.13099923       0.13317283
       0.21416843       0.13017244       0.13213216
       0.21379903       0.12936949       0.13109888
       0.21347744       0.12859376       0.13007537
       0.21320725       0.12784891       0.12906435
       0.21299224       0.12713888       0.12806884
       0.21283634       0.12646784       0.12709221
       0.21274367       0.12584025       0.12613820
       0.21271845       0.12526083       0.12521087
       0.21276504       0.12473454       0.12431464
       0.21288790       0.12426659       0.12345432
       0.21309153       0.12386239       0.12263503
       0.21338050       0.12352758       0.12186230
       0.21375938       0.12326797       0.12114195
       0.21423271       0.12308953       0.12048017
       0.21480500       0.12299837       0.11988344
       0.21548061       0.12300068       0.11935856
       0.21626382       0.12310274       0.11891257
       0.21715869       0.12331080       0.11855276
       0.21816907       0.12363114       0.11828660
       0.21929855       0.12406993       0.11812172
       0.22055040       0.12463322       0.11806584
       0.22192753       0.12532689       0.11812674
       0.22343247       0.12615658       0.11831214
       0.22506729       0.12712762       0.11862972
       0.22683357       0.12824498       0.11908696
       0.22873238       0.12951324       0.11969112
       0.23076423       0.13093645       0.12044911
       0.23292905       0.13251813       0.12136746
       0.23522616       0.13426121       0.12245218
       0.23765423       0.13616793       0.12370871
       0.24021133       0.13823982       0.12514179
       0.24289484       0.14047767       0.12675542
       0.24570152       0.14288141       0.12855275
       0.24862751       0.14545018       0.13053600
       0.25166831       0.14818222       0.13270641
       0.25481887       0.15107489       0.13506414
       0.25807359       0.15412467       0.13760828
       0.26142634       0.15732713       0.14033674
       0.26487062       0.16067699       0.14324627
       0.26839948       0.16416812       0.14633243
       0.27200573       0.16779356       0.14958961
       0.27568192       0.17154564       0.15301103
       0.27942047       0.17541596       0.15658881
       0.28321373       0.17939552       0.16031398
       0.28705412       0.18347480       0.16417660
       0.29093415       0.18764382       0.16816584
       0.29484658       0.19189226       0.17227006
       0.29878446       0.19620959       0.17647695
       0.30274123       0.20058515       0.18077368
       0.30671083       0.20500824       0.18514701
       0.31068773       0.20946832       0.18958343
       0.31466702       0.21395502       0.19406938
       0.31864446       0.21845833       0.19859134
       0.32261654       0.22296864       0.20313601
       0.32658050       0.22747690       0.20769048
       0.33053435       0.23197465       0.21224237
       0.33447691       0.23645413       0.21677994
       0.33840778       0.24090835       0.22129227
       0.34232735       0.24533114       0.22576933
       0.34623675       0.24971716       0.23020211
       0.35013785       0.25406200       0.23458271
       0.35403316       0.25836213       0.23890437
       0.35792583       0.26261494       0.24316158
       0.36181955       0.26681871       0.24735004
       0.36571849       0.27097261       0.25146676
       0.36962721       0.27507665       0.25551000
       0.37355057       0.27913165       0.25947928
       0.37749365       0.28313915       0.26337531
       0.38146163       0.28710141       0.26720002
       0.38545974       0.29102128       0.27095640
       0.38949310       0.29490216       0.27464850
       0.39356668       0.29874790       0.27828130
       0.39768514       0.30256270       0.28186066
       0.40185279       0.30635104       0.28539316
       0.40607347       0.31011759       0.28888602
       0.41035044       0.31386710       0.29234698
       0.41468635       0.31760428       0.29578417
       0.41908312       0.32133376       0.29920598
       0.42354187       0.32505995       0.30262094
       0.42806289       0.32878697       0.30603756
       0.43264555       0.33251855       0.30946423
       0.43728825       0.33625793       0.31290906
       0.44198845       0.34000783       0.31637977
       0.44674254       0.34377032       0.31988354
       0.45154591       0.34754680       0.32342691
       0.45639294       0.35133789       0.32701566
       0.46127695       0.35514343       0.33065467
       0.46619029       0.35896241       0.33434786
       0.47112432       0.36279294       0.33809810
       0.47606948       0.36663223       0.34190709
       0.48101535       0.37047661       0.34577536
       0.48595069       0.37432146       0.34970217
       0.49086353       0.37816130       0.35368549
       0.49574125       0.38198975       0.35772200
       0.50057065       0.38579961       0.36180708
       0.50533809       0.38958285       0.36593480
       0.51002953       0.39333071       0.37009800
       0.51463068       0.39703372       0.37428828
       0.51912707       0.40068177       0.37849612
       0.52350420       0.40426420       0.38271088
       0.52774758       0.40776986       0.38692095
       0.53184287       0.41118717       0.39111380
       0.53577598       0.41450422       0.39527611
       0.53953313       0.41770881       0.39939383
       0.54310097       0.42078858       0.40345232
       0.54646662       0.42373101       0.40743646
       0.54961778       0.42652356       0.41133072
       0.55254275       0.42915365       0.41511927
       0.55523053       0.43160877       0.41878611
       0.55767083       0.43387653       0.42231510
       0.55985413       0.43594464       0.42569006
       0.56177171       0.43780100       0.42889483
       0.56341567       0.43943371       0.43191335
       0.56477894       0.44083105       0.43472966
       0.56585532       0.44198153       0.43732792
       0.56663948       0.44287385       0.43969248
       0.56712697       0.44349694       0.44180784
       0.56731423       0.44383989       0.44365861
       0.56719859       0.44389195       0.44522955
       0.56677831       0.44364254       0.44650546
       0.56605255       0.44308116       0.44747116
       0.56502144       0.44219741       0.44811144
       0.56368610       0.44098093       0.44841090
       0.56204865       0.43942138       0.44835396
       0.56011233       0.43750841       0.44792468
       0.55788150       0.43523167       0.44710669
       0.55536181       0.43258077       0.44588304
       0.55256026       0.42954532       0.44423612
       0.54948540       0.42611494       0.44214749
       0.54614747       0.42227936       0.43959781
       0.54255866       0.41802847       0.43656670
       0.53873333       0.41335251       0.43303270
       0.53468836       0.40824226       0.42897318
       0.53044351       0.40268929       0.42436438
       0.52602183       0.39668640       0.41918149
       0.52145012       0.39022801       0.41339881
       0.51675951       0.38331085       0.40699008
       0.51198603       0.37593464       0.39992897
       0.50717123       0.36810307       0.39218981
       0.50236290       0.35982495       0.38374865
       0.49761572       0.35111555       0.37458462
       0.49299191       0.34199823       0.36468183
       0.48856183       0.33250631       0.35403182
       0.48440435       0.32268516       0.34263663
       0.48060707       0.31259458       0.33051267
       0.47726609       0.30231116       0.31769540
       0.47448526       0.29193084       0.30424475
       0.47237483       0.28157116       0.29025140
       0.47104909       0.27137302       0.27584343
       0.47062301       0.26150179       0.26119315
       0.47120767       0.25214690       0.24652324
       0.47290429       0.24351982       0.23211138
       0.47579703       0.23584958       0.21829199
       0.47994460       0.22937544       0.20545361
       0.48537129       0.22433643       0.19403029
       0.49205791       0.22095769       0.18448568
       0.49993381       0.21943416       0.17728891
       0.50887099       0.21991266       0.17288276
       0.51868175       0.22247414       0.17164565
       0.52912070       0.22711825       0.17385133
       0.53989229       0.23375283       0.17963106
       0.55066347       0.24219043       0.18894454
       0.56108115       0.25215357       0.20156503
       0.57079269       0.26328881       0.21708306
       0.57946733       0.27518878       0.23492975
       0.58681615       0.28741940       0.25441758
       0.59260821       0.29954922       0.27479341
       0.59668129       0.31117694       0.29529601
       0.59894636       0.32195429       0.31521057
       0.59938594       0.33160174       0.33391333
       0.59804723       0.33991665       0.35090221
       0.59503162       0.34677382       0.36581191
       0.59048198       0.35212005       0.37841473
       0.58456960       0.35596436       0.38860991
       0.57748172       0.35836579       0.39640520
       0.56941080       0.35942062       0.40189448
       0.56054577       0.35925005       0.40523462
       0.55106558       0.35798949       0.40662374
       0.54113472       0.35577966       0.40628261
       0.53090065       0.35275978       0.40443950
       0.52049265       0.34906265       0.40131886
       0.51002182       0.34481138       0.39713332
       0.49958185       0.34011754       0.39207861
       0.48925027       0.33508034       0.38633077
       0.47909009       0.32978657       0.38004514
       0.46915143       0.32431109       0.37335656
       0.45947326       0.31871766       0.36638040
       0.45008504       0.31305997       0.35921409
       0.44100817       0.30738271       0.35193896
       0.43225740       0.30172268       0.34462205
       0.42384196       0.29610982       0.33731804
       0.41576666       0.29056824       0.33007093
       0.40803272       0.28511704       0.32291567
       0.40063856       0.27977114       0.31587958
       0.39358041       0.27454195       0.30898361
       0.38685282       0.26943799       0.30224343
       0.38044913       0.26446536       0.29567037
       0.37436180       0.25962826       0.28927222
       0.36858270       0.25492930       0.28305392
       0.36310332       0.25036982       0.27701813
       0.35791501       0.24595021       0.27116568
       0.35300907       0.24167010       0.26549601
       0.34837690       0.23752853       0.26000751
       0.34401008       0.23352417       0.25469775
       0.33990042       0.22965541       0.24956378
       0.33604005       0.22592048       0.24460227
       0.33242138       0.22231758       0.23980972
       0.32903721       0.21884489       0.23518257
       0.32588068       0.21550073       0.23071734
       0.32294528       0.21228353       0.22641070
       0.32022485       0.20919195       0.22225959
       0.31771358       0.20622486       0.21826126
       0.31540596       0.20338139       0.21441334
       0.31329675       0.20066096       0.21071392
       0.31138099       0.19806330       0.20716154
       0.30965393       0.19558842       0.20375524
       0.30811097       0.19323664       0.20049462
       0.30674765       0.19100859       0.19737980
       0.30555959       0.18890515       0.19441145
       0.30454240       0.18692747       0.19159077
       0.30369168       0.18507693       0.18891950
       0.30300289       0.18335506       0.18639986
       0.30247137       0.18176355       0.18403452
       0.30209218       0.18030414       0.18182654
       0.30186013       0.17897860       0.17977932
       0.30176962       0.17778861       0.17789649
       0.30181469       0.17673573       0.17618182
       0.30198887       0.17582128       0.17463911
       0.30228518       0.17504624       0.17327208
       0.30269608       0.17441122       0.17208421
       0.30321343       0.17391629       0.17107861
       0.30382849       0.17356096       0.17025787
       0.30453190       0.17334404       0.16962390
       0.30531366       0.17326359       0.16917777
       0.30616322       0.17331685       0.16891957
       0.30706946       0.17350015       0.16884827
       0.30802076       0.17380894       0.16896160
       0.30900510       0.17423769       0.16925592
       0.31001010       0.17477993       0.16972618
       0.31102319       0.17542823       0.17036583
       0.31203166       0.17617429       0.17116680
       0.31302280       0.17700897       0.17211955
       0.31398409       0.17792233       0.17321308
       0.31490326       0.17890382       0.17443505
       0.31576849       0.17994231       0.17577186
       0.31656850       0.18102629       0.17720884
       0.31729271       0.18214394       0.17873042
       0.31793137       0.18328337       0.18032034
       0.31847563       0.18443271       0.18196185
       0.31891769       0.18558025       0.18363799
       0.31925080       0.18671468       0.18533180
       0.31946939       0.18782511       0.18702656
       0.31956907       0.18890131       0.18870604
       0.31954664       0.18993373       0.19035468
       0.31940012       0.19091367       0.19195782
       0.31912868       0.19183330       0.19350186
       0.31873265       0.19268575       0.19497439
       0.31821342       0.19346514       0.19636430
       0.31757339       0.19416661       0.19766187
       0.31681590       0.19478629       0.19885883
       0.31594512       0.19532130       0.19994837
       0.31496595       0.19576973       0.20092511
       0.31388394       0.19613057       0.20178511
       0.31270517       0.19640366       0.20252579
       0.31143617       0.19658964       0.20314584
       0.31008379       0.19668987       0.20364519
       0.30865513       0.19670633       0.20402484
       0.30715743       0.19664158       0.20428681
       0.30559803       0.19649865       0.20443398
       0.30398423       0.19628098       0.20447003
       0.30232325       0.19599234       0.20439927
       0.30062220       0.19563676       0.20422657
       0.29888797       0.19521845       0.20395723
       0.29712721       0.19474175       0.20359690
       0.29534630       0.19421105       0.20315147
       0.29355131       0.19363078       0.20262697
       0.29174797       0.19300532       0.20202953
       0.28994164       0.19233899       0.20136530
       0.28813733       0.19163598       0.20064035
       0.28633965       0.19090035       0.19986066
       0.28455284       0.19013600       0.19903205
       0.28278075       0.18934663       0.19816015
       0.28102684       0.18853574       0.19725037
       0.27929420       0.18770659       0.19630784
       0.27758554       0.18686225       0.19533746
       0.27590322       0.18600552       0.19434380
       0.27424925       0.18513898       0.19333114
       0.27262529       0.18426495       0.19230346
       0.27103270       0.18338551       0.19126441
       0.26947252       0.18250252       0.19021733
       0.26794550       0.18161758       0.18916524
       0.26645212       0.18073208       0.18811086
       0.26499260       0.17984715       0.18705659
       0.26356691       0.17896376       0.18600454
       0.26217481       0.17808261       0.18495651
       0.26081584       0.17720423       0.18391404
       0.25948935       0.17632896       0.18287837
       0.25819451       0.17545696       0.18185050
       0.25693034       0.17458819       0.18083116
       0.25569571       0.17372248       0.17982085
       0.25448937       0.17285950       0.17881984
       0.25330995       0.17199878       0.17782817
       0.25215598       0.17113971       0.17684569
       0.25102592       0.17028157       0.17587205
       0.24991815       0.16942353       0.17490670
       0.24883102       0.16856468       0.17394896
       0.24776282       0.16770400       0.17299795
       0.24671183       0.16684042       0.17205267
       0.24567632       0.16597279       0.17111198
       0.24465457       0.16509992       0.17017462
       0.24364488       0.16422058       0.16923921
       0.24264558       0.16333351       0.16830427
       0.24165506       0.16243745       0.16736827
       0.24067178       0.16153112       0.16642955
       0.23969425       0.16061327       0.16548644
       0.23872110       0.15968265       0.16453720
       0.23775106       0.15873806       0.16358004
       0.23678298       0.15777836       0.16261317
       0.23581586       0.15680246       0.16163477
       0.23484884       0.15580934       0.16064305
       0.23388121       0.15479810       0.15963622
       0.23291248       0.15376792       0.15861251
       0.23194233       0.15271811       0.15757024
       0.23097066       0.15164812       0.15650774
       0.22999759       0.15055757       0.15542346
       0.22902348       0.14944622       0.15431594
       0.22804897       0.14831404       0.15318382
       0.22707493       0.14716121       0.15202588
       0.22610255       0.14598812       0.15084107
       0.22513330       0.14479540       0.14962851
       0.22416897       0.14358397       0.14838750
       0.22321167       0.14235501       0.14711758
       0.22226384       0.14111001       0.14581853
       0.22132828       0.13985077       0.14449041
       0.22040813       0.13857946       0.14313357
       0.21950692       0.13729859       0.14174868
       0.21862852       0.13601107       0.14033678
       0.21777721       0.13472018       0.13889929
       0.21695760       0.13342967       0.13743805
       0.21617473       0.13214369       0.13595536
       0.21543397       0.13086686       0.13445396
       0.21474108       0.12960427       0.13293716
       0.21410217       0.12836149       0.13140878
       0.21352368       0.12714459       0.12987321
       0.21301240       0.12596012       0.12833549
       0.21257537       0.12481516       0.12680125
       0.21221995       0.12371726       0.12527680
       0.21195370       0.12267448       0.12376915
       0.21178437       0.12169537       0.12228598
       0.21171986       0.12078892       0.12083573
       0.21176818       0.11996458       0.11942753
       0.21193732       0.11923219       0.11807124
       0.21223528       0.11860196       0.11677745
       0.21266992       0.11808439       0.11555743
       0.21324892       0.11769027       0.11442313
       0.21397966       0.11743053       0.11338712
       0.21486917       0.11731623       0.11246252
       0.21592400       0.11735842       0.11166297
       0.21715016       0.11756805       0.11100251
       0.21855296       0.11795588       0.11049547
       0.22013695       0.11853234       0.11015640
       0.22190583       0.11930740       0.10999985
       0.22386230       0.12029043       0.11004028
       0.22600803       0.12149009       0.11029187
       0.22834351       0.12291414       0.11076832
       0.23086804       0.12456932       0.11148266
       0.23357959       0.12646121       0.11244704
       0.23647484       0.12859408       0.11367251
       0.23954907       0.13097074       0.11516880
       0.24279617       0.13359248       0.11694411
       0.24620868       0.13645890       0.11900488
       0.24977775       0.13956788       0.12135561
       0.25349328       0.14291545       0.12399865
       0.25734391       0.14649582       0.12693408
       0.26131719       0.15030135       0.13015954
       0.26539965       0.15432252       0.13367017
       0.26957699       0.15854805       0.13745853
       0.27383422       0.16296495       0.14151458
       0.27815584       0.16755862       0.14582576
       0.28252605       0.17231302       0.15037702
       0.28692898       0.17721084       0.15515098
       0.29134885       0.18223368       0.16012809
       0.29577024       0.18736229       0.16528686
       0.30017828       0.19257682       0.17060413
       0.30455885       0.19785704       0.17605536
       0.30889881       0.20318262       0.18161496
       0.31318616       0.20853341       0.18725663
       0.31741018       0.21388967       0.19295375
       0.32156163       0.21923234       0.19867972
       0.32563281       0.22454328       0.20440835
       0.32961768       0.22980546       0.21011418
       0.33351191       0.23500321       0.21577288
       0.33731290       0.24012233       0.22136149
       0.34101984       0.24515028       0.22685874
       0.34463360       0.25007626       0.23224531
       0.34815676       0.25489130       0.23750399
       0.35159351       0.25958833       0.24261987
       0.35494955       0.26416215       0.24758045
       0.35823198       0.26860948       0.25237573
       0.36144917       0.27292887       0.25699823
       0.36461065       0.27712068       0.26144301
       0.36772691       0.28118696       0.26570759
       0.37080927       0.28513140       0.26979193
       0.37386974       0.28895913       0.27369828
       0.37692078       0.29267667       0.27743109
       0.37997521       0.29629174       0.28099684
       0.38304600       0.29981312       0.28440390
       0.38614616       0.30325052       0.28766232
       0.38928850       0.30661439       0.29078370
       0.39248556       0.30991577       0.29378094
       0.39574944       0.31316616       0.29666805
       0.39909166       0.31637731       0.29946001
       0.40252304       0.31956114       0.30217251
       0.40605359       0.32272954       0.30482178
       0.40969239       0.32589426       0.30742439
       0.41344752       0.32906674       0.30999708
       0.41732597       0.33225802       0.31255653
       0.42133355       0.33547861       0.31511925
       0.42547485       0.33873838       0.31770133
       0.42975320       0.34204642       0.32031833
       0.43417060       0.34541100       0.32298510
       0.43872776       0.34883947       0.32571560
       0.44342404       0.35233815       0.32852280
       0.44825748       0.35591232       0.33141855
       0.45322483       0.35956613       0.33441342
       0.45832156       0.36330259       0.33751660
       0.46354195       0.36712354       0.34073586
       0.46887910       0.37102963       0.34407741
       0.47432506       0.37502033       0.34754588
       0.47987090       0.37909394       0.35114429
       0.48550676       0.38324765       0.35487400
       0.49122203       0.38747758       0.35873476
       0.49700544       0.39177880       0.36272470
       0.50284512       0.39614547       0.36684043
       0.50872883       0.40057085       0.37107704
       0.51464399       0.40504747       0.37542828
       0.52057784       0.40956716       0.37988660
       0.52651757       0.41412121       0.38444330
       0.53245040       0.41870045       0.38908868
       0.53836374       0.42329536       0.39381218
       0.54424522       0.42789620       0.39860253
       0.55008285       0.43249309       0.40344793
       0.55586505       0.43707615       0.40833618
       0.56158073       0.44163555       0.41325483
       0.56721935       0.44616163       0.41819136
       0.57277098       0.45064496       0.42313331
       0.57822629       0.45507642       0.42806838
       0.58357660       0.45944724       0.43298456
       0.58881388       0.46374908       0.43787022
       0.59393078       0.46797403       0.44271420
       0.59892055       0.47211465       0.44750588
       0.60377710       0.47616399       0.45223521
       0.60849495       0.48011559       0.45689277
       0.61306918       0.48396348       0.46146978
       0.61749542       0.48770218       0.46595808
       0.62176982       0.49132666       0.47035021
       0.62588901       0.49483237       0.47463930
       0.62985005       0.49821515       0.47881912
       0.63365039       0.50147125       0.48288402
       0.63728787       0.50459729       0.48682890
       0.64076062       0.50759022       0.49064920
       0.64406708       0.51044729       0.49434083
       0.64720593       0.51316601       0.49790012
       0.65017606       0.51574415       0.50132384
       0.65297656       0.51817965       0.50460909
       0.65560668       0.52047063       0.50775328
       0.65806577       0.52261534       0.51075410
       0.66035329       0.52461214       0.51360949
       0.66246879       0.52645944       0.51631755
       0.66441186       0.52815571       0.51887657
       0.66618209       0.52969943       0.52128494
       0.66777913       0.53108904       0.52354112
       0.66920255       0.53232296       0.52564364
       0.67045195       0.53339949       0.52759104
       0.67152684       0.53431687       0.52938182
       0.67242668       0.53507316       0.53101444
       0.67315083       0.53566629       0.53248725
       0.67369858       0.53609398       0.53379851
       0.67406909       0.53635372       0.53494627
       0.67426140       0.53644276       0.53592842
       0.67427444       0.53635804       0.53674259
       0.67410697       0.53609622       0.53738614
       0.67375762       0.53565358       0.53785610
       0.67322487       0.53502601       0.53814914
       0.67250704       0.53420902       0.53826151
       0.67160230       0.53319761       0.53818900
       0.67050867       0.53198634       0.53792687
       0.66922403       0.53056920       0.53746979
       0.66774613       0.52893964       0.53681178
       0.66607263       0.52709048       0.53594615
       0.66420110       0.52501390       0.53486539
       0.66212905       0.52270140       0.53356113
       0.65985401       0.52014376       0.53202400
       0.65737357       0.51733099       0.53024358
       0.65468542       0.51425232       0.52820824
       0.65178750       0.51089615       0.52590507
       0.64867805       0.50725007       0.52331975
       0.64535577       0.50330081       0.52043638
       0.64181996       0.49903429       0.51723739
       0.63807073       0.49443560       0.51370338
       0.63410918       0.48948910       0.50981297
       0.62993775       0.48417848       0.50554265
       0.62556043       0.47848689       0.50086670
       0.62098322       0.47239714       0.49575700
       0.61621453       0.46589196       0.49018304
       0.61126567       0.45895432       0.48411181
       0.60615146       0.45156790       0.47750793
       0.60089088       0.44371768       0.47033376
       0.59550783       0.43539067       0.46254974
       0.59003196       0.42657692       0.45411489
       0.58449959       0.41727061       0.44498768
       0.57895471       0.40747161       0.43512718
       0.57344996       0.39718719       0.42449470
       0.56804771       0.38643419       0.41305618
       0.56282095       0.37524147       0.40078514
       0.55785413       0.36365284       0.38766672
       0.55324358       0.35173021       0.37370273
       0.54909762       0.33955713       0.35891792
       0.54553586       0.32724230       0.34336750
       0.54268768       0.31492298       0.32714585
       0.54068939       0.30276784       0.31039621
       0.53967999       0.29097867       0.29332055
       0.53979510       0.27979036       0.27618892
       0.54115897       0.26946825       0.25934660
       0.54387461       0.26030199       0.24321708
       0.54801226       0.25259531       0.22829861
       0.55359688       0.24665089       0.21515159
       0.56059583       0.24275071       0.20437481
       0.56890813       0.24113254       0.19656922
       0.57835729       0.24196454       0.19229038
       0.58868940       0.24532074       0.19199264
       0.59957829       0.25116117       0.19597169
       0.61063838       0.25932034       0.20431394
       0.62144500       0.26950727       0.21686240
       0.63156052       0.28131867       0.23320706
       0.64056336       0.29426476       0.25270450
       0.64807653       0.30780471       0.27452580
       0.65379178       0.32138705       0.29772613
       0.65748677       0.33448952       0.32132553
       0.65903332       0.34665294       0.34438832
       0.65839691       0.35750566       0.36609007
       0.65562830       0.36677663       0.38576458
       0.65084960       0.37429746       0.40292797
       0.64423722       0.37999542       0.41728109
       0.63600398       0.38388001       0.42869483
       0.62638238       0.38602614       0.43718396
       0.61561028       0.38655640       0.44287550
       0.60391949       0.38562443       0.44597628
       0.59152758       0.38340053       0.44674328
       0.57863259       0.38006014       0.44545864
       0.56541014       0.37577516       0.44241008
       0.55201247       0.37070804       0.43787670
       0.53856889       0.36500799       0.43211953
       0.52518714       0.35880909       0.42537588
       0.51195533       0.35222965       0.41785679
       0.49894416       0.34537245       0.40974647
       0.48620915       0.33832570       0.40120333
       0.47379285       0.33116421       0.39236176
       0.46172687       0.32395080       0.38333451
       0.45003371       0.31673772       0.37421514
       0.43872838       0.30956804       0.36508054
       0.42781976       0.30247692       0.35599328
       0.41731181       0.29549277       0.34700375
       0.40720459       0.28863828       0.33815205
       0.39749503       0.28193133       0.32946973
       0.38817766       0.27538576       0.32098116
       0.37924516       0.26901203       0.31270482
       0.37068881       0.26281778       0.30465431
       0.36249891       0.25680831       0.29683921
       0.35466499       0.25098701       0.28926585
       0.34717614       0.24535565       0.28193788
       0.34002114       0.23991470       0.27485681
       0.33318864       0.23466354       0.26802239
       0.32666727       0.22960069       0.26143296
       0.32044575       0.22472392       0.25508575
       0.31451292       0.22003047       0.24897711
       0.30885782       0.21551708       0.24310268
       0.30346976       0.21118014       0.23745758
       0.29833829       0.20701575       0.23203650
       0.29345325       0.20301981       0.22683384
       0.28880481       0.19918804       0.22184380
       0.28438342       0.19551605       0.21706042
       0.28017985       0.19199939       0.21247766
       0.27618521       0.18863355       0.20808945
       0.27239090       0.18541402       0.20388972
       0.26878864       0.18233630       0.19987244
       0.26537044       0.17939591       0.19603164
       0.26212861       0.17658842       0.19236142
       0.25905577       0.17390947       0.18885600
       0.25614478       0.17135473       0.18550970
       0.25338881       0.16891999       0.18231695
       0.25078125       0.16660109       0.17927234
       0.24831579       0.16439398       0.17637056
       0.24598632       0.16229468       0.17360646
       0.24378698       0.16029933       0.17097501
       0.24171214       0.15840413       0.16847135
       0.23975638       0.15660542       0.16609073
       0.23791449       0.15489960       0.16382856
       0.23618144       0.15328320       0.16168037
       0.23455242       0.15175281       0.15964186
       0.23302278       0.15030515       0.15770884
       0.23158806       0.14893702       0.15587723
       0.23024395       0.14764531       0.15414313
       0.22898633       0.14642701       0.15250273
       0.22781119       0.14527919       0.15095235
       0.22671471       0.14419901       0.14948842
       0.22569320       0.14318373       0.14810750
       0.22474309       0.14223068       0.14680626
       0.22386097       0.14133726       0.14558145
       0.22304352       0.14050097       0.14442995
       0.22228757       0.13971937       0.14334875
       0.22159007       0.13899011       0.14233490
       0.22094805       0.13831091       0.14138558
       0.22035868       0.13767954       0.14049803
       0.21981922       0.13709387       0.13966960
       0.21932703       0.13655181       0.13889770
       0.21887958       0.13605135       0.13817986
       0.21847442       0.13559053       0.13751365
       0.21810919       0.13516747       0.13689673
       0.21778164       0.13478033       0.13632683
       0.21748958       0.13442733       0.13580176
       0.21723091       0.13410676       0.13531940
       0.21700363       0.13381696       0.13487767
       0.21680578       0.13355631       0.13447460
       0.21663552       0.13332326       0.13410823
       0.21649106       0.13311630       0.13377671
       0.21637067       0.13293397       0.13347822
       0.21627271       0.13277488       0.13321100
       0.21619562       0.13263765       0.13297336
       0.21613787       0.13252097       0.13276367
       0.21609802       0.13242359       0.13258032
       0.21607469       0.13234426       0.13242178
       0.21606656       0.13228183       0.13228659
       0.21607238       0.13223514       0.13217329
       0.21609092       0.13220312       0.13208051
       0.21612107       0.13218470       0.13200693
       0.21616171       0.13217888       0.13195124
       0.21621183       0.13218469       0.13191223
       0.21627043       0.13220120       0.13188869
       0.21633659       0.13222752       0.13187949
       0.21640942       0.13226279       0.13188351
       0.21648810       0.13230620       0.13189972
       0.21657184       0.13235696       0.13192708
       0.21665989       0.13241434       0.13196465
       0.21675157       0.13247763       0.13201148
       0.21684623       0.13254614       0.13206669
       0.21694325       0.13261925       0.13212944
       0.21704206       0.13269634       0.13219892
       0.21714214       0.13277683       0.13227436
       0.21724299       0.13286019       0.13235503
       0.21734415       0.13294591       0.13244024
       0.21744521       0.13303349       0.13252933
       0.21754579       0.13312248       0.13262168
       0.21764552       0.13321247       0.13271671
       0.21774408       0.13330304       0.13281387
       0.21784118       0.13339384       0.13291264
       0.21793657       0.13348451       0.13301253
       0.21802999       0.13357475       0.13311308
       0.21812125       0.13366424       0.13321388
       0.21821017       0.13375273       0.13331452
       0.21829657       0.13383997       0.13341464
       0.21838033       0.13392572       0.13351391
       0.21846134       0.13400979       0.13361201
       0.21853949       0.13409200       0.13370866
       0.21861473       0.13417218       0.13380359
       0.21868698       0.13425019       0.13389657
       0.21875623       0.13432591       0.13398740
       0.21882245       0.13439922       0.13407587
       0.21888563       0.13447004       0.13416182
       0.21894580       0.13453830       0.13424511
       0.21900297       0.13460393       0.13432561
       0.21905719       0.13466690       0.13440320
       0.21910852       0.13472719       0.13447781
       0.21915701       0.13478476       0.13454936
       0.21920275       0.13483964       0.13461779
       0.21924582       0.13489182       0.13468307
       0.21928632       0.13494134       0.13474517
       0.21932436       0.13498823       0.13480409
       0.21936005       0.13503253       0.13485984
       0.21939351       0.13507431       0.13491243
       0.21942488       0.13511364       0.13496189
       0.21945428       0.13515058       0.13500827
       0.21948188       0.13518523       0.13505163
       0.21950780       0.13521769       0.13509204
       0.21953221       0.13524805       0.13512957
       0.21955527       0.13527642       0.13516431
       0.21957713       0.13530293       0.13519636
       0.21959797       0.13532770       0.13522583
       0.21961796       0.13535086       0.13525282
       0.21963726       0.13537255       0.13527748
       0.21965606       0.13539291       0.13529992
       0.21967453       0.13541208       0.13532028
       0.21969286       0.13543023       0.13533871
       0.21971121       0.13544750       0.13535537
       0.21972978       0.13546407       0.13537040
       0.21974875       0.13548009       0.13538397
       0.21976831       0.13549573       0.13539626
       0.21978862       0.13551117       0.13540742
       0.21980988       0.13552658       0.13541765
       0.21983227       0.13554213       0.13542712
       0.21985597       0.13555802       0.13543601
       0.21988115       0.13557440       0.13544452
       0.21990800       0.13559148       0.13545284
       0.21993669       0.13560942       0.13546116
       0.21996739       0.13562842       0.13546968
       0.22000026       0.13564865       0.13547860
       0.22003549       0.13567030       0.13548812
       0.22007322       0.13569355       0.13549843
       0.22011362       0.13571858       0.13550975
       0.22015684       0.13574557       0.13552227
       0.22020303       0.13577469       0.13553620
       0.22025233       0.13580613       0.13555174
       0.22030488       0.13584004       0.13556909
       0.22036080       0.13587661       0.13558844
       0.22042023       0.13591599       0.13561000
       0.22048329       0.13595834       0.13563397
       0.22055007       0.13600381       0.13566053
       0.22062070       0.13605257       0.13568987
       0.22069525       0.13610474       0.13572219
       0.22077382       0.13616048       0.13575765
       0.22085647       0.13621989       0.13579644
       0.22094329       0.13628312       0.13583873
       0.22103433       0.13635027       0.13588468
       0.22112963       0.13642145       0.13593445
       0.22122923       0.13649675       0.13598819
       0.22133315       0.13657626       0.13604605
       0.22144141       0.13666006       0.13610815
       0.22155401       0.13674821       0.13617463
       0.22167094       0.13684077       0.13624559
       0.22179218       0.13693777       0.13632115
       0.22191769       0.13703925       0.13640140
       0.22204743       0.13714523       0.13648642
       0.22218132       0.13725570       0.13657628
       0.22231929       0.13737066       0.13667105
       0.22246126       0.13749008       0.13677076
       0.22260712       0.13761391       0.13687545
       0.22275674       0.13774212       0.13698514
       0.22291000       0.13787461       0.13709982
       0.22306675       0.13801131       0.13721949
       0.22322682       0.13815210       0.13734411
       0.22339003       0.13829688       0.13747364
       0.22355620       0.13844550       0.13760801
       0.22372511       0.13859781       0.13774715
       0.22389655       0.13875363       0.13789095
       0.22407027       0.13891277       0.13803930
       0.22424602       0.13907503       0.13819206
       0.22442353       0.13924017       0.13834908
       0.22460253       0.13940797       0.13851019
       0.22478271       0.13957814       0.13867519
       0.22496377       0.13975042       0.13884387
       0.22514539       0.13992451       0.13901601
       0.22532723       0.14010009       0.13919135
       0.22550894       0.14027682       0.13936962
       0.22569016       0.14045437       0.13955053
       0.22587052       0.14063236       0.13973377
       0.22604964       0.14081041       0.13991901
       0.22622712       0.14098813       0.14010591
       0.22640256       0.14116510       0.14029409
       0.22657555       0.14134089       0.14048318
       0.22674567       0.14151507       0.14067276
       0.22691249       0.14168717       0.14086243
       0.22707558       0.14185673       0.14105173
       0.22723450       0.14202327       0.14124022
       0.22738880       0.14218630       0.14142742
       0.22753804       0.14234531       0.14161284
       0.22768178       0.14249981       0.14179598
       0.22781956       0.14264927       0.14197633
       0.22795093       0.14279316       0.14215336
       0.22807545       0.14293097       0.14232652
       0.22819268       0.14306215       0.14249526
       0.22830217       0.14318617       0.14265902
       0.22840350       0.14330250       0.14281723
       0.22849623       0.14341059       0.14296930
       0.22857996       0.14350991       0.14311464
       0.22865428       0.14359993       0.14325267
       0.22871880       0.14368012       0.14338279
       0.22877314       0.14374996       0.14350439
       0.22881695       0.14380894       0.14361687
       0.22884989       0.14385657       0.14371963
       0.22887165       0.14389234       0.14381207
       0.22888192       0.14391580       0.14389360
       0.22888044       0.14392649       0.14396361
       0.22886698       0.14392396       0.14402154
       0.22884133       0.14390782       0.14406680
       0.22880330       0.14387766       0.14409883
       0.22875277       0.14383313       0.14411708
       0.22868964       0.14377389       0.14412101
       0.22861384       0.14369965       0.14411012
       0.22852537       0.14361014       0.14408390
       0.22842425       0.14350514       0.14404190
       0.22831059       0.14338446       0.14398365
       0.22818451       0.14324797       0.14390876
       0.22804621       0.14309557       0.14381683
       0.22789595       0.14292723       0.14370752
       0.22773405       0.14274296       0.14358053
       0.22756089       0.14254285       0.14343559
       0.22737693       0.14232703       0.14327249
       0.22718269       0.14209570       0.14309107
       0.22697879       0.14184915       0.14289120
       0.22676590       0.14158772       0.14267284
       0.22654478       0.14131184       0.14243601
       0.22631629       0.14102202       0.14218078
       0.22608136       0.14071886       0.14190731
       0.22584102       0.14040305       0.14161583
       0.22559638       0.14007537       0.14130665
       0.22534867       0.13973671       0.14098019
       0.22509918       0.13938804       0.14063693
       0.22484933       0.13903046       0.14027747
       0.22460063       0.13866516       0.13990252
       0.22435467       0.13829347       0.13951287
       0.22411318       0.13791680       0.13910947
       0.22387797       0.13753671       0.13869334
       0.22365093       0.13715488       0.13826567
       0.22343408       0.13677308       0.13782776
       0.22322954       0.13639326       0.13738103
       0.22303949       0.13601744       0.13692707
       0.22286625       0.13564783       0.13646761
       0.22271219       0.13528670       0.13600450
       0.22257979       0.13493651       0.13553977
       0.22247159       0.13459980       0.13507560
       0.22239021       0.13427926       0.13461431
       0.22233836       0.13397770       0.13415840
       0.22231877       0.13369802       0.13371051
       0.22233425       0.13344326       0.13327343
       0.22238763       0.13321656       0.13285013
       0.22248179       0.13302115       0.13244371
       0.22261962       0.13286035       0.13205744
       0.22280402       0.13273757       0.13169469
       0.22303787       0.13265626       0.13135902
       0.22332405       0.13261997       0.13105407
       0.22366540       0.13263225       0.13078362
       0.22406471       0.13269670       0.13055154
       0.22452471       0.13281694       0.13036179
       0.22504803       0.13299655       0.13021843
       0.22563724       0.13323911       0.13012553
       0.22629478       0.13354817       0.13008725
       0.22702295       0.13392718       0.13010772
       0.22782391       0.13437953       0.13019109
       0.22869968       0.13490849       0.13034149
       0.22965208       0.13551721       0.13056297
       0.23068276       0.13620868       0.13085951
       0.23179314       0.13698572       0.13123500
       0.23298443       0.13785095       0.13169316
       0.23425763       0.13880676       0.13223758
       0.23561349       0.13985533       0.13287164
       0.23705249       0.14099853       0.13359849
       0.23857487       0.14223798       0.13442105
       0.24018062       0.14357500       0.13534195
       0.24186944       0.14501056       0.13636350
       0.24364078       0.14654533       0.13748770
       0.24549383       0.14817963       0.13871618
       0.24742749       0.14991339       0.14005020
       0.24944042       0.15174621       0.14149062
       0.25153104       0.15367731       0.14303789
       0.25369750       0.15570552       0.14469201
       0.25593775       0.15782931       0.14645256
       0.25824951       0.16004678       0.14831866
       0.26063032       0.16235567       0.15028899
       0.26307751       0.16475334       0.15236177
       0.26558829       0.16723683       0.15453477
       0.26815970       0.16980287       0.15680533
       0.27078870       0.17244785       0.15917035
       0.27347213       0.17516791       0.16162634
       0.27620678       0.17795890       0.16416942
       0.27898942       0.18081647       0.16679533
       0.28181679       0.18373606       0.16949951
       0.28468565       0.18671293       0.17227708
       0.28759280       0.18974222       0.17512291
       0.29053511       0.19281898       0.17803164
       0.29350953       0.19593817       0.18099777
       0.29651314       0.19909476       0.18401563
       0.29954313       0.20228372       0.18707950
       0.30259686       0.20550004       0.19018362
       0.30567181       0.20873884       0.19332223
       0.30876569       0.21199531       0.19648969
       0.31187634       0.21526484       0.19968041
       0.31500181       0.21854295       0.20288903
       0.31814033       0.22182539       0.20611037
       0.32129032       0.22510814       0.20933950
       0.32445036       0.22838741       0.21257179
       0.32761920       0.23165969       0.21580296
       0.33079574       0.23492174       0.21902907
       0.33397901       0.23817061       0.22224657
       0.33716813       0.24140361       0.22545231
       0.34036233       0.24461837       0.22864358
       0.34356087       0.24781277       0.23181808
       0.34676303       0.25098496       0.23497395
       0.34996808       0.25413335       0.23810975
       0.35317525       0.25725658       0.24122448
       0.35638367       0.26035350       0.24431750
       0.35959235       0.26342314       0.24738856
       0.36280014       0.26646466       0.25043776
       0.36600567       0.26947738       0.25346552
       0.36920734       0.27246066       0.25647249
       0.37240329       0.27541392       0.25945957
       0.37559132       0.27833660       0.26242783
       0.37876890       0.28122808       0.26537846
       0.38193312       0.28408766       0.26831270
       0.38508068       0.28691453       0.27123180
       0.38820784       0.28970771       0.27413695
       0.39131044       0.29246603       0.27702921
       0.39438384       0.29518807       0.27990948
       0.39742295       0.29787212       0.28277837
       0.40042222       0.30051619       0.28563621
       0.40337562       0.30311791       0.28848298
       0.40627667       0.30567458       0.29131820
       0.40911844       0.30818307       0.29414093
       0.41189359       0.31063985       0.29694972
       0.41459436       0.31304099       0.29974254
       0.41721264       0.31538210       0.30251677
       0.41973997       0.31765835       0.30526916
       0.42216761       0.31986447       0.30799580
       0.42448656       0.32199479       0.31069212
       0.42668762       0.32404318       0.31335287
       0.42876146       0.32600313       0.31597213
       0.43069866       0.32786776       0.31854330
       0.43248975       0.32962982       0.32105915
       0.43412530       0.33128173       0.32351180
       0.43559598       0.33281565       0.32589278
       0.43689260       0.33422346       0.32819306
       0.43800620       0.33549685       0.33040308
       0.43892809       0.33662733       0.33251282
       0.43964992       0.33760631       0.33451182
       0.44016374       0.33842510       0.33638927
       0.44046207       0.33907499       0.33813401
       0.44053792       0.33954729       0.33973467
       0.44038488       0.33983336       0.34117966
       0.43999715       0.33992469       0.34245723
       0.43936961       0.33981288       0.34355558
       0.43849783       0.33948977       0.34446285
       0.43737815       0.33894740       0.34516720
       0.43600771       0.33817808       0.34565687
       0.43438448       0.33717446       0.34592018
       0.43250732       0.33592949       0.34594560
       0.43037600       0.33443652       0.34572178
       0.42799125       0.33268933       0.34523755
       0.42535483       0.33068210       0.34448199
       0.42246954       0.32840953       0.34344438
       0.41933926       0.32586681       0.34211429
       0.41596907       0.32304971       0.34048153
       0.41236524       0.31995459       0.33853621
       0.40853534       0.31657846       0.33626871
       0.40448830       0.31291905       0.33366971
       0.40023451       0.30897488       0.33073023
       0.39578593       0.30474534       0.32744162
       0.39115616       0.30023079       0.32379563
       0.38636059       0.29543271       0.31978445
       0.38141655       0.29035379       0.31540079
       0.37634345       0.28499816       0.31063802
       0.37116292       0.27937157       0.30549029
       0.36589900       0.27348162       0.29995270
       0.36057833       0.26733806       0.29402163
       0.35523032       0.26095310       0.28769498
       0.34988732       0.25434178       0.28097263
       0.34458480       0.24752240       0.27385688
       0.33936149       0.24051695       0.26635315
       0.33425951       0.23335164       0.25847060
       0.32932437       0.22605743       0.25022309
       0.32460501       0.21867060       0.24163013
       0.32015362       0.21123331       0.23271808
       0.31602539       0.20379417       0.22352140
       0.31227813       0.19640868       0.21408406
       0.30897157       0.18913966       0.20446106
       0.30616656       0.18205742       0.19471982
       0.30392390       0.17523979       0.18494166
       0.30230292       0.16877170       0.17522289
       0.30135979       0.16274449       0.16567563
       0.30114542       0.15725461       0.15642798
       0.30170322       0.15240184       0.14762337
       0.30306658       0.14828682       0.13941889
       0.30525632       0.14500794       0.13198232
       0.30827810       0.14265766       0.12548772
       0.31212020       0.14131832       0.12010951
       0.31675163       0.14105763       0.11601514
       0.32212100       0.14192415       0.11335658
       0.32815629       0.14394313       0.11226115
       0.33476565       0.14711301       0.11282226
       0.34183945       0.15140314       0.11509117
       0.34925346       0.15675291       0.11907030
       0.35687315       0.16307270       0.12470935
       0.36455879       0.17024661       0.13190462
       0.37217106       0.17813692       0.14050210
       0.37957670       0.18659008       0.15030408
       0.38665385       0.19544357       0.16107903
       0.39329657       0.20453324       0.17257365
       0.39941825       0.21370037       0.18452607
       0.40495376       0.22279800       0.19667902
       0.40986020       0.23169603       0.20879166
       0.41411632       0.24028478       0.22064927
       0.41772093       0.24847693       0.23207022
       0.42069030       0.25620796       0.24290987
       0.42305514       0.26343516       0.25306169
       0.42485726       0.27013569       0.26245580
       0.42614620       0.27630380       0.27105568
       0.42697619       0.28194777       0.27885346
       0.42740342       0.28708668       0.28586458
       0.42748372       0.29174737       0.29212224
       0.42727090       0.29596167       0.29767213
       0.42681542       0.29976406       0.30256767
       0.42616363       0.30318977       0.30686605
       0.42535734       0.30627337       0.31062498
       0.42443374       0.30904778       0.31390033
       0.42342552       0.31154362       0.31674447
       0.42236118       0.31378888       0.31920527
       0.42126552       0.31580891       0.32132561
       0.42016002       0.31762643       0.32314336
       0.41906342       0.31926185       0.32469160
       0.41799211       0.32073348       0.32599906
       0.41696064       0.32205791       0.32709071
       0.41598204       0.32325030       0.32798837
       0.41506816       0.32432470       0.32871133
       0.41422993       0.32529431       0.32927689
       0.41347753       0.32617172       0.32970095
       0.41282054       0.32696905       0.32999840
       0.41226802       0.32769813       0.33018349
       0.41182857       0.32837052       0.33027009
       0.41151032       0.32899763       0.33027193
       0.41132093       0.32959067       0.33020272
       0.41126753       0.33016068       0.33007620
       0.41135668       0.33071845       0.32990617
       0.41159430       0.33127449       0.32970651
       0.41198563       0.33183898       0.32949107
       0.41253510       0.33242163       0.32927364
       0.41324631       0.33303165       0.32906782
       0.41412195       0.33367767       0.32888695
       0.41516374       0.33436761       0.32874395
       0.41637236       0.33510863       0.32865123
       0.41774744       0.33590705       0.32862058
       0.41928747       0.33676825       0.32866302
       0.42098982       0.33769664       0.32878869
       0.42285070       0.33869555       0.32900674
       0.42486515       0.33976723       0.32932525
       0.42702705       0.34091274       0.32975107
       0.42932913       0.34213193       0.33028977
       0.43176299       0.34342345       0.33094557
       0.43431912       0.34478464       0.33172120
       0.43698697       0.34621159       0.33261789
       0.43975498       0.34769909       0.33363530
       0.44261065       0.34924064       0.33477147
       0.44554061       0.35082846       0.33602280
       0.44853069       0.35245350       0.33738400
       0.45156602       0.35410549       0.33884814
       0.45463109       0.35577294       0.34040658
       0.45770988       0.35744321       0.34204905
       0.46078595       0.35910253       0.34376365
       0.46384253       0.36073605       0.34553688
       0.46686264       0.36232794       0.34735369
       0.46982920       0.36386138       0.34919753
       0.47272511       0.36531869       0.35105040
       0.47553342       0.36668133       0.35289290
       0.47823739       0.36792999       0.35470431
       0.48082062       0.36904467       0.35646259
       0.48326720       0.37000471       0.35814448
       0.48556176       0.37078884       0.35972548
       0.48768969       0.37137529       0.36117992
       0.48963719       0.37174181       0.36248098
       0.49139147       0.37186575       0.36360065
       0.49294089       0.37172412       0.36450975
       0.49427513       0.37129370       0.36517794
       0.49538543       0.37055109       0.36557362
       0.49626474       0.36947286       0.36566397
       0.49690807       0.36803567       0.36541488
       0.49731272       0.36621648       0.36479093
       0.49747864       0.36399274       0.36375538
       0.49740884       0.36134273       0.36227022
       0.49710981       0.35824588       0.36029622
       0.49659204       0.35468328       0.35779314
       0.49587058       0.35063826       0.35471992
       0.49496570       0.34609711       0.35103520
       0.49390355       0.34105002       0.34669789
       0.49271691       0.33549217       0.34166808
       0.49144600       0.32942505       0.33590832
       0.49013917       0.32285813       0.32938529
       0.48885373       0.31581063       0.32207203
       0.48765650       0.30831376       0.31395085
       0.48662423       0.30041305       0.30501697
       0.48584378       0.29217101       0.29528300
       0.48541170       0.28366984       0.28478442
       0.48543328       0.27501408       0.27358581
       0.48602076       0.26633296       0.26178793
       0.48729046       0.25778211       0.24953513
       0.48935866       0.24954417       0.23702263
       0.49233616       0.24182773       0.22450276
       0.49632127       0.23486406       0.21228881
       0.50139151       0.22890099       0.20075522
       0.50759427       0.22419344       0.19033202
       0.51493695       0.22099046       0.18149211
       0.52337770       0.21951897       0.17472982
       0.53281769       0.21996503       0.17053067
       0.54309644       0.22245425       0.16933321
       0.55399156       0.22703349       0.17148604
       0.56522376       0.23365657       0.17720483
       0.57646781       0.24217664       0.18653567
       0.58736890       0.25234732       0.19933127
       0.59756325       0.26383357       0.21524571
       0.60670069       0.27623188       0.23375040
       0.61446684       0.28909749       0.25417068
       0.62060210       0.30197539       0.27573823
       0.62491542       0.31443105       0.29765209
       0.62729155       0.32607719       0.31913931
       0.62769159       0.33659371       0.33950751
       0.62614745       0.34573942       0.35818347
       0.62275186       0.35335545       0.37473510
       0.61764544       0.35936148       0.38887722
       0.61100283       0.36374669       0.40046373
       0.60301916       0.36655744       0.40947007
       0.59389808       0.36788377       0.41597024
       0.58384193       0.36784604       0.42011202
       0.57304418       0.36658309       0.42209327
       0.56168428       0.36424222       0.42214103
       0.54992443       0.36097137       0.42049453
       0.53790802       0.35691346       0.41739215
       0.52575941       0.35220248       0.41306212
       0.51358454       0.34696115       0.40771648
       0.50147216       0.34129980       0.40154765
       0.48949543       0.33531608       0.39472693
       0.47771367       0.32909533       0.38740446
       0.46617409       0.32271129       0.37971012
       0.45491350       0.31622709       0.37175499
       0.44395989       0.30969631       0.36363315
       0.43333379       0.30316406       0.35542355
       0.42304958       0.29666803       0.34719190
       0.41311654       0.29023947       0.33899246
       0.40353979       0.28390408       0.33086965
       0.39432108       0.27768281       0.32285951
       0.38545944       0.27159256       0.31499100
       0.37695176       0.26564678       0.30728709
       0.36879323       0.25985600       0.29976577
       0.36097774       0.25422828       0.29244082
       0.35349816       0.24876962       0.28532255
       0.34634664       0.24348426       0.27841834
       0.33951478       0.23837496       0.27173319
       0.33299381       0.23344324       0.26527011
       0.32677475       0.22868963       0.25903045
       0.32084847       0.22411375       0.25301421
       0.31520584       0.21971452       0.24722030
       0.30983774       0.21549028       0.24164671
       0.30473516       0.21143885       0.23629071
       0.29988920       0.20755768       0.23114898
       0.29529115       0.20384386       0.22621771
       0.29093248       0.20029423       0.22149273
       0.28680487       0.19690543       0.21696959
       0.28290023       0.19367392       0.21264362
       0.27921071       0.19059603       0.20850998
       0.27572866       0.18766803       0.20456374
       0.27244671       0.18488610       0.20079987
       0.26935771       0.18224638       0.19721335
       0.26645474       0.17974500       0.19379911
       0.26373114       0.17737809       0.19055214
       0.26118044       0.17514180       0.18746744
       0.25879644       0.17303228       0.18454008
       0.25657311       0.17104573       0.18176519
       0.25450467       0.16917839       0.17913798
       0.25258550       0.16742656       0.17665376
       0.25081022       0.16578657       0.17430792
       0.24917360       0.16425482       0.17209594
       0.24767059       0.16282777       0.17001342
       0.24629633       0.16150194       0.16805607
       0.24504611       0.16027392       0.16621967
       0.24391537       0.15914033       0.16450014
       0.24289969       0.15809788       0.16289348
       0.24199478       0.15714335       0.16139581
       0.24119650       0.15627354       0.16000332
       0.24050081       0.15548533       0.15871233
       0.23990377       0.15477565       0.15751922
       0.23940157       0.15414149       0.15642049
       0.23899048       0.15357987       0.15541269
       0.23866687       0.15308786       0.15449247
       0.23842717       0.15266259       0.15365655
       0.23826792       0.15230119       0.15290172
       0.23818570       0.15200087       0.15222483
       0.23817716       0.15175883       0.15162277
       0.23823904       0.15157234       0.15109252
       0.23836809       0.15143866       0.15063108
       0.23856115       0.15135509       0.15023549
       0.23881508       0.15131896       0.14990284
       0.23912682       0.15132759       0.14963024
       0.23949331       0.15137834       0.14941484
       0.23991157       0.15146858       0.14925380
       0.24037864       0.15159570       0.14914430
       0.24089161       0.15175707       0.14908353
       0.24144759       0.15195011       0.14906870
       0.24204375       0.15217224       0.14909703
       0.24267730       0.15242087       0.14916573
       0.24334549       0.15269346       0.14927202
       0.24404561       0.15298746       0.14941312
       0.24477499       0.15330033       0.14958627
       0.24553104       0.15362957       0.14978868
       0.24631121       0.15397268       0.15001757
       0.24711299       0.15432721       0.15027018
       0.24793396       0.15469071       0.15054374
       0.24877175       0.15506078       0.15083548
       0.24962409       0.15543506       0.15114265
       0.25048878       0.15581123       0.15146252
       0.25136368       0.15618702       0.15179236
       0.25224678       0.15656022       0.15212948
       0.25313615       0.15692867       0.15247121
       0.25402998       0.15729032       0.15281493
       0.25492657       0.15764315       0.15315804
       0.25582433       0.15798528       0.15349803
       0.25672182       0.15831490       0.15383242
       0.25761771       0.15863033       0.15415883
       0.25851085       0.15892999       0.15447496
       0.25940021       0.15921244       0.15477859
       0.26028492       0.15947641       0.15506765
       0.26116429       0.15972074       0.15534015
       0.26203778       0.15994449       0.15559428
       0.26290505       0.16014685       0.15582837
       0.26376591       0.16032726       0.15604093
       0.26462037       0.16048532       0.15623065
       0.26546862       0.16062088       0.15639647
       0.26631103       0.16073401       0.15653751
       0.26714816       0.16082503       0.15665319
       0.26798076       0.16089453       0.15674317
       0.26880975       0.16094336       0.15680744
       0.26963623       0.16097265       0.15684626
       0.27046146       0.16098384       0.15686028
       0.27128686       0.16097863       0.15685047
       0.27211397       0.16095907       0.15681820
       0.27294448       0.16092748       0.15676524
       0.27378017       0.16088650       0.15669375
       0.27462292       0.16083910       0.15660635
       0.27547463       0.16078851       0.15650609
       0.27633725       0.16073826       0.15639644
       0.27721272       0.16069217       0.15628135
       0.27810293       0.16065428       0.15616521
       0.27900968       0.16062889       0.15605281
       0.27993466       0.16062047       0.15594938
       0.28087937       0.16063364       0.15586052
       0.28184510       0.16067315       0.15579218
       0.28283286       0.16074379       0.15575060
       0.28384338       0.16085036       0.15574226
       0.28487700       0.16099759       0.15577383
       0.28593367       0.16119010       0.15585202
       0.28701289       0.16143229       0.15598358
       0.28811366       0.16172829       0.15617512
       0.28923450       0.16208186       0.15643305
       0.29037336       0.16249636       0.15676345
       0.29152767       0.16297460       0.15717191
       0.29269428       0.16351886       0.15766346
       0.29386950       0.16413072       0.15824243
       0.29504910       0.16481111       0.15891228
       0.29622837       0.16556016       0.15967557
       0.29740214       0.16637724       0.16053379
       0.29856483       0.16726090       0.16148731
       0.29971055       0.16820887       0.16253529
       0.30083315       0.16921809       0.16367567
       0.30192634       0.17028470       0.16490511
       0.30298379       0.17140413       0.16621905
       0.30399919       0.17257113       0.16761168
       0.30496641       0.17377984       0.16907608
       0.30587960       0.17502394       0.17060427
       0.30673328       0.17629668       0.17218733
       0.30752246       0.17759105       0.17381558
       0.30824275       0.17889989       0.17547870
       0.30889039       0.18021600       0.17716595
       0.30946241       0.18153226       0.17886633
       0.30995662       0.18284179       0.18056881
       0.31037168       0.18413801       0.18226249
       0.31070714       0.18541481       0.18393680
       0.31096342       0.18666658       0.18558170
       0.31114185       0.18788834       0.18718781
       0.31124460       0.18907577       0.18874658
       0.31127469       0.19022528       0.19025039
       0.31123592       0.19133403       0.19169266
       0.31113277       0.19239997       0.19306791
       0.31097041       0.19342180       0.19437184
       0.31075455       0.19439897       0.19560129
       0.31049138       0.19533167       0.19675428
       0.31018748       0.19622077       0.19782998
       0.30984971       0.19706777       0.19882866
       0.30948516       0.19787474       0.19975160
       0.30910101       0.19864425       0.20060105
       0.30870447       0.19937932       0.20138013
       0.30830266       0.20008330       0.20209272
       0.30790261       0.20075986       0.20274336
       0.30751110       0.20141286       0.20333716
       0.30713464       0.20204629       0.20387965
       0.30677940       0.20266422       0.20437672
       0.30645117       0.20327070       0.20483448
       0.30615529       0.20386973       0.20525919
       0.30589665       0.20446518       0.20565714
       0.30567965       0.20506075       0.20603456
       0.30550813       0.20565991       0.20639757
       0.30538545       0.20626587       0.20675206
       0.30531439       0.20688154       0.20710369
       0.30529719       0.20750952       0.20745776
       0.30533556       0.20815204       0.20781920
       0.30543067       0.20881097       0.20819255
       0.30558316       0.20948780       0.20858189
       0.30579315       0.21018363       0.20899080
       0.30606029       0.21089916       0.20942242
       0.30638376       0.21163472       0.20987934
       0.30676226       0.21239022       0.21036367
       0.30719410       0.21316521       0.21087700
       0.30767719       0.21395887       0.21142042
       0.30820906       0.21477003       0.21199452
       0.30878690       0.21559714       0.21259942
       0.30940760       0.21643837       0.21323477
       0.31006775       0.21729155       0.21389976
       0.31076367       0.21815423       0.21459317
       0.31149148       0.21902370       0.21531338
       0.31224707       0.21989696       0.21605837
       0.31302616       0.22077080       0.21682579
       0.31382429       0.22164180       0.21761294
       0.31463688       0.22250631       0.21841682
       0.31545924       0.22336052       0.21923412
       0.31628657       0.22420042       0.22006128
       0.31711401       0.22502187       0.22089449
       0.31793662       0.22582057       0.22172969
       0.31874943       0.22659207       0.22256261
       0.31954745       0.22733182       0.22338876
       0.32032568       0.22803512       0.22420345
       0.32107914       0.22869717       0.22500177
       0.32180284       0.22931305       0.22577865
       0.32249188       0.22987776       0.22652880
       0.32314139       0.23038616       0.22724672
       0.32374661       0.23083303       0.22792673
       0.32430286       0.23121306       0.22856290
       0.32480561       0.23152082       0.22914910
       0.32525049       0.23175082       0.22967898
       0.32563330       0.23189747       0.23014590
       0.32595008       0.23195511       0.23054300
       0.32619714       0.23191801       0.23086313
       0.32637106       0.23178041       0.23109886
       0.32646883       0.23153647       0.23124247
       0.32648781       0.23118039       0.23128595
       0.32642584       0.23070636       0.23122096
       0.32628131       0.23010862       0.23103889
       0.32605320       0.22938152       0.23073081
       0.32574122       0.22851954       0.23028752
       0.32534583       0.22751739       0.22969956
       0.32486840       0.22637006       0.22895724
       0.32431127       0.22507289       0.22805069
       0.32367789       0.22362172       0.22696994
       0.32297294       0.22201300       0.22570499
       0.32220246       0.22024388       0.22424592
       0.32137395       0.21831246       0.22258301
       0.32049656       0.21621788       0.22070694
       0.31958120       0.21396059       0.21860899
       0.31864070       0.21154259       0.21628125
       0.31768992       0.20896763       0.21371700
       0.31674587       0.20624160       0.21091098
       0.31582785       0.20337273       0.20785987
       0.31495752       0.20037203       0.20456277
       0.31415892       0.19725360       0.20102178
       0.31345847       0.19403501       0.19724260
       0.31288496       0.19073768       0.19323531
       0.31246934       0.18738724       0.18901510
       0.31224450       0.18401385       0.18460318
       0.31224494       0.18065249       0.18002763
       0.31250628       0.17734311       0.17532427
       0.31306462       0.17413072       0.17053754
       0.31395574       0.17106527       0.16572122
       0.31521416       0.16820135       0.16093895
       0.31687198       0.16559759       0.15626455
       0.31895758       0.16331578       0.15178185
       0.32149421       0.16141970       0.14758403
       0.32449846       0.15997351       0.14377243
       0.32797871       0.15903985       0.14045448
       0.33193366       0.15867756       0.13774096
       0.33635097       0.15893916       0.13574236
       0.34120626       0.15986819       0.13456454
       0.34646240       0.16149650       0.13430373
       0.35206943       0.16384172       0.13504121
       0.35796498       0.16690515       0.13683792
       0.36407544       0.17067018       0.13972948
       0.37031778       0.17510154       0.14372208
       0.37660199       0.18014547       0.14878964
       0.38283410       0.18573089       0.15487273
       0.38891956       0.19177164       0.16187939
       0.39476674       0.19816961       0.16968799
       0.40029040       0.20481853       0.17815203
       0.40541490       0.21160831       0.18710650
       0.41007678       0.21842949       0.19637533
       0.41422679       0.22517747       0.20577932
       0.41783106       0.23175636       0.21514402
       0.42087151       0.23808205       0.22430680
       0.42334544       0.24408449       0.23312275
       0.42526452       0.24970903       0.24146916
       0.42665314       0.25491682       0.24924826
       0.42754644       0.25968445       0.25638837
       0.42798808       0.26400290       0.26284359
       0.42802796       0.26787598       0.26859222
       0.42771998       0.27131836       0.27363429
       0.42711998       0.27435356       0.27798845
       0.42628391       0.27701180       0.28168856
       0.42526623       0.27932800       0.28478015
       0.42411874       0.28133987       0.28731713
       0.42288954       0.28308633       0.28935862
       0.42162242       0.28460609       0.29096631
       0.42035638       0.28593655       0.29220211
       0.41912544       0.28711293       0.29312632
       0.41795864       0.28816762       0.29379615
       0.41688011       0.28912979       0.29426470
       0.41590933       0.29002509       0.29458021
       0.41506142       0.29087563       0.29478562
       0.41434753       0.29169993       0.29491844
       0.41377521       0.29251312       0.29501068
       0.41334884       0.29332704       0.29508909
       0.41307001       0.29415058       0.29517540
       0.41293793       0.29498985       0.29528669
       0.41294982       0.29584856       0.29543580
       0.41310121       0.29672823       0.29563176
       0.41338631       0.29762855       0.29588029
       0.41379823       0.29854757       0.29618418
       0.41432925       0.29948204       0.29654377
       0.41497105       0.30042757       0.29695733
       0.41571484       0.30137885       0.29742143
       0.41655153       0.30232986       0.29793126
       0.41747182       0.30327398       0.29848092
       0.41846634       0.30420412       0.29906370
       0.41952563       0.30511281       0.29967222
       0.42064028       0.30599229       0.30029863
       0.42180086       0.30683453       0.30093470
       0.42299802       0.30763128       0.30157192
       0.42422246       0.30837403       0.30220152
       0.42546492       0.30905407       0.30281451
       0.42671620       0.30966242       0.30340162
       0.42796717       0.31018979       0.30395328
       0.42920874       0.31062658       0.30445954
       0.43043193       0.31096282       0.30490998
       0.43162784       0.31118814       0.30529362
       0.43278771       0.31129170       0.30559880
       0.43390300       0.31126220       0.30581306
       0.43496542       0.31108783       0.30592302
       0.43596705       0.31075627       0.30591424
       0.43690047       0.31025472       0.30577113
       0.43775887       0.30956989       0.30547686
       0.43853629       0.30868812       0.30501320
       0.43922773       0.30759543       0.30436054
       0.43982949       0.30627766       0.30349780
       0.44033938       0.30472066       0.30240245
       0.44075704       0.30291056       0.30105058
       0.44108432       0.30083399       0.29941698
       0.44132562       0.29847855       0.29747539
       0.44148833       0.29583318       0.29519876
       0.44158327       0.29288879       0.29255970
       0.44162514       0.28963889       0.28953106
       0.44163305       0.28608034       0.28608669
       0.44163091       0.28221434       0.28220239
       0.44164794       0.27804738       0.27785724
       0.44171904       0.27359245       0.27303507
       0.44188505       0.26887036       0.26772643
       0.44219291       0.26391106       0.26193081
       0.44269556       0.25875512       0.25565935
       0.44345163       0.25345519       0.24893788
       0.44452465       0.24807725       0.24181030
       0.44598192       0.24270178       0.23434220
       0.44789273       0.23742442       0.22662452
       0.45032603       0.23235606       0.21877693
       0.45334737       0.22762208       0.21095053
       0.45701518       0.22336051       0.20332944
       0.46137637       0.21971883       0.19613046
       0.46646149       0.21684925       0.18960031
       0.47227961       0.21490241       0.18400962
       0.47881337       0.21401946       0.17964324
       0.48601463       0.21432299       0.17678665
       0.49380135       0.21590719       0.17570872
       0.50205617       0.21882820       0.17664172
       0.51062742       0.22309560       0.17976024
       0.51933263       0.22866612       0.18516114
       0.52796494       0.23544083       0.19284727
       0.53630194       0.24326630       0.20271734
       0.54411639       0.25194033       0.21456422
       0.55118802       0.26122188       0.22808251
       0.55731511       0.27084432       0.24288529
       0.56232492       0.28053077       0.25852828
       0.56608185       0.29000984       0.27453867
