0 2 6 8  0.52354710388280 2.09507734510430 3.66521415618010 -1.04774384041228 
0 2 8 6  0.50956252599819 2.09437394285960 -2.60389299570777 2.09344687656817 
0 4 0 7  0.51355383968815 2.21120256354157 -0.93057611212231 3.65508976616905 
0 4 6 10  1.04638122152918 2.61800820245207 -2.09467123984496 5.75964195424268 
0 4 9 4  6.16650835003665 3.02468011052986 -1.56076693210584 1.58078785537211 
0 4 10 6  0.39962962415808 2.61794275515544 -1.44674333057227 2.61796191593155 
0 5 0 7  0.36223950056041 2.77932014364770 -0.36228034639570 3.50383918256301 
0 5 0 8  0.93051946783706 2.62807825917646 -0.51351085669250 4.07196661734260 
0 6 0 6  -0.00003130959910 3.14164248070779 -0.00004351417142 3.14163008294834 
0 6 2 8  0.52360780750064 2.74201606649258 0.52356263492353 -1.69475181161856 
0 6 4 10  1.04736400200384 2.63206930235288 1.04727889144013 -0.53762822076517 
0 6 8 2  -1.04746194820426 3.65115322260877 -1.04657166520656 0.53767592669900 
0 6 10 4  -0.52356695087798 3.54117926523025 -0.52354242691222 1.69480621461650 
0 8 2 6  -0.39957147035527 3.66518534061827 1.44676309371074 3.66520029700056 
0 8 3 8  0.11670893003756 3.25824940640724 1.56076602996582 -1.58089443088628 
0 8 6 2  -1.04682381505507 3.66513994927722 2.09424317940298 0.52357341744869 
0 10 4 6  -0.50958833892416 4.18801995035543 2.60396337926772 -2.09513753430953 
0 10 6 4  5.75965932418132 -2.09451010373643 2.61802356243936 1.04641249873771 
1 6 10 6  0.51357235077424 3.65515841509816 -0.93021951598484 2.21115474822673 
1 6 11 6  0.36222055997832 3.50384096324076 -0.36227855656951 2.77935496493003 
1 7 1 7  0.52358679401172 3.66518880781403 0.52361617178980 3.66529214974475 
1 8 3 8  0.68494482435535 -2.45676931841200 1.40957562508475 -1.73215388856405 
1 8 4 8  0.53362132311722 -2.60797143475559 1.97750909156058 5.11928572612401 
2 4 10 8  1.55677810001752 3.14151457571264 -1.55675861352051 3.14141075783707 
2 6 2 9  1.56076602996581 3.25824940640724 0.11670893003756 -1.58089443088627 
2 6 11 6  0.93039890246963 4.07198360049251 -0.51359130661881 2.62798035575692 
2 7 2 9  1.40957562508475 -2.45676931841200 0.68494482435535 -1.73215388856405 
2 7 2 10  1.97750909156058 -2.60797143475560 0.53362132311723 5.11928572612399 
2 8 2 8  1.04717154404515 -2.09438138245830 1.04720310288952 -2.09438092905255 
2 8 4 10  1.57083999551698 -2.49402632836026 1.57082331118713 -0.64761233275435 
2 8 10 4  -0.00047918611996 -1.58483175231940 -0.00181938445235 1.58493456938826 
2 10 4 8  0.64765528242364 4.71227093956892 2.49403034664204 -1.57078162238997 
2 10 5 10  1.16412465646902 4.30534422533301 2.60793695572053 -0.53362775440949 
2 10 8 4  0.00003369127246 10.99561595333692 3.14192829027964 1.57076936868557 
3 9 3 9  1.57080077302742 4.71239248509684 1.57082903421927 -1.57076658431146 
3 10 5 10  1.73215649231319 -1.40950689521637 2.45677492155302 -0.68498504152471 
3 10 6 10  1.58077854244348 -1.56065825046617 3.02455827611035 6.16604203441918 
4 8 4 11  2.60793695572053 4.30534422533303 1.16412465646902 -0.53362775440949 
4 9 4 11  2.45677492155302 -1.40950689521637 1.73215649231319 -0.68498504152470 
4 10 4 10  2.09439724161431 -1.04716392336698 2.09434454445240 -1.04717728178908 
5 11 5 11  2.61801555695255 -0.52353676771817 2.61796394346488 -0.52355756454579 
