0 2 6 0 8 0 6  0.36021538115647 2.29619370302312 -2.77926452893063 -0.36148740876672 -2.30214988508508 0.83804352043666 2.78139550404755 
0 2 6 8 0 2 7  0.51372516957046 2.10120932613209 3.66516042426548 -1.04606766452743 0.52351885404632 2.08878366383427 -2.60815147387897 
0 2 6 8 0 4 8  0.63320604412472 2.03297805384951 3.66536370275370 -0.98572937018307 0.41387209656793 2.69007671544783 4.64036304824025 
0 2 6 8 1 6 8  0.52356116446422 2.09426175159314 3.66521153474610 -1.05338049418455 0.53339772867701 3.65533472620657 -1.04146149837054 
0 2 6 8 1 8 6  0.50953551773592 2.10254301114596 3.66516500729556 -1.05210566272133 0.53067918310491 -2.61098853217798 2.09803628283375 
0 2 6 8 2 0 7  0.51659121922207 2.09886054297468 3.66526661888400 -1.05663432960034 0.53781700042069 -1.05249819275074 3.65817447261712 
0 2 6 10 0 4 8  0.59976724493218 2.13314898577491 3.51049907133466 -0.36896929721216 1.00837675218359 2.54173818954099 -1.57064425522502 
0 2 6 10 2 4 8  0.67831861149701 2.05543039943118 3.58910777116475 -0.52371703386418 1.64696448840798 -3.10248560928792 -1.72551264686798 
0 2 6 10 2 6 8  0.52358059512989 2.15593406705383 -2.72753820646467 -0.45168833412714 1.49876300808412 3.77470500537302 -1.10846212246595 
0 2 6 10 2 10 6  0.36693786532766 2.28744199365019 3.51157075649625 -0.37362703777676 1.11627058173171 -2.02621782423485 2.76986908507662 
0 2 6 10 3 10 6  0.43610170523204 2.19670364206679 3.58751920436482 5.75679198170299 1.65425058290969 -1.49015520691109 2.62139001565576 
0 2 6 10 4 10 6  0.50174069583854 2.11341916515984 3.65667921153521 -0.85629081018333 2.05098390357420 -1.09289692666196 2.29291068784548 
0 2 6 10 6 1 7  0.51474751953455 2.10162755070655 -2.62116295816070 -0.93446758098571 2.21344047173618 0.51125969071669 3.66931521692871 
0 2 7 0 4 0 7  0.51721753597172 2.09176061076550 -2.60763798790895 0.51030212760396 2.21296633605798 5.35286445131657 3.65460062974645 
0 2 7 1 6 10 6  0.50668839071916 2.09931339798368 -2.61002513075152 0.52434736717940 3.65358237792771 -0.93019147770972 2.21488327273570 
0 2 7 1 8 4 8  0.52679403501180 2.08712752500086 -2.60905684372040 0.51944279942973 -2.60563647540397 1.97553562857080 11.40670372391793 
0 2 7 2 0 6 8  0.52350833568881 2.08986360543733 -2.61099198170014 0.53054854100397 -1.04219378790535 3.65100402022648 -1.03859964283833 
0 2 7 2 0 8 6  0.50947180708039 2.09940624622175 -2.61099301938444 0.53067888479206 -1.05192445179030 3.66514179591746 2.10395231870490 
0 2 7 2 10 2 7  0.51319121584060 2.09712275042924 -2.61155978472675 0.53409424830053 11.40247434083667 1.97579142802570 -2.60471003647290 
0 2 8 2 6 2 8  0.68505582498038 1.89342468627665 -2.45456473153108 1.40750688849260 3.35004223143546 0.20921672068269 -1.73295418838759 
0 2 8 4 8 1 7  0.51558545703619 -4.19528564339706 -2.60119187449529 1.97360092695199 5.12033367349772 0.53550602883230 9.94756758118922 
0 2 8 4 10 4 8  0.53204727383676 2.07538197622022 -2.59620954874703 1.89591839552716 -1.00129331174443 2.13766867998543 17.61168333177287 
0 2 8 4 11 4 8  0.60128317660658 1.99126705692385 -2.53038389105262 1.56729637394588 -0.60422181247272 2.53455815285746 10.99837847978692 
0 2 8 6 1 6 8  0.52361236554827 2.08480083354644 -2.60388123224509 2.09026723905688 0.51656031587899 3.65810876440393 -1.04262035897998 
0 2 8 6 1 8 6  0.50957300553821 2.09540439879316 -2.60385970069212 2.09156114317508 0.51380581941439 -2.60821514716339 2.09664241429635 
0 2 8 6 2 0 7  0.51671274011266 2.09011045331651 -2.60385948689553 2.08571497653002 0.52355117076576 -1.04249846142842 3.65811851191093 
0 4 0 6 0 10 6  0.36146333133042 2.30262537913249 5.44439512922306 3.50181390434779 -0.36024805063659 -2.29457605627520 2.77924878190815 
0 4 0 6 8 1 7  0.51187664338847 2.21141423713590 -0.92678187889212 3.64818710519052 -1.04269269345848 0.53175466793286 3.66582595678804 
0 4 0 6 10 4 8  0.52641266769915 2.20262180388734 -0.92196758536109 3.64290302813108 -0.87730433226010 2.09224364987816 -1.20573688514686 
0 4 0 7 1 6 8  0.52035570295668 2.20681978245633 -0.92805689003329 3.65280500403729 0.52767090345430 3.65630119764718 -1.03967293192071 
0 4 0 7 1 8 6  0.50668674089507 2.21456359031851 -0.93012763355754 3.65348994934047 0.52428488468350 -2.60992450942314 2.09976866096391 
0 4 0 7 2 0 7  0.51310996921981 2.21100522281459 -0.92860254949642 3.65192625481406 0.53411367598749 -1.05084876729969 3.65872342554915 
0 4 0 8 2 4 8  0.67364043336651 2.16333283279278 -0.97903375512251 3.81711632401138 1.41415386917416 -2.94809272665243 -1.72451594344380 
0 4 0 8 4 2 8  0.67549565694157 2.16247224799135 5.30510365253106 3.81525760034856 1.41713251572411 0.19226632933055 -1.72745065468559 
0 4 0 8 4 10 6  0.50132053392407 2.21942467126503 5.34425554947099 3.66802062826012 1.93626970747379 -1.04961178995316 2.26428439175652 
0 4 0 8 6 1 7  0.51132263085715 2.21346635060285 -0.93455153435327 -2.62121056291425 2.10185609280818 0.51470245666832 3.66922642920227 
0 4 6 0 6 10 6  0.36140365081953 2.77938465375438 -2.29725199795812 -0.36019019433936 3.50187258309549 5.44573046973887 2.30249633434768 
0 4 6 0 8 2 8  0.85621425802186 2.62638618245558 16.73623548887666 -0.50174789428218 3.99033835103584 1.09290331664817 -2.05095952727484 
0 4 6 0 8 3 8  0.52640093600079 2.69573581637441 10.36837434916519 -0.43602256365627 3.66173926168622 1.49017621080453 -1.65426244613558 
0 4 6 10 0 4 8  0.45153848425807 2.72756932207184 -2.15587652537249 -0.52362324110511 1.10866049070462 2.50843135006336 4.78446259724202 
0 4 6 10 0 5 10  1.05321711609870 2.61790859172110 -2.09488606812995 5.75968156997300 1.04222567417362 2.62784788888637 -0.53348540992196 
0 4 6 10 2 4 8  0.52358397390040 2.69412110446010 -2.05561575963279 -0.67832328775491 1.72542102617144 3.10283948988233 4.63614479928493 
0 4 6 10 2 6 8  0.36899528653210 2.77258795126825 -2.13335748879459 -0.59985682932624 1.57080455291048 3.74139448821012 -1.00842779911003 
0 4 6 10 2 6 10  0.98581500646336 2.61799466431237 -2.03316562159033 -0.63320752003935 1.64288457010291 3.59307071493348 -0.41401918312213 
0 4 6 11 4 6 10  1.04702380463859 2.61801429580058 -2.10051409109665 -0.51375861029905 2.60814241677618 4.19518997922964 -0.52366160987822 
0 4 6 11 5 0 8  0.93436261183843 2.62124904746271 4.18069994293628 -0.51460848881326 2.61390013050718 -0.51120157543003 4.06985460837779 
0 4 6 11 6 4 10  1.05618435673396 2.61793849779459 10.46799415386903 -0.51648462865793 2.62502049985923 1.05191710918487 -0.53771766639926 
0 4 8 0 4 10 6  0.36233307832296 2.71926511629018 10.89493213568112 0.66315937887516 2.47790339288126 -1.35282123104923 2.63183469430244 
0 4 8 0 6 0 6  0.20436053359477 2.81732548278779 4.71244146109313 0.32420987071535 2.93719961295651 0.17290461095050 2.96866759883836 
0 4 8 0 6 2 8  0.61019116936880 2.57321142738073 4.75718251943974 0.43705177166798 2.76696179236005 0.52359437542759 -1.71973916679427 
0 4 8 0 6 10 4  -0.12488879489681 3.03336436831716 -1.57365024877714 0.15830264035792 3.14384853838365 -0.17011576005199 1.59302085322542 
0 4 8 0 8 2 6  -0.00209295362516 2.98335538289752 -1.56805067355051 0.10817321844490 3.26707410600994 1.54845012146445 -2.97139977503886 
0 4 8 0 8 4 10  1.23923251545973 2.46431489406884 4.86250887125183 0.06903563979167 3.20977143392158 1.72269937561457 -0.68025669654121 
0 4 8 1 8 4 10  1.15084365643857 2.54029918697920 10.99269744990593 0.60713808649408 -2.53732906493131 1.57422228859746 -0.61117912334921 
0 4 8 2 0 8 4  -0.06892099859879 3.07342877646568 -1.72259778471352 0.68020272569594 -1.24054132748385 3.81879206529089 1.42075187843295 
0 4 8 2 6 0 8  0.93896335702792 2.61513316180341 -1.93604318919830 1.04938798908005 -2.26433284305888 -0.50137404728789 4.06338283097655 
0 4 8 2 8 0 6  0.27203960988269 2.80989663350377 4.52042772870057 0.77530733732789 -1.80066193299144 0.52379090715761 2.84772982440303 
0 4 8 2 8 2 8  0.72277932821706 2.61800629781870 10.79629231757674 0.84276966679650 -1.92141611229960 0.87421928108132 -1.88996240078945 
0 4 8 2 8 4 10  1.06563055039018 2.60952405289918 16.94607922928554 1.00375290408840 -2.14006817797769 1.24586567494400 -0.54543904600307 
0 4 8 2 10 4 8  0.47890210581397 2.66273630911928 4.62575650158463 0.67259574905596 -1.57087428261624 2.46902235911575 -1.48423685375026 
0 4 8 4 0 6 8  0.36993711496589 2.76802932272418 -2.02524802380044 1.11529070635337 -0.37165863661537 3.50850723483082 -0.85527017468365 
0 4 8 4 0 8 6  0.36690268044225 2.76995110474008 -2.02623811156698 1.11634895556878 -0.37361507555961 3.51159289041762 2.28783824408448 
0 4 8 4 10 2 8  0.88898000210628 2.62081430073226 16.86325535540372 1.17245777811471 -0.54587143286226 1.21709691763504 -2.09656218666003 
0 4 8 4 11 5 10  1.05481876667852 2.61472960754799 10.58484332371963 1.16610942402474 -0.53595937369670 2.62217969243663 -0.53266588788525 
0 4 8 10 2 4 8  0.59568900179811 2.54589069322475 4.82207591660266 -0.06114405777977 1.57086228109998 3.20286304391696 -1.68043845050160 
0 4 8 10 2 6 8  0.44733476073411 2.61799143572065 4.78862447490875 0.03861273087661 1.41617864899489 3.81981417157002 -1.08561268974748 
0 4 8 10 2 6 10  1.08583305695513 2.46332602415144 -1.41612372590414 -0.03848041407312 1.49460254232762 3.66516789978657 -0.44744548509717 
0 4 8 10 3 9 4  -0.11913018073366 3.02908723156690 4.71550366904155 -0.00832312551077 1.57976033861841 -1.57503142206159 1.58321404526199 
0 4 8 10 4 0 6  0.04336689985809 2.95059951726869 -1.56235077234675 -0.01868707687294 1.59264898673564 -0.19870249868810 3.18745015944768 
0 4 8 10 4 0 7  0.44015573385681 2.62075856411729 -1.49303855145651 -0.10237504052268 1.65832844741942 -0.52699574158110 3.58456088175789 
0 4 8 10 4 0 8  0.97817856829374 2.46799945738981 -1.41714932890015 -0.19301029075992 1.72739367854304 -0.67548940308983 -2.16249023661501 
0 4 9 2 4 9 4  12.44970755528526 3.02327673854157 -1.55743605961139 1.56029573256969 3.14366582222821 -1.56437271036213 1.58135839769514 
0 4 9 2 6 0 6  0.07236774535963 2.92227949645866 -1.54765451899528 1.54763642724115 3.36093615871939 -0.07234945846569 3.14156890655827 
0 4 9 3 8 10 4  12.44593562800776 3.02454335870886 -1.55903127823639 1.57015483924950 -1.57890166047273 -0.00613016031604 1.58754861091394 
0 4 9 3 9 2 6  0.00006975580395 2.97578457776532 -1.55542374693209 1.56705791349645 4.71610254020639 1.55548689318249 3.30715170442247 
0 4 9 3 10 8 4  6.17058319577409 3.02273304279547 -1.55854772225029 1.56667152097747 -1.56177464810873 -3.14896899633981 1.57396318839578 
0 4 9 4 0 6 8  0.44589977871500 2.61515701252139 -1.48731183392741 1.65140114259150 5.76292075044123 3.57770512666389 -0.94474289326162 
0 4 9 4 0 8 6  0.43604662522992 2.62138833094744 -1.49020070971803 1.65423690249810 5.75681725841977 3.58745652722638 2.19647747449859 
0 4 9 4 2 9 4  18.73116020678538 3.02465445351026 -1.56014276771896 1.57719736229330 0.01170179691374 -1.58128903390146 1.58409854877197 
0 4 10 2 6 10 6  0.50141441378482 2.26448191482852 -1.04941571626754 1.93605132214147 3.66802214977550 5.34431803907935 2.21974835593614 
0 4 10 2 7 1 7  0.50828403735868 2.25979954296848 -1.04693654693034 1.92877544324736 -2.60264554314738 0.51994225623840 3.66881293185408 
0 4 10 4 0 6 8  0.51507904604374 -3.99769171193127 -1.09066958508136 2.04860223204555 -0.84848636064671 3.64333112611244 -1.02849270461011 
0 4 10 4 0 8 6  0.50165060438292 2.29302480385360 -1.09299885545290 2.05099603840364 -0.85604827243336 3.65670568724853 2.11380168192190 
0 4 10 4 8 0 6  0.29383978109658 2.61812409219084 -1.34099626408248 2.36639078072729 4.90427192151799 0.33166528097393 2.86964320714666 
0 4 10 4 8 2 8  0.71545247755015 2.42615203657039 -1.31916214988128 2.38816735421560 10.99554657277567 0.75339938515817 -1.82244031109350 
0 4 10 4 10 2 7  0.50048420788479 2.31377980986752 -1.11948922357529 2.09438940780783 -0.97491386928610 1.87510522739798 -2.59482921363384 
0 4 10 4 10 4 8  0.52359959333277 2.41865379534249 -1.25162133102085 2.26734432710719 -1.22017135069607 2.29885636749258 11.19485933249183 
0 4 10 6 0 8 4  6.17508455061017 3.01626927207035 -1.54851374874011 2.97167056573874 0.00225407564563 3.29979267484335 1.56804277187156 
0 4 10 6 2 10 6  0.37463064049292 2.61793810602841 -1.42177409411815 2.53142869004398 0.56830479825923 10.95086233325558 2.70458065192999 
0 4 10 6 4 10 4  12.35777372769534 2.93337542520932 -1.40868097933184 2.45674103399177 1.25140556524692 -0.68701514807513 1.73418788134855 
0 4 10 6 10 2 6  0.00209267581557 2.97171044576488 -1.54862394612914 3.01653869562200 6.17493740864755 1.56798377287713 3.30000670162289 
0 4 10 8 3 9 4  -0.11700721295281 3.02139591159622 -1.55393762137390 3.13648339136485 1.56282644399030 4.71175784877806 1.58252842103982 
0 4 10 8 4 0 6  0.04573885193024 2.94294774568820 -1.54885594507632 -3.16104705058360 1.57923971168627 -0.19084177765886 3.18500454489666 
0 4 10 8 4 0 7  0.44300321353756 2.61461899123215 -1.48335621317738 -3.24489250619931 1.64855243656224 -0.52085696574001 3.58187702383554 
0 4 10 8 4 0 8  0.97918932959630 2.46611802158659 -1.41420022579054 -3.33490963058512 1.72430642670201 -0.67353104399477 4.11960648498625 
0 5 0 8 0 5 10  1.04985848679567 2.62432820648603 -0.51293334767384 4.07191165205968 0.92896409859031 2.63134946671602 -0.53398122682476 
0 5 0 8 2 4 8  0.52085272825984 2.70142229905566 -0.44302382266461 -2.61469820781602 1.48334967048601 3.24414475072318 -1.64853505940399 
0 5 0 8 4 2 8  0.52698147590439 2.69858690991211 -0.44022720994268 3.66244454156347 1.49303828918252 0.10298533127419 -1.65834456239523 
0 5 0 10 4 6 10  1.04301821255511 2.62505996168311 -0.51659066560946 -2.09023329599449 2.60387038091506 -2.08550166595537 -0.52360678666259 
0 5 0 10 5 0 8  0.93040195754519 2.62856258751204 -0.51710345111261 16.75770821750358 2.60755579320914 -0.51027243442702 4.07042255671405 
0 5 0 10 6 4 10  1.05267008351103 2.62506332386068 -0.51649039055339 10.46690631463189 2.61791350335308 1.05586393053946 -0.53778951037783 
0 5 10 0 6 4 10  1.04927093683315 2.62772223211869 -0.53339423761034 1.04426838673967 2.63210129651682 1.04686586057076 -0.53773000759877 
0 5 10 2 8 2 8  0.82769326947030 2.64118107545530 -0.54672176735812 1.26660840952746 -2.16684773569961 1.04729287330001 -2.02213086154699 
0 5 10 2 10 5 10  1.04521205514407 2.62842452489326 -0.53692818481613 1.16576433083181 16.87186422279938 2.60735639997824 -0.53003336139212 
0 5 11 4 6 0 8  0.93033469817844 2.62972207006100 -0.52428383506665 2.60994198015165 10.46569240965510 -0.50668811850597 4.06837322737539 
0 5 11 4 8 4 10  1.05248405630443 2.62604610629956 -0.52282369909794 2.60624813540467 16.87200565307889 1.16779114139393 -0.54047482759324 
0 5 11 5 10 2 8  0.88205515020387 2.63324293826596 -0.52737059535719 2.62167654355604 -0.53889221784593 1.21264687971109 -2.09446452077463 
0 5 11 5 11 5 10  1.04692911521775 2.62654597990300 -0.52542438257460 2.61842694835333 -0.52404545433411 2.61985420519058 -0.53221180620968 
0 5 11 6 2 6 10  1.04006633011620 2.62695907395703 -0.52779298438735 2.63037300348153 0.92841890794658 4.07608608171840 -0.52035973430351 
0 5 11 6 4 0 8  0.92835186154227 2.63045391688188 -0.52780912856650 2.62696896194834 1.03871913410139 -0.52042152154171 4.07640246031831 
0 6 0 6 0 8 4  -0.32420103330461 3.34601872238718 -0.17296634528949 3.31454478722883 -0.20438792901172 -2.81722602884307 1.57074071470469 
0 6 0 6 2 9 4  -0.21921594667559 3.21384450340860 0.00009647809538 -3.21397150818251 0.21943991367884 -1.59392062085276 1.59387387780813 
0 6 0 6 2 10 6  0.20445481534651 2.96861745640684 0.17297709358796 2.93711227348560 0.32433664352237 4.71239805410746 2.81717727486139 
0 6 0 6 10 2 6  -0.20436364052299 3.31453126700773 -0.17294671973251 3.34606486362845 -0.32431496477138 1.57078247003306 -2.81735338113564 
0 6 0 6 10 3 8  0.21920373564186 3.06928270661864 -0.00000409654680 -3.06929460307597 -0.21917835475755 1.59384913557585 -1.59388103905749 
0 6 0 8 2 4 8  0.19098601994573 3.09818619130215 -0.04582841683359 -2.94303667307994 1.54889158857628 -3.12289906498189 -1.57928490380202 
0 6 0 8 2 8 4  -0.33175632179803 3.41356902999561 -0.29378305707930 -2.61801584182899 1.34095377262811 -2.36638428817976 1.37891586592128 
0 6 0 8 3 10 6  0.07234297656108 3.14158858214320 -0.07228917529499 3.36091440179652 1.54774065528234 -1.54768731652684 2.92221644044573 
0 6 0 8 4 2 8  0.20033003299706 3.09508411523307 -0.04333687260477 3.33222163794402 1.56300260781778 0.01696423330199 -1.59253256897213 
0 6 0 8 4 10 4  -0.52373753969098 3.43547486485273 -0.27204887523803 -2.80984257886766 1.76275236151300 -0.77523601712045 1.80065929489753 
0 6 2 6 0 8 6  0.36015748196401 2.78144148313950 0.83906607519817 -2.30336394293042 -0.36147904578632 3.50389506865440 2.29593479106220 
0 6 2 6 10 2 8  0.87721440992185 2.64023047406693 0.92193105263657 -2.20262587016341 -0.52647563506940 1.20575516750420 -2.09222128160201 
0 6 2 6 11 5 10  1.04180704566413 2.63501457832095 0.92666073424872 -2.21144330636248 -0.51184302398279 2.61733984031374 -0.53174170994842 
0 6 2 8 0 8 4  -0.15831609541451 3.13925172217977 0.17009671505660 -1.59303667412261 0.12521526780894 -3.03337319198166 1.57364412626111 
0 6 2 8 2 6 10  1.02796387945417 2.63990986243117 0.84873590928577 -2.04863837830606 1.09064848163823 -2.28539457326947 -0.51514576897375 
0 6 2 8 2 10 6  0.27198558157801 2.84779960239493 0.52344783397867 -1.80055660032500 0.77518296609726 4.52051482946939 2.80992279798433 
0 6 2 8 4 0 8  0.92186708133458 2.64025445318123 0.87717125104241 -2.09221653423615 1.20559950273861 -0.52650075670646 -2.20255814838046 
0 6 2 8 10 2 6  -0.04359921747794 3.09601812253550 0.19859098377121 -1.59277453867166 0.03297467633857 1.56231687238141 3.33257449350151 
0 6 2 9 2 6 10  0.94428453615943 2.70546940113303 0.52027977718827 -1.65140947301368 1.48731484783619 -2.61516891059025 -0.44591301322130 
0 6 2 9 3 9 4  -0.16535179859013 3.14165041149287 0.16517890249711 -1.58603630336137 1.57452388560500 -1.57454164646700 1.58609142226430 
0 6 2 10 2 6 10  0.85392242034952 2.77456480186103 0.37178379620820 -1.11535214258540 2.02533908507113 -2.76806824512284 -0.36993617824877 
0 6 2 10 4 10 6  0.29383783306284 2.86954657198960 0.33171656497231 4.90434469065408 2.36635925545942 -1.34101118560856 2.61793670236807 
0 6 2 10 6 2 8  0.52365686065088 2.76699084350008 0.43702854220670 4.75708890520189 2.57329851107901 0.61006406110945 -1.71975793708427 
0 6 2 10 6 10 4  -0.17011576005203 3.14384853838447 0.15830264035788 -1.57365024877735 3.03336436831743 -0.12488879489682 1.59302085322553 
0 6 2 10 8 2 6  -0.04575429863267 3.09813254415394 0.19108899666379 -1.57922515544878 -3.12268128690658 1.54894805234521 -2.94286386926242 
0 6 4 0 8 2 8  0.84852194502530 2.63979844033820 1.02894993344208 -0.51508964348759 -2.28539784848587 1.09078305120154 -2.04874559837933 
0 6 4 0 8 3 8  0.52011167153148 2.70562017554516 0.94408466504500 -0.44603305400626 -2.61514215681010 1.48726807964308 -1.65136599786353 
0 6 4 0 8 4 8  0.37172260107727 2.77461253525929 0.85687341151879 -0.36994289027668 -2.76808959606736 2.02523149884294 -1.11522636936827 
0 6 4 11 4 6 10  1.05911173088040 2.63210589492063 1.02944560055349 -0.53034208723627 2.61087383643305 -2.08874745057259 -0.52376445598332 
0 6 4 11 5 0 8  0.92670432476361 2.63503532379026 1.04152011906259 -0.53169982782542 2.61740014080473 -0.51173225141644 -2.21151511165268 
0 6 4 11 6 4 10  1.04633986452849 2.63201075895500 1.04440673381094 -0.53329346520692 2.62774733659523 1.04950263975345 -0.53763325305997 
0 6 8 1 6 8 2  -1.04516816658161 3.65097566671976 -1.04380424509837 0.53352120543962 3.65541444836494 -1.04757455602490 0.53768810888220 
0 6 8 1 8 6 2  -1.03815401955755 3.65102046101297 -1.04288299181600 0.53068031209585 -2.61096871718805 2.08935953992824 0.52362120906852 
0 6 8 2 0 7 2  -1.04460501929987 3.65111404807573 -1.04720887095287 0.53765961633893 -1.04911091209463 3.65533877409649 0.53343743921026 
0 6 10 2 4 10 6  0.04578424393580 3.18490985922947 -0.19090997621470 1.57922104553104 -3.16114480992401 -1.54891504843541 2.94276328767999 
0 6 10 2 6 2 8  0.17013104775766 3.13924392582739 -0.15828173190461 1.57360124235196 -3.03356847078734 0.12547229622678 -1.59308076669957 
0 6 10 2 6 10 4  -0.52353597373584 3.51615569120486 -0.43696265702666 1.52597719612530 -2.57323364683094 -0.61011339829329 1.71965604772511 
0 6 10 2 8 2 6  -0.29383507136736 3.41359047497443 -0.33174310479418 1.37895205378292 -2.36640128342307 1.34101652784329 -2.61784811153145 
0 6 10 2 10 6 2  -0.85335674536031 3.50855120522357 -0.37166567573977 1.11522332377805 -2.02517669063837 2.76803173287548 0.36990931103505 
0 6 10 3 9 3 8  0.16550865107936 3.14154412020309 -0.16542794241509 1.58612521640029 -1.57443967894844 1.57458598802221 -1.58611828350681 
0 6 10 3 10 6 2  -0.94429477274757 3.57765181954670 5.76303908175875 1.65141090163619 -1.48737413418448 2.61518724938172 0.44588420008466 
0 6 10 4 0 8 4  -0.43704264847837 3.51627964348998 -0.52359593289839 1.71983837921822 -0.61020862215582 -2.57328508522525 1.52604528232231 
0 6 10 4 2 10 6  0.04328605966684 3.18733239366896 -0.19842107571039 1.59263487988040 -0.01919749131960 -1.56234093769261 2.95082559271230 
0 6 10 4 10 2 6  -0.27193774316524 3.43532458900348 -0.52332075940539 1.80055884284319 -0.77518645101945 1.76266801533060 -2.80987373847818 
0 6 10 4 10 6 2  -1.02792292602168 3.64331489390440 -0.84883996532384 2.04881778448063 -1.09071892506570 -3.99780275148510 0.51508265607749 
0 6 10 6 1 7 2  -1.04257389466680 3.64822674403716 -0.92629462342909 2.21129552886726 0.51196418493976 3.66588979692379 0.53146168854163 
0 6 10 6 2 10 4  -0.87709282582279 3.64289906117846 -0.92176571913373 2.20233851475564 0.52648457146020 -1.20540340002722 2.09204655930370 
0 7 1 6 10 6 2  -1.04008843095767 3.65635326779673 0.52776796011962 3.65276389620571 -0.92801642023727 2.20698926784599 0.52045435444303 
0 7 1 7 1 7 2  -1.04605869262069 3.65658873567636 0.52534696538643 3.66478781493398 0.52408346774925 3.66344529752061 0.53201633815447 
0 7 1 7 2 10 4  -0.88167945473028 3.64982217265120 0.52729596982980 3.66136536600788 0.53895397011559 -1.21256847860922 2.09429346243864 
0 7 1 8 4 8 2  -1.05214594199107 3.65722679537810 0.52289951597237 -2.60630519587004 1.97748723528317 5.11545918733833 0.54051088989017 
0 7 2 0 8 6 2  -1.04116061511697 3.65532158981104 0.53350219775813 -1.05364937064039 3.66523067666625 2.09517885161256 0.52352286854316 
0 7 2 10 2 7 2  -1.04404407165926 3.65490379667844 0.53684530850801 5.11789833310980 1.97764614776336 -2.60745316735144 0.53007982755575 
0 7 2 10 4 10 4  -0.82778882419944 3.64202108215201 0.54672471644387 -1.26638382580876 2.16664069761537 -1.04714097704880 2.02208789328501 
0 8 2 4 9 3 8  0.11693455855221 3.26295650142414 1.55381885893766 3.14904076356521 -1.56264854419147 1.57129989013709 -1.58256076479550 
0 8 2 6 0 8 4  -0.56829152771667 -2.53141364727612 1.42185799367993 -2.61798582089965 -0.37467512086500 3.57869907935578 1.61549016364727 
0 8 2 6 2 10 6  -0.00224364282551 3.31140985748931 1.54859446897918 -3.01632063550063 0.10812712211816 -1.56792778445657 2.98324372939827 
0 8 2 6 8 2 8  0.21063516816341 3.35361059479358 1.40861636853359 3.82657068527295 -1.24990095495494 0.68702283496471 -1.73412817672251 
0 8 2 6 10 2 6  -0.37458848125186 -2.61807926836700 1.42180842152337 -2.53146335177041 -0.56830891835948 1.61549181128783 3.57857632615801 
0 8 2 8 2 8 4  -0.52352708341075 -2.41864226704837 1.25160996046864 -2.26734425496885 1.22012779757547 -2.29875568545015 1.37139377325968 
0 8 2 8 2 10 5  -0.50056196902316 -2.31358492307335 1.11921819577942 -2.09414715137398 0.97483906074035 -1.87516999756003 2.59489813681639 
0 8 2 8 4 10 4  -0.71538623589564 -2.42614602267504 1.31911768577426 -2.38821214833064 1.57066222637340 -0.75327913222014 1.82232489800588 
0 8 2 8 6 2 8  0.20822503800133 3.34904897385522 1.40749982026865 -2.45471445184546 1.88946003123599 0.68492065225293 -1.73298564278934 
0 8 2 10 4 8 4  -0.52076287804865 -2.25277887183448 1.04501790828939 -1.92443555294623 2.59572497433458 -1.96912288303309 1.15565506419081 
0 8 2 10 5 11 5  -0.50823969641244 -2.25982800240347 1.04730038869283 -1.92906584444753 2.60268631459471 -0.51989248215241 2.61429553348305 
0 8 2 10 6 2 6  -0.50137404728824 -2.26433284305311 1.04938798907781 -1.93604318919644 2.61513316181375 0.93896335702781 4.06338283097395 
0 8 3 8 10 3 8  0.11864934390246 3.25803366223968 1.56025484027786 -1.57727501126760 -0.00322156319483 1.58125344847354 -1.58413473061768 
0 8 3 9 2 4 8  0.11277647544487 3.26032088288260 1.55834020656353 -1.56659383781783 1.56172237097571 -3.13343339241574 4.70911830818308 
0 8 3 9 3 10 6  -0.00000233852542 3.30706098301906 1.55540198168871 4.71612881015593 1.56711217988541 -1.55548053953748 2.97611733379207 
0 8 3 10 8 3 8  0.11646959264842 3.26011554285372 1.55746421614389 -1.56041906099747 3.13871801815906 1.56441612334445 -1.58140890956866 
0 8 4 0 8 6 2  -1.10830168854792 -2.50843379544809 1.49867379454117 -0.45156608680044 3.55557031704768 2.15584692499732 0.52361876791664 
0 8 4 0 10 6 2  -1.00845119133321 3.74150652417355 1.57079268368047 -0.59992101027768 -2.13321548640973 2.77269561709307 0.36888429260292 
0 8 4 0 10 6 4  -0.41401831485777 3.59312455458625 1.64284601127246 -0.63317103201809 4.25012806818322 2.61794698124762 0.98575866935528 
0 8 4 2 9 3 8  0.11905825098017 3.25426204151092 1.56755622454515 0.00849668574082 -1.57973244136866 1.57498149299059 -1.58312913357654 
0 8 4 2 10 6 2  -1.08602152488868 3.81983864360889 1.41610433437724 0.03851771852380 4.78866245445975 2.61792522180492 0.44737698502260 
0 8 4 2 10 6 4  -0.44737737823203 3.66518816028030 1.49455401731971 -0.03855229014420 -1.41612917349203 2.46327321522917 1.08571198359746 
0 8 4 2 10 8 4  -0.59566233605234 3.73727082049832 1.46117898504021 0.06137919066007 -1.57086830876566 -3.20304738038767 1.68040289581660 
0 8 4 8 1 7 2  -1.05429501194190 -2.61479342949742 1.98190348386909 -1.16586709573696 0.53590070711706 3.66111866154323 0.53241123486898 
0 8 4 8 2 10 4  -0.88887481352322 -2.62082582194736 1.98623924648747 -1.17238499158071 0.54585997607126 -1.21708623931840 2.09663766963035 
0 8 4 10 2 8 4  -0.47891146251401 -8.94588958770080 1.65736555563876 -0.67257194346516 1.57076175820441 -2.46906423405269 1.48433594067346 
0 8 4 10 4 8 2  -1.06586469930497 3.67361948888526 1.90366683277469 -1.00377514763208 2.14013337565126 5.03737402137778 0.54543338303506 
0 8 4 10 4 10 4  -0.72291228358164 -2.61795936983410 1.77008127335885 -0.84281000561419 1.92150916223370 -0.87429381879397 1.88999615970599 
0 8 4 11 4 8 2  -1.14952249957028 3.74292071210278 1.57358122320971 -0.60702689981897 2.53735707330697 10.99219117674796 0.61108362479803 
0 8 6 1 6 8 2  -1.05572572083650 3.66523908805690 2.09861030592201 0.51649057952496 3.65820735320704 -1.05246899094468 0.53781541316433 
0 8 6 1 8 6 2  -1.04721983649947 3.66513789529484 2.09902883852070 0.51361789221866 -2.60813064976190 2.08803464362172 0.52362453291569 
0 8 6 2 10 6 2  -0.98625087435750 3.66521072448331 2.03297981955638 0.63325278442529 4.64028082852393 2.69005195385795 0.41401444266637 
0 8 6 2 10 6 4  -0.36886404943368 3.51054184430796 2.13319712701687 0.59979756160532 -1.57083523519598 2.54179337729031 1.00843145278900 
0 8 6 2 10 8 4  -0.52362082650859 3.58892587617642 2.05585764490977 0.67827385512167 -1.72539296138296 -3.10296015859386 1.64708999106119 
0 10 4 6 0 10 5  -0.51377945294980 -2.09073428037525 2.60388299055066 4.18986138949546 -0.50935428784003 -2.09603562449874 2.60818445739233 
0 10 4 6 11 4 6  -0.50957756270521 -2.09433471181283 2.60392163648544 -2.09195306937107 -0.51375839872271 2.60820567128449 4.18619786502386 
0 10 4 6 11 6 4  -0.52360519121413 -2.08518132942329 2.60403702331846 4.19226365726000 -0.51655651125755 2.62515027788035 1.04259635994437 
0 10 4 8 1 8 4  -0.60135637082329 -1.99173063970159 2.53047823380477 4.71570451435963 0.60428505839707 -2.53454084562167 1.56799101776244 
0 10 4 8 2 8 4  -0.53202698985212 -2.07567587385385 2.59612748588785 4.38729205754858 1.00147302227030 -2.13776734191832 1.23807251868861 
0 10 4 8 4 11 5  -0.51541578986838 -2.08948553828136 2.60097491663422 -1.97265323063245 1.16428725063067 -0.53504535708443 2.61841435702896 
0 10 4 10 6 10 4  -0.68493024851439 -1.89384020090424 2.45477516145759 -1.40733395015335 2.93207063651945 -0.20767126772145 1.73292166944248 
0 10 5 0 10 6 4  -0.52367857673839 -2.08655188413897 2.60819236078454 -0.51384725378292 4.18313080311611 2.61804494179741 1.04823024552275 
0 10 5 10 2 10 5  5.76997047174078 -2.09677989781733 2.61159973773030 -0.53426234642131 1.16380584749824 -1.97584671311306 2.60466685672796 
0 10 5 11 4 8 4  -0.52674837514853 4.19617801535131 2.60910215486893 -0.51940112726380 2.60559107100042 4.30748859585598 1.15995772580599 
0 10 5 11 5 11 5  -0.51503438472854 4.18799068285323 2.60951088231126 -0.52184456894704 2.61759877247944 -0.52308204920865 2.61623815218515 
0 10 5 11 6 2 6  -0.50668811850583 10.46569240965426 2.60994198015113 -0.52428383506663 2.62972207006195 0.93033469817882 4.06837322737375 
0 10 6 2 6 11 5  -0.51449867917461 -2.10190527549069 2.62119117007414 0.93468141583315 -2.21357312466336 -0.51115854517402 2.61369713221771 
0 10 6 2 8 2 6  -0.50169851934235 16.73593414124480 2.62639177888749 0.85618079575433 -2.05101874182900 1.09294526527237 3.99024481019055 
0 10 6 2 9 2 6  -0.43612775233454 10.36891046283854 2.69588609018721 0.52642445448074 -1.65425032608217 1.48995364745898 3.66188699917695 
0 10 6 2 10 2 6  -0.36686218735998 -2.28431450267852 2.77148798233980 0.37359174442859 11.45052326066857 2.02604154759656 3.51312434366728 
0 10 6 2 10 6 4  -0.52367281139461 -2.15549598556981 2.72759144381609 0.45157137132087 4.78446457777185 2.50842233858112 1.10861821891112 
0 10 6 2 10 8 4  -0.67829882816457 -2.05557697925135 2.69420418609629 0.52356457830370 4.63624616276943 3.10267212282932 1.72542677341451 
0 10 6 4 11 6 4  5.75982539090194 -2.09540838354651 2.61797699290994 1.05317270145980 -0.53351306474981 2.62782969377760 1.03947669847250 
1 6 8 1 6 10 6  0.51302689587476 3.65876052781852 -1.04989338151668 0.53390634841317 -2.63136723887266 -0.92867702562542 2.21086552086787 
1 6 8 1 7 1 7  0.52539585452788 3.65666163383827 -1.04723496388619 0.53204407642376 3.66347754393725 0.52406210382902 3.66478002284385 
1 6 8 1 8 4 8  0.53687568764386 3.65486930673974 -1.04510198991626 0.53001374424195 -2.60743019815067 1.97738521897451 5.11735418537184 
1 6 8 2 10 2 7  0.52287120171977 3.65714561916045 -1.05270066362348 0.54051812094993 5.11537587692551 1.97748785480869 -2.60631545180211 
1 6 10 2 4 10 6  0.44295052018520 3.58173717001005 -0.52083295099819 1.64851022662868 -3.24456474622270 -1.48332627228094 2.61458088681185 
1 6 10 4 2 10 6  0.44009048422094 3.58459601202455 -0.52698374857100 1.65831977583149 -0.10276312280251 -1.49303436895064 2.62080747037449 
1 6 10 4 8 1 7  0.52737021269904 3.64987852160301 -0.88181934017879 2.09436786902593 -1.21249056013748 0.53888456934037 3.66143520158653 
1 6 10 4 10 4 8  0.54671708208726 3.64211789864305 -0.82783330631751 2.02213150498675 -1.04727609732563 2.16679923309564 -1.26661537113972 
1 6 10 6 1 8 6  0.51713925676530 3.65460831602180 5.35244719018660 2.21299881513307 0.51031589751923 -2.60765692662717 2.09193935358522 
1 7 1 7 1 8 6  0.51514581883512 3.66695660405713 0.52323801097680 3.66552472446891 0.52192167160407 -2.60940153921111 2.09421300308727 
1 7 1 8 4 10 6  0.50824813574568 3.66893385335617 0.51984793487481 -2.60261992094284 1.92875463170133 -1.04716292174756 2.25993042276384 
1 7 2 10 2 6 8  0.53245030574451 3.66104350336119 0.53600475000777 -1.16646223769965 1.98167871895872 -2.61480440271461 -1.05378686564902 
1 7 2 10 2 8 6  0.51544013205903 9.94766153039940 0.53520045731327 5.11891223784332 1.97372191486071 -2.60106297133518 -4.19457706816971 
1 8 4 8 1 8 6  0.51309292768693 -2.60466838341781 1.97570744961693 11.40252315841739 0.53419965127230 -2.61155256244248 2.09673175719852 
1 8 4 10 4 10 6  0.50056993259581 -2.59486504394603 1.87505951639739 -0.97488625614665 2.09439561146866 -1.11944992377998 2.31354220431147 
1 8 6 2 10 2 7  0.51940639569960 -2.60911231755395 2.08711339194963 0.52687230426709 11.40639509553708 1.97559488241517 -2.60565798120401 
2 4 8 2 10 2 8  1.40738000021867 -2.94415454936344 4.55116068854646 0.68567312979685 -1.25676007929848 1.88562036927025 -2.45459024293715 
2 4 8 10 2 4 9  1.56092174487510 3.14823503904895 23.56193945782119 -0.00014498371050 1.57082577932463 3.13598441162829 -1.56099310133492 
2 4 8 10 2 6 10  1.68040517918427 -3.20210924519653 -1.57068561820216 0.06066831623052 1.46130350251879 3.73715201199261 -0.59571649570666 
2 4 8 10 3 8 10  1.57077460802184 3.14121260032667 10.99566695397707 -0.01812274445769 1.58074513855706 -1.58066039532184 0.00699680015194 
2 4 8 10 3 10 8  1.55670054874478 3.14949765213684 23.56186992923749 -0.00443925257249 1.57809456993509 -1.56379013895564 3.14373703985815 
2 4 8 10 4 2 9  1.56368786571343 3.14523830778870 10.99557219360550 -0.00894224374108 1.58487280291303 -0.00342090287563 -1.57779601870183 
2 4 9 2 4 10 8  1.55672345675236 3.14512777780196 -1.56116583667170 1.56110170290241 3.13807228306930 -1.55665855758606 3.14375837096306 
2 4 9 2 6 2 9  1.56443989024573 3.13864633231980 -1.56042926108798 1.55754240445000 3.26000273951178 0.11666404838982 -1.58142128170618 
2 4 9 3 9 3 9  1.56225677839986 -3.14174796114254 -1.56229669920798 1.56901721579314 4.71292545269165 1.57033963488126 -1.56902776007668 
2 4 9 3 10 6 10  1.57402534234657 3.13455979203889 -1.56181711480147 1.56650309787717 -1.55835348880192 3.02278948787109 18.73680166066346 
2 4 9 4 2 8 10  1.57069924859101 3.13902913291306 -1.56363357442578 1.57783392700997 0.00365336586548 -1.58496464135631 0.00833165765926 
2 4 9 4 2 10 8  1.55666138802686 3.14590059121190 -1.56385298741593 1.57785292389112 -0.00498321552551 23.56188910767920 3.15014111483501 
2 4 10 4 8 4 10  1.73215329299584 -3.34375488993638 -1.40744494271476 2.45458018744683 16.96416371504247 1.25549974060081 -0.68573861945803 
2 4 10 6 10 3 9  1.56274686190399 3.13639207334295 -1.55388519992587 3.02105741557336 -0.11720736123736 1.58253785947944 4.71163221326513 
2 4 10 8 3 8 10  1.57085188222331 3.13226873848482 -1.55659730996840 -3.14577888871694 1.56375889537291 -1.57788701901208 0.00446421645162 
2 4 10 8 3 10 8  1.55671777324070 3.14149121356905 -1.55670594854328 3.13850638285768 1.56100466039624 -1.56108118194421 3.14525071272671 
2 4 10 8 4 2 9  1.56386580010031 -3.14569564730964 -1.55669512780931 3.13229274220256 1.57084992074293 0.00400724948285 -1.57782220862616 
2 6 2 8 10 3 9  1.55906991355584 3.25845884357676 0.12060086507035 -1.58773706881006 0.00574507185623 1.57878266223919 4.71314435748566 
2 6 2 9 3 8 10  1.56759079791110 3.25438994994463 0.11891243624480 -1.58318913686276 1.57499832528554 -1.57973778194535 0.00780089415692 
2 6 2 9 3 10 8  1.55384207737845 3.26220130446011 0.11694365483104 -1.58254009526997 1.57154564702224 -1.56281882580856 3.14796896128936 
2 6 2 9 4 2 9  1.56021468051968 3.25830622821792 0.11854107396261 -1.58404207347813 1.58122950546735 -0.00340418136635 -1.57711838228071 
2 6 2 10 4 6 10  1.72086828484731 -3.07246038284568 0.06803914189468 -1.41888376304277 2.46134109073981 -1.90290064985715 -0.67725254206665 
2 6 2 10 6 4 10  1.72269937560674 3.20977143387020 0.06903563979730 4.86250887125897 2.46431489406417 1.23923251545876 -0.68025669654862 
2 6 2 10 8 3 9  1.55854284303443 3.26016748328569 0.11258987293720 4.70929001827988 -3.13344422765445 1.56185647384664 -1.56664337453420 
2 6 8 2 10 4 10  1.90345702133190 3.67371449889485 -1.06574818164363 0.54552053909901 5.03752958282341 2.14003373349741 -1.00371935790662 
2 6 8 2 10 5 10  1.57373070298714 3.74283503261237 -1.14997511321330 0.61112514101168 10.99218882704441 2.53735559954339 -0.60713604839124 
2 6 8 2 10 6 10  1.42074819569958 3.81890730410393 -1.24003287207374 0.68016625655429 -1.72260363292002 3.07343794411353 -0.06898694166947 
2 6 10 2 8 2 8  1.25166587416690 -2.41872264080214 -0.52370027915700 1.37152209557425 -2.29890450959353 1.22024631863579 -2.26744697874058 
2 6 10 2 8 4 10  1.65724890070054 -8.94587740973146 -0.47893097632303 1.48422729213222 -2.46902487102549 1.57076320912104 -0.67253390812324 
2 6 10 2 10 4 8  1.04490295251551 -2.25260000092873 -0.52082757691913 1.15543978647253 -1.96892874147586 2.59572822083916 -1.92442002272218 
2 6 10 4 8 2 10  1.98618158308084 -2.62072398753512 -0.88887792266183 2.09667444891923 -1.21706326569244 0.54591341733046 -1.17240036339613 
2 6 10 4 10 2 8  1.31916762105018 -2.42618198795854 -0.71545705284516 1.82244365342583 -0.75344890161764 1.57079841109502 -2.38816321568236 
2 6 10 4 10 4 10  1.76998316363178 -2.61791125534695 -0.72294495827654 1.88994950276037 -0.87421250621102 1.92142755998320 -0.84275705680656 
2 6 10 6 2 8 10  1.41719270123043 3.81520706528104 5.30507706308642 2.16250974983586 0.67549906956974 -1.72749337317792 0.19307780995743 
2 6 10 6 2 10 8  1.41415622064974 3.81709028042333 -0.97887591909930 2.16334440636805 0.67359794480169 -1.72447012012978 -2.95101742826460 
2 6 11 4 6 11 6  0.93055296836153 -2.21314831458929 -0.51020806536997 2.60758543847602 -2.09202348114420 -0.51711162071657 2.62864543829848 
2 6 11 4 8 2 8  1.11945068305853 -2.31377179046184 -0.50042904588211 2.59471841556877 -1.87483251690519 0.97475868408469 -2.09431756583024 
2 6 11 5 11 4 8  1.04719934735531 -2.25986705975842 -0.50842969098283 2.61434060987457 -0.51993172241605 2.60263874736723 -1.92886313788563 
2 6 11 6 2 8 10  1.49304036873655 3.66255487500933 -0.44027657524071 2.69873399342189 0.52692021362281 -1.65826839824595 0.10356443153842 
2 6 11 6 2 10 8  1.48329122323852 -2.61459845281089 -0.44295490860519 2.70152719801394 0.52077951165640 -1.64845931688564 3.24481979668148 
2 6 11 6 4 11 6  0.92860043871405 4.07191945645523 -0.51291873805695 2.62438685473077 1.04953694217202 -0.53398261195853 2.63130543519555 
2 7 2 10 4 6 10  1.56805542279692 -2.53456789158999 0.60424730279315 4.71580696104109 2.53043132876497 -1.99123165859734 -0.60132628356778 
2 7 2 10 6 4 10  1.57422228859921 -2.53732906492642 0.60713808649409 10.99269744991260 2.54029918698196 1.15084365643867 -0.61117912335000 
2 8 2 8 2 10 6  0.72281893712703 -1.88989891156949 0.87420982083100 -1.92141316343790 0.84277643304930 17.07951138989845 2.61800300851433 
2 8 2 8 4 11 6  0.82790577396745 -2.02209186131423 1.04717304638488 -2.16666615864899 1.26653413006493 -0.54672871633516 2.64116119849974 
2 8 2 10 2 8 4  0.19998531231865 -1.73415822694515 0.68697552593893 17.59359408386895 1.88591842385656 -2.45586117274456 1.40953415075782 
2 8 2 10 4 6 10  1.23818270482581 -2.13788511821704 1.00146864011432 4.38742082584732 2.59612638326512 -2.07574297196208 -0.53208245588040 
2 8 2 10 4 10 6  0.71556847074971 -1.82249323835694 0.75344629668381 10.99559506353233 2.38816176354952 -1.31915656691764 2.42612877860799 
2 8 2 10 6 4 10  1.24586567494372 -2.14006817797772 1.00375290408873 16.94607922928148 2.60952405289876 1.06563055039017 -0.54543904600320 
2 8 4 8 2 8 10  1.40951760001620 -2.45587993547040 1.88580265716563 17.59328954166040 0.68693830248162 -1.73415911745330 0.20148721810679 
2 8 4 10 2 10 6  0.88869047533419 -2.09654685688820 1.21699116106905 -0.54586823501929 1.17281274708587 16.86308995169350 2.62072731262005 
2 8 4 10 6 2 10  1.96862932533128 -2.59578478194454 1.92425020988902 -1.04498044818418 2.25265958903279 0.52061761122072 17.69400926460581 
2 8 4 11 5 11 6  0.88191834967322 -2.09448393731231 1.21258528586301 -0.53884633649799 2.62171554722949 -0.52734830443359 2.63331193744101 
2 8 6 2 10 4 10  1.89572036397869 -2.59609666851768 2.07511094720864 0.53206134659212 17.61115470555096 2.13785299245350 -1.00145023095385 
2 8 6 2 10 5 10  1.56738145886976 -2.53044611762429 1.99080464018243 0.60128975962110 10.99841341905851 2.53450353790015 -0.60425316884696 
2 8 6 2 10 6 10  1.41885078796227 -2.46137094136851 1.90084021317959 0.67727372753153 -1.72080381365306 3.07253439943095 -0.06813303792142 
2 8 10 3 8 10 4  0.00113627982753 -1.58494091638301 0.00198198909324 1.58050314178200 -1.58058399184661 -0.00440633909760 1.58491900488099 
2 8 10 3 10 8 4  0.00914071887829 -1.58492287001928 0.00391969489184 1.57782834613599 -1.56375982936542 3.13736528905582 1.57073930395742 
2 8 10 4 2 9 4  0.00302981898142 -1.58485408257584 -0.00094559719476 1.58490565078202 -0.00314978258523 -1.58049449925039 1.58057254263104 
2 9 3 9 3 9 4  -0.00011855510228 -1.57929896438248 1.57250724953776 4.71199857455215 1.57124426483693 -1.57248709481031 1.57928339018306 
2 9 3 10 6 10 4  -0.00613016031897 -1.57890166042951 1.57015483929113 -1.55903127827841 3.02454335865840 12.44593562768532 1.58754861089403 
2 9 4 2 10 8 4  0.00587414209556 -1.58071180165955 1.58054330953664 -0.00551665382469 10.99561408415725 3.14152008114176 1.57071353495061 
2 10 4 6 11 5 10  1.16327235258076 -1.97532790715987 2.60090631336089 -2.07462635512129 -0.51523305742423 2.61805151202797 -0.53513655837085 
2 10 4 8 2 10 6  0.47887280654288 4.79889487943964 2.46903390765647 -1.57073175781619 0.67255956504397 -1.65732093685842 2.66259404503511 
2 10 4 8 10 4 10  1.25702318053081 4.39708476795400 2.45589871119203 -1.40950045440568 -0.20170665631745 1.73408884342596 -0.68694406602804 
2 10 4 10 4 10 6  0.52346492740895 17.47803482876117 2.29877333171978 -1.22003920892329 2.26734594772413 -1.25166493622829 2.41883200434550 
2 10 4 10 8 4 10  1.25540572791895 16.96513621324095 2.45458748156437 -1.40743020224718 -3.34129564330965 1.73208845580302 -0.68579215872704 
2 10 5 11 4 6 10  1.16007731969223 4.30782372048368 2.60566271490828 -0.51938076728374 2.60898383943727 4.19655691073590 -0.52678321594400 
2 10 5 11 6 4 10  1.16779114139377 16.87200565308004 2.60624813540425 -0.52282369909787 2.62604610630042 1.05248405630471 -0.54047482759333 
2 10 6 2 10 8 4  -0.06115413400684 4.82198028343536 2.54586572218326 0.59565766696772 -1.68036151068948 3.20294966490702 1.57074355021861 
2 10 6 4 11 5 10  1.16620502759153 10.58446850790375 2.61477714071311 1.05479896884967 -0.53247498490507 2.62215854050339 -0.53602479617146 
2 10 6 10 3 9 4  -0.00768330376763 4.71559383815308 3.02886374206788 -0.11893854903266 1.58321363746680 -1.57503083646114 1.57975802135054 
2 10 8 3 8 10 4  -0.00834074677548 10.99556332737804 3.14705049293326 1.56372587891198 -1.57784931234586 -0.00560509547574 1.58491005680669 
3 8 10 3 9 3 9  1.57259619013948 -1.57931508365297 -0.00018253627080 1.57922200544566 4.71066688680197 1.57117410113822 -1.57124085272669 
3 8 10 3 10 6 10  1.58413024571605 -1.58122493134094 0.00718769340095 1.57716135132789 -1.56026359141553 3.02497871709855 18.73073292709559 
3 9 3 9 3 10 8  1.56225831001627 4.71415856150803 1.57033807993471 -1.57025528338738 1.56909286533129 -1.56232142717765 -3.14165458989062 
3 10 6 10 3 10 8  1.56039018123183 -1.55748201904563 3.02314060978979 12.44941771430144 1.58147455930627 -1.56436602400916 3.14363624372411 
4 6 11 4 8 4 11  2.61159158261505 -2.09673315517377 5.76992067591229 2.60468467048841 -1.97593317104296 1.16399710446334 -0.53422399282699 
4 6 11 5 11 5 11  2.60948151277826 4.18919372179710 -0.51509870908612 2.61620290403706 -0.52311614150952 2.61754773069300 -0.52183664351758 
4 8 4 11 6 4 11  2.60735639996588 16.87186422274353 1.16576433083954 -0.53692818481579 2.62842452490075 1.04521205514264 -0.53003336139223 
4 11 5 11 5 11 6  1.04700071656910 -0.53222934079621 2.61986890140979 -0.52404758035699 2.61833760128034 -0.52526825698335 2.62641851938222 
